2.059862 0.079416 0.069996 0.123528 0.101977 0.093333 0.196033 0.112193 
1.850368 1.876456 0.074528 0.086469 0.166484 0.168729 0.193603 0.206521 
0.942559 3.685071 0.135092 0.116244 0.155689 0.110648 0.222072 0.171798 
0.079752 4.050130 0.115091 0.068186 0.229672 0.221288 0.378170 0.236829 
1.844568 0.073414 2.775039 0.154717 0.112007 0.106484 0.123778 0.129550 
1.178418 2.373380 3.589408 0.098896 0.101184 0.095265 0.102065 0.137340 
0.072489 3.742922 2.414641 0.099036 0.152586 0.151668 0.261699 0.184776 
0.928275 0.095092 5.473294 0.079965 0.129187 0.134197 0.142277 0.180441 
0.120976 1.818461 5.412106 0.073568 0.149234 0.172573 0.101580 0.237846 
0.085579 0.076994 6.075792 0.094075 0.136499 0.140833 0.252984 0.173200 
1.842482 0.099433 0.088850 3.771049 0.184055 0.197018 0.311537 0.247266 
1.208222 2.410136 0.111234 4.726621 0.119021 0.210192 0.237710 0.145822 
0.182419 3.595814 0.067878 3.664262 0.063157 0.149117 0.196446 0.259199 
1.172082 0.092546 3.616371 4.648106 0.069707 0.220694 0.104410 0.067008 
0.152085 2.344429 3.608419 4.567941 0.058522 0.179315 0.093161 0.112806 
0.063894 0.154725 5.345719 3.838067 0.210631 0.194085 0.147560 0.066391 
0.958427 0.088784 0.071606 7.226963 0.159822 0.070565 0.086822 0.133172 
0.122859 1.870393 0.052921 7.159728 0.060494 0.107081 0.061970 0.138460 
0.062892 0.058939 2.886969 7.111301 0.209871 0.246454 0.162568 0.191876 
0.078353 0.063165 0.061239 8.058814 0.166627 0.168428 0.281039 0.206540 
1.856215 0.083607 0.158001 0.158644 4.467352 0.157788 0.067766 0.150399 
1.168057 2.387519 0.088657 0.079319 6.034553 0.148275 0.395478 0.207452 
0.154135 3.674362 0.159928 0.138027 4.416515 0.194123 0.541852 0.546353 
1.183610 0.159152 3.692351 0.144998 5.655734 0.158098 0.179729 0.254989 
0.145731 2.394661 3.458346 0.103012 5.815876 0.186427 0.142042 0.080459 
0.146086 0.235412 5.452367 0.049004 4.301337 0.072241 0.292993 0.058758 
1.183673 0.079762 0.174484 4.747735 5.836886 0.102526 0.131934 0.072844 
0.140079 2.387470 0.077922 4.666294 5.676727 0.304400 0.051288 0.297193 
0.147371 0.074152 3.538568 4.622663 5.838031 0.207779 0.146322 0.147434 
0.045847 0.327091 0.038282 7.251312 4.280910 0.143756 0.131429 0.265371 
0.920243 0.080257 0.110506 0.129833 9.055626 0.072543 0.146778 0.074053 
0.112733 1.879775 0.048586 0.083292 8.909429 0.106895 0.041081 0.315759 
0.067642 0.056092 2.873085 0.091246 8.874837 0.371456 0.277720 0.501436 
0.070545 0.184215 0.059245 3.404986 9.122416 0.065004 0.073923 0.229330 
0.061436 0.059440 0.059186 0.077337 10.057321 0.203459 0.165170 0.255942 
1.875198 0.079022 0.090173 0.141494 0.094529 5.335388 0.162321 0.098719 
1.230474 2.471195 0.155685 0.181655 0.080709 6.661404 0.103832 0.122817 
0.171357 3.612887 0.068700 0.110828 0.116397 5.284653 0.061905 0.072381 
1.200178 0.078967 3.673998 0.136133 0.079952 6.607706 0.169202 0.151838 
0.148507 2.453669 3.545702 0.152257 0.089827 6.602108 0.158458 0.256233 
0.061621 0.070299 5.467121 0.125324 0.255468 5.191183 0.531767 0.508917 
1.229466 0.065646 0.118037 4.831683 0.085105 6.603624 0.122013 0.155518 
0.130955 2.366008 0.063402 4.668230 0.157885 6.871203 0.067777 0.039669 
0.106224 0.157492 3.565370 4.709953 0.136733 6.713687 0.037544 0.187091 
0.093228 0.072057 0.071624 7.290612 0.270406 5.224873 0.403281 0.186139 
1.208334 0.078328 0.187697 0.123462 6.138824 6.662234 0.256957 0.238536 
0.145289 2.447891 0.069042 0.151816 5.839348 6.649397 0.222672 0.087016 
0.113972 0.191088 3.672284 0.159329 5.939933 6.469069 0.073357 0.067496 
0.058781 0.242332 0.071812 4.719956 5.990131 6.666314 0.080880 0.175808 
0.049360 0.059762 0.048949 0.049231 9.124340 5.074552 0.441613 0.246673 
0.942270 0.069311 0.099990 0.133107 0.080367 10.854000 0.221012 0.233740 
0.126905 1.952382 0.053964 0.058546 0.090897 10.593978 0.106661 0.226587 
0.049319 0.067290 3.052209 0.081713 0.120711 10.435599 0.057266 0.171767 
0.037485 0.184770 0.049300 3.700490 0.072374 10.684511 0.048514 0.118596 
0.054740 0.082669 0.053979 0.054817 4.806404 10.611060 0.112364 0.059998 
0.057233 0.085729 0.057230 0.115740 0.125923 12.055018 0.063218 0.114914 
1.891428 0.102816 0.126714 0.222564 0.275395 0.238933 6.343968 0.280720 
1.204427 2.457710 0.088830 0.109484 0.055843 0.050065 7.690786 0.121060 
0.183888 3.664866 0.055467 0.109625 0.040463 0.179034 5.853052 0.326537 
1.218438 0.083197 3.719803 0.163876 0.173441 0.077362 7.576385 0.197306 
0.136063 2.402018 3.565511 0.052424 0.089389 0.119014 7.770503 0.256977 
0.068345 0.161071 5.591077 0.091728 0.146262 0.178480 5.452242 0.220439 
1.214236 0.071477 0.120235 4.847086 0.056730 0.064036 7.793036 0.097338 
0.136608 2.449569 0.158476 4.745553 0.194769 0.057480 7.561505 0.273010 
0.142148 0.056958 3.663948 4.753650 0.128944 0.094860 7.554833 0.183086 
0.066220 0.064905 0.144221 7.383437 0.277209 0.268389 5.696053 0.194516 
1.220222 0.057122 0.139067 0.064902 5.938369 0.099026 7.842592 0.183189 
0.097459 2.511365 0.164351 0.118125 6.018254 0.137935 7.523619 0.269535 
0.138728 0.051218 3.796266 0.100749 5.849489 0.295712 7.279386 0.292498 
0.161357 0.077024 0.088438 4.908221 6.049310 0.175109 7.427077 0.542764 
0.111293 0.116535 0.118734 0.122199 9.282170 0.182331 5.668878 0.681047 
1.251171 0.080548 0.131903 0.115488 0.084462 7.038289 7.939601 0.109252 
0.076440 2.437477 0.140708 0.176904 0.121317 7.058879 7.853273 0.170972 
0.113835 0.213160 3.745666 0.147737 0.130421 6.811399 7.752251 0.101566 
0.060998 0.073525 0.057588 4.945775 0.202307 6.792213 7.858000 0.270059 
0.068163 0.236771 0.046323 0.057792 6.135871 7.004559 7.589976 0.238061 
0.098829 0.112009 0.098352 0.124431 0.149128 10.828093 6.343782 0.703054 
0.996174 0.064417 0.075560 0.118634 0.071252 0.084091 12.446225 0.231745 
0.116413 1.961546 0.087612 0.084948 0.130782 0.105446 12.302295 0.233174 
0.129657 0.081303 2.945141 0.095278 0.118126 0.052622 12.293210 0.185620 
0.058138 0.055452 0.198637 3.942446 0.134228 0.072642 12.282003 0.222854 
0.055557 0.070019 0.064222 0.054090 4.836120 0.202544 12.347389 0.156329 
0.065293 0.094757 0.074484 0.068378 0.074653 5.690084 12.428980 0.071858 
0.056303 0.055978 0.060287 0.067464 0.056008 0.057035 14.055914 0.067102 
1.883863 0.088060 0.079718 0.108415 0.102047 0.098568 0.178858 6.867935 
1.210352 2.449589 0.064748 0.048914 0.155329 0.053951 0.182030 8.841723 
0.066654 3.629193 0.117300 0.129604 0.218512 0.065143 0.358247 7.300700 
1.224164 0.091893 3.694537 0.116418 0.070398 0.071164 0.167804 8.765302 
0.080323 2.425582 3.682858 0.075276 0.182820 0.200969 0.338764 8.636759 
0.097208 0.057043 5.452748 0.088848 0.198198 0.233347 0.313362 7.023745 
1.247193 0.091453 0.104501 4.929631 0.121220 0.203326 0.146650 8.664171 
0.124044 2.447117 0.098931 4.936951 0.140506 0.338092 0.119587 8.624196 
0.133966 0.045300 3.687282 4.775585 0.156148 0.221478 0.087888 8.453418 
0.068041 0.056731 0.056548 7.273897 0.161636 0.201448 0.259015 6.948782 
1.189438 0.140041 0.158150 0.142882 6.366146 0.087837 0.359710 8.729876 
0.149330 2.469880 0.086130 0.231558 6.055742 0.064163 0.392361 8.393429 
0.054476 0.086876 3.816758 0.130776 5.769832 0.137924 0.148413 8.511487 
0.044311 0.231607 0.055575 4.794739 6.041498 0.113312 0.147864 8.546841 
0.117549 0.133011 0.104317 0.104669 9.231483 0.200075 0.113200 6.623899 
1.249475 0.065517 0.086081 0.055410 0.074863 6.926110 0.076655 9.034546 
0.099176 2.440935 0.079380 0.156522 0.143695 6.934020 0.241802 9.073701 
0.113462 0.185802 3.732348 0.055518 0.065965 6.896266 0.150669 8.713500 
0.111904 0.064361 0.166809 4.901893 0.322045 6.911318 0.176224 8.915140 
0.083543 0.079390 0.079368 0.268392 6.050639 6.841895 0.281215 9.201933 
0.096417 0.083988 0.083490 0.084017 0.333812 10.981865 0.142698 6.765142 
1.274878 0.053302 0.100063 0.056040 0.070701 0.105017 7.905605 8.927215 
0.142785 2.485672 0.048699 0.064076 0.131360 0.051457 7.980688 8.877929 
0.070155 0.053461 3.783950 0.058615 0.136525 0.191053 7.739825 8.983433 
0.048530 0.077687 0.048911 4.905291 0.072570 0.145367 7.870983 9.081698 
0.060937 0.072484 0.055843 0.055360 6.207845 0.260292 7.763068 9.077884 
0.089414 0.057525 0.057411 0.078297 0.056938 7.003474 8.320030 9.053825 
0.117506 0.127057 0.108475 0.109309 0.107598 0.107856 12.836031 6.769173 
0.979554 0.067201 0.060328 0.067879 0.103248 0.070101 0.152011 14.244883 
0.114731 1.962115 0.039646 0.054864 0.063028 0.093941 0.086824 14.052240 
0.056531 0.068164 2.968987 0.204247 0.116011 0.084689 0.122633 14.037971 
0.059082 0.201259 0.053313 3.864206 0.138751 0.051293 0.219590 14.098558 
0.070049 0.089352 0.082667 0.073191 4.839187 0.110211 0.227938 14.130202 
0.061449 0.066888 0.061902 0.062264 0.061670 5.531026 0.304262 14.299567 
0.090812 0.106965 0.095886 0.091020 0.089982 0.092143 6.479726 14.325946 
0.058682 0.049301 0.050789 0.089859 0.050593 0.102724 0.049122 16.048548 
2.013776 0.492038 0.749608 0.576186 1.220526 1.408456 1.595102 1.569782 
1.413591 2.840502 0.942084 1.134226 1.485798 1.635776 1.739866 2.012793 
0.274509 3.881054 0.704261 0.953837 1.056110 1.238618 1.358072 1.637763 
1.408501 0.592831 4.177362 1.184026 1.586398 1.633835 1.756208 2.008020 
0.309004 2.792408 4.166169 1.140413 1.396673 1.542871 1.791531 2.005269 
0.265639 0.492127 5.849566 0.942816 1.114029 1.198676 1.416482 1.549207 
1.403363 0.588643 0.932103 5.703827 1.605433 1.676567 1.796837 2.016541 
0.352319 2.802743 0.845540 5.488055 1.373400 1.600847 1.792654 2.037689 
0.319781 0.592758 4.208515 5.374603 1.361439 1.546535 1.784480 2.026385 
0.268425 0.540350 0.697953 7.806629 1.098616 1.400763 1.287493 1.569762 
1.383075 0.615948 0.927221 1.043728 7.001861 1.557044 1.716521 2.081753 
0.320565 2.817149 0.906728 1.094878 6.795829 1.685884 1.722324 2.178574 
0.300919 0.632379 4.271452 1.060956 6.810647 1.685346 1.761206 2.060951 
0.335866 0.613953 0.900848 5.441376 6.879914 1.645767 1.711086 1.909580 
0.262742 0.508664 0.689753 0.937667 9.825609 1.219670 1.257784 1.628449 
1.448748 0.617750 0.927617 1.217877 1.418876 8.114806 1.883709 2.275867 
0.330641 2.827544 0.869359 1.119991 1.289453 7.948261 1.880978 2.139483 
0.326255 0.590373 4.303628 1.085602 1.485814 7.830956 1.764099 1.974198 
0.324550 0.608180 0.930672 5.628914 1.290810 7.897530 1.848555 2.097667 
0.337022 0.637885 0.899160 1.173366 7.023683 7.694599 1.816248 2.113903 
0.269093 0.473032 0.660300 0.874720 1.307427 11.590734 1.681772 1.649227 
1.431272 0.648307 1.036870 1.152479 1.532814 1.650746 9.187629 2.047278 
0.329374 2.859382 0.915985 1.116978 1.419104 1.595945 9.125477 2.124087 
0.345765 0.591546 4.419999 1.160212 1.341761 1.517063 9.156040 1.915595 
0.339633 0.588749 0.917055 5.631512 1.488263 1.635930 9.035699 2.123097 
0.342418 0.631653 0.956089 1.111341 7.158073 1.649700 9.014569 2.159679 
0.330635 0.650311 0.934436 1.039102 1.769657 8.223171 9.499565 2.304578 
0.287460 0.542370 0.833301 0.885216 1.426700 1.566276 13.480751 1.488231 
1.438999 0.567959 0.916499 1.164969 1.399082 1.630057 1.922786 10.680676 
0.331821 2.932096 0.957342 1.159174 1.412056 1.563660 1.689410 10.289059 
0.310811 0.653387 4.362500 1.159127 1.497266 1.579996 1.881778 10.182191 
0.348176 0.604433 0.969306 5.696363 1.552238 1.599507 1.860786 10.183200 
0.321076 0.618481 0.909420 1.087840 7.296587 1.569945 1.767353 10.040652 
0.311160 0.658111 0.889287 1.277854 1.583003 8.245381 2.030315 10.562093 
0.343434 0.580108 1.030706 1.231539 1.618597 1.757722 9.676512 10.786265 
0.287355 0.530842 0.693437 0.868735 1.356269 1.411736 1.720655 15.375762 
