2.089605 0.093343 0.178008 0.402459 0.337248 0.126621 0.144662 0.393832 0.159329 0.327115 
1.897471 1.760480 0.158734 0.351016 0.329016 0.118608 0.136430 0.385600 0.151098 0.325773 
0.821862 3.771637 0.176209 0.659876 0.123758 0.097593 0.098295 0.405427 0.211840 0.181365 
0.301508 4.047649 0.164645 0.180715 0.127463 0.341324 0.308985 0.078676 0.268092 0.333993 
1.868396 0.515797 2.600436 0.779991 0.116882 0.730099 0.152169 0.397756 1.138720 0.188373 
0.242670 3.521256 3.004044 0.105527 0.109284 0.680081 0.083798 0.077483 0.228242 0.129262 
0.158117 1.648541 5.600086 0.130364 0.322865 0.091964 0.277517 0.098143 0.217923 0.142683 
0.129663 0.886863 5.942209 0.317729 0.344548 0.093854 0.088717 0.143919 0.226736 0.807773 
1.471913 2.632558 0.113959 2.584113 0.121412 0.690206 0.215987 0.110840 0.240373 0.141393 
0.256426 3.403477 0.161798 4.394180 0.260321 0.146726 0.155526 0.318856 0.214255 0.477296 
0.091954 0.382232 5.050594 4.491843 0.269529 0.155934 0.164734 0.328065 0.215415 0.486504 
0.429095 1.779221 0.137649 7.195257 0.105344 0.389875 0.117862 1.119482 0.228540 0.196129 
1.808472 0.415460 0.073663 0.985337 4.400335 0.208081 1.967130 0.672167 2.114279 0.324364 
1.169481 2.147006 0.510754 0.234796 6.977818 0.145268 0.166536 0.468479 1.009075 0.375119 
0.340432 3.531985 0.082986 0.907427 4.393722 0.222120 1.978556 0.369882 2.853211 0.339298 
0.212238 2.795216 3.061953 0.559013 5.411892 0.420725 0.906874 0.387727 1.178744 0.325124 
0.102127 0.532632 5.567191 0.205710 3.885118 0.229746 0.131665 0.220934 1.382557 0.086181 
1.045912 0.152849 0.121808 5.020643 6.263284 0.113890 0.357583 0.261837 0.943634 0.118388 
0.235608 1.835557 0.323392 5.343975 6.199167 0.136420 0.379758 0.247537 0.885663 1.261744 
0.195794 0.092117 3.567646 4.047220 6.449242 0.213212 0.363026 0.408647 1.324634 0.182094 
0.248462 0.209102 0.126359 6.359838 6.209669 0.115012 0.220590 0.265671 0.195689 0.337816 
1.152177 0.279716 0.360571 0.207644 8.448443 0.113741 0.221815 1.987428 0.236261 0.216690 
0.204625 0.104085 2.780422 0.183485 8.718531 0.808481 0.213685 3.448856 0.232316 0.432029 
1.880552 0.267581 0.172533 1.053227 0.361626 5.306211 0.247999 0.143494 2.027428 0.177101 
1.040827 0.189480 2.892647 0.801505 0.121286 8.957830 0.243469 0.615007 2.022975 0.146811 
0.298029 3.013397 3.443040 0.683913 0.191514 4.190825 1.586963 0.694623 0.190834 0.106931 
1.031382 0.300053 0.340310 3.330578 0.593582 9.206900 1.765321 0.378056 1.143243 0.172371 
0.262534 2.874926 0.072784 4.988721 0.155334 4.159196 0.349782 0.293348 0.968041 0.178484 
0.103005 0.504193 0.130225 7.452468 0.354679 4.454252 0.298316 0.372997 0.176003 1.775173 
1.096212 0.191962 0.342164 0.174617 4.003508 9.173345 0.353299 0.110061 1.300390 0.229844 
0.327008 2.389649 0.107660 0.095187 7.427640 4.235098 0.139183 0.236408 0.172460 0.097732 
0.076066 0.272668 3.109672 0.199609 4.048002 9.164120 0.344075 0.100837 1.291166 0.220619 
1.381271 0.216085 0.434123 0.119203 0.336160 9.328579 1.123704 0.359036 0.495965 0.214819 
0.083301 0.354293 3.928382 0.362538 0.169948 9.153826 0.346419 0.103181 1.293510 0.222964 
0.087777 0.111788 0.077859 0.590404 0.785674 11.899200 0.179570 2.153611 1.099213 0.123581 
1.728597 0.210201 0.571981 0.127763 0.310172 0.258230 7.799487 0.690488 0.870666 0.415230 
1.278309 2.395973 0.673512 0.121277 0.181361 0.090182 7.759778 0.190772 0.718974 0.808693 
0.331934 3.383673 0.204106 0.423059 0.119008 0.124210 7.806982 0.211650 0.185343 0.467799 
1.213840 0.202157 3.403895 0.585737 0.130910 0.256857 8.847565 0.152511 0.171144 0.152111 
0.284391 0.434096 5.280374 0.126881 0.383319 0.116683 6.977899 0.905432 0.261160 0.835088 
1.338825 0.181453 0.425682 4.392742 0.313519 0.261557 7.805732 0.710406 0.675458 0.418487 
0.246835 2.723839 1.021666 3.594442 0.253997 0.131098 8.340938 0.350001 0.245400 0.510135 
0.095856 0.278348 3.466177 4.402519 0.315099 0.084420 6.878218 0.203853 0.202880 7.870069 
0.106192 0.074424 0.878630 6.827356 0.098322 0.072927 7.290033 0.393637 0.861404 0.280816 
1.312853 0.171152 0.365344 0.325652 5.570797 0.111751 7.891202 0.234955 0.173256 0.442552 
0.266871 2.545565 0.375693 0.335807 5.606722 0.120855 7.814647 0.243885 0.182186 0.453042 
0.238159 0.363538 2.911184 0.299834 6.969259 0.253524 7.785225 0.206832 0.226250 0.810626 
0.923343 0.168440 0.333119 2.858120 0.278992 7.830453 7.594607 1.530208 1.155806 0.202617 
0.197986 2.459550 0.122343 0.109156 0.274522 7.959654 6.454012 0.587237 0.691767 0.683324 
0.116679 0.260264 3.340683 0.789005 0.111796 7.751084 7.576080 0.133240 1.325862 0.323200 
0.119929 0.803209 0.097124 4.585238 0.840711 7.996170 6.459826 0.597999 0.634426 0.688492 
0.461413 0.187297 1.087015 0.262745 5.421941 7.553230 7.489667 0.226463 1.500986 0.372875 
0.934663 0.119393 0.200970 0.236486 0.107668 0.139778 12.764025 0.707866 0.193276 0.098140 
0.084187 0.077497 0.279006 3.428976 0.088920 0.557021 12.728485 0.238439 1.330498 0.084405 
0.120636 0.082647 0.089502 2.214362 0.085473 3.814643 12.803155 0.239461 1.335839 0.085430 
0.081894 0.099974 0.228274 0.092263 0.087913 0.081883 14.072548 0.446326 0.223107 0.139248 
1.195873 2.686473 0.099121 0.315917 0.101495 0.307770 0.141238 8.458924 0.896104 0.512972 
0.295619 3.622569 0.173866 0.283243 0.301357 0.140337 0.116570 7.134403 0.216266 0.176169 
0.201817 2.203699 3.835646 0.106328 0.505061 0.151349 1.272325 9.015432 1.120039 1.239753 
1.356439 0.195564 0.443822 4.521263 0.189091 0.114829 0.240967 8.717692 0.722670 0.397220 
0.125271 0.108473 1.154463 6.695990 0.137637 1.012319 0.203210 8.437268 0.865207 1.262453 
1.389155 0.207449 0.454428 0.111255 5.446835 0.113699 0.330172 8.719790 0.724767 0.399177 
0.229015 2.725499 0.083421 0.937545 5.250579 0.236936 0.191792 8.397658 0.873003 0.078093 
0.107187 0.093021 0.924812 5.342954 5.230151 1.004285 0.192271 8.398137 0.873482 0.078573 
0.099491 0.109307 0.091586 0.093104 8.888096 0.302967 0.139915 7.661474 0.891984 0.202300 
0.893020 0.562943 0.423329 0.191287 3.125285 7.263133 0.182165 9.665460 0.215202 0.361590 
0.148722 1.001679 0.271672 3.951055 0.567195 7.164447 0.191516 9.675092 0.120509 0.370938 
0.139175 0.114982 0.104749 0.601619 5.330766 7.269010 0.189899 9.673242 0.211085 0.369323 
0.238855 0.073630 0.084242 0.136764 0.074235 9.786712 1.638081 9.137483 1.280966 0.114929 
0.231431 2.557121 0.108164 0.360814 0.646932 0.096591 7.414754 9.182452 2.114141 0.164343 
0.132646 0.612503 4.017747 0.406407 0.292391 0.134130 5.594556 10.293843 0.253076 0.169218 
0.101803 0.149748 0.489982 5.399571 0.281425 0.122781 5.596412 10.246214 0.237014 0.157814 
0.121237 0.110199 0.492890 0.125237 7.228875 0.140567 6.664225 8.340684 1.336422 0.215599 
0.643989 0.126754 0.237363 0.088100 0.111631 0.088600 11.179506 8.704617 0.709600 0.385030 
1.206319 0.668299 0.208890 0.206967 0.131797 0.125851 0.173440 13.134761 0.877074 1.274320 
0.236371 2.325016 0.176703 0.187503 0.212761 0.226061 0.443800 13.344900 0.501025 0.521991 
0.252387 0.959629 0.097584 3.927951 0.098877 0.619725 0.086003 13.541065 0.199675 0.178446 
0.127301 0.167963 0.085569 0.549287 0.084363 7.848610 0.182853 12.182829 1.294224 0.122896 
0.091710 0.098870 0.426127 0.110564 0.133559 0.093233 7.771263 13.419887 0.202061 0.375250 
0.118643 0.111947 0.089527 0.480230 0.498042 0.191872 0.085307 16.013027 0.952489 0.318533 
1.774117 0.326893 0.345422 0.390505 0.152543 0.222463 0.161256 0.392290 10.277494 0.230393 
1.202016 2.474619 0.198137 0.375876 0.318731 0.274034 0.112763 0.608116 10.519165 0.524736 
1.383348 0.211017 3.924961 0.654850 0.127745 0.273291 0.121028 0.138416 7.700084 0.377760 
0.227425 1.945755 3.804054 0.455498 1.468397 0.095623 0.117063 0.710044 11.083852 0.349443 
0.212436 1.995875 0.595339 6.277294 0.122274 0.243531 0.154629 0.390645 7.656963 0.332173 
0.197506 0.106264 3.997947 5.081099 0.357534 0.169259 0.481375 0.374415 7.697803 0.190465 
0.105323 0.080265 0.984967 7.220145 0.107074 0.162468 0.097816 0.369957 7.698629 0.287196 
1.241066 0.186006 1.481788 0.894619 5.006221 0.323323 0.334769 0.395424 10.681352 0.422675 
0.332039 2.630886 0.428732 0.581903 5.144106 0.133596 0.123181 0.256000 10.416735 0.457543 
0.243418 0.094346 0.277735 5.131551 5.009648 0.327507 0.338948 0.399576 10.694712 0.426973 
0.100889 0.096641 0.721089 0.157134 9.122915 0.199304 0.132855 0.385959 7.600269 0.193926 
0.976492 0.132558 0.109119 0.556114 0.205114 6.262357 0.171249 0.508313 13.146349 0.094274 
0.175455 1.907306 0.117371 0.201504 0.214773 6.226369 0.125683 0.516798 13.150756 0.593859 
0.102220 0.323447 2.904375 0.123138 0.203448 9.263953 0.226669 0.379337 7.973876 0.148803 
0.079408 0.121636 0.685281 4.758728 0.271540 8.242218 0.334311 0.537339 7.762693 0.445437 
0.141792 0.757592 0.248976 0.191603 5.982603 8.194716 0.240643 0.230811 7.619844 0.400800 
0.181120 2.279749 0.249679 0.416017 0.254978 3.718861 6.506646 0.249130 11.216250 0.190660 
0.179997 0.262158 3.158828 0.226162 1.011064 0.124343 8.445661 0.356983 11.096958 0.452263 
0.084248 0.162663 0.086825 1.372431 5.149671 0.992205 8.084595 0.264891 11.228401 0.203064 
0.098956 0.202114 0.107036 2.086327 2.314462 5.146191 8.097864 0.279739 11.241236 0.450415 
0.074073 0.077317 0.120619 0.433565 0.088833 0.702945 12.685248 0.533978 7.758283 0.575496 
1.325076 0.361832 0.159971 0.151494 1.168405 0.855227 0.400076 7.661893 10.952947 0.297117 
0.325938 2.738107 0.428346 0.099777 0.402534 0.159933 0.104060 7.296803 10.591159 0.441439 
0.122934 0.278781 2.727011 0.330567 0.264250 0.482102 0.812669 12.816546 7.624020 0.447564 
0.117126 0.114061 0.564640 0.157919 6.627258 0.188141 0.140193 8.013922 10.388855 0.476291 
0.091405 0.103160 0.079308 0.531778 0.085847 7.137404 0.170256 11.071154 7.683774 0.124909 
0.536408 0.118616 0.196796 0.087390 0.106383 0.087793 9.039983 7.330006 10.473107 0.387363 
0.087734 0.205320 2.040505 0.236749 3.001728 0.124715 0.779998 12.783125 7.590923 0.483183 
1.412691 0.161178 0.126518 0.789338 0.268863 0.226541 0.175949 0.501719 13.372171 0.095854 
0.199552 2.212053 0.096719 0.780066 0.239468 0.206306 0.098280 0.214308 15.221155 0.094920 
0.166961 1.269137 0.129243 0.104726 4.601528 0.097114 0.178390 0.091461 15.205646 0.623942 
0.247011 0.976741 0.149541 0.123197 0.192580 3.418060 0.248996 0.155377 16.948929 0.216672 
0.085890 0.084004 0.140813 1.028850 0.087224 0.219191 3.702848 0.129926 17.338927 0.203195 
0.117049 0.457285 0.098664 0.115241 0.141475 0.152796 0.102166 0.702742 17.808751 3.082555 
1.792582 0.258731 0.899664 0.146900 0.091359 0.088064 0.320372 0.076982 1.158342 9.705721 
0.330411 3.935176 0.114811 0.246036 0.169968 0.312531 0.683463 0.412824 0.485320 5.171153 
1.248946 0.957497 3.724385 0.650986 0.504593 0.143474 0.126033 0.144807 1.103603 10.245281 
0.269003 2.573519 2.938154 0.596500 0.300336 3.573847 1.343966 0.605657 0.178040 10.658350 
0.305247 0.124669 5.853968 0.362479 0.193597 0.280315 1.550765 0.123699 0.234013 5.028728 
1.436557 0.197885 0.184737 4.560664 0.110295 0.212162 0.344393 0.101003 1.182155 9.729741 
0.240482 2.289833 0.418005 4.347037 0.303719 0.091514 0.423649 0.191289 0.190474 12.808067 
0.277643 0.133113 0.355864 7.479123 0.094501 0.296254 0.152036 0.374690 1.065414 7.333410 
1.289807 0.162349 0.684064 0.208524 5.430368 0.142017 0.352919 0.131969 1.114750 12.244487 
0.172465 1.630465 1.048541 0.099624 7.769777 0.377199 0.343875 0.125844 1.050911 9.729088 
0.118641 0.236919 0.120927 2.458809 8.872784 0.329819 0.120111 0.836166 2.050976 7.349849 
1.229874 0.211486 0.151474 0.707522 0.270863 7.625782 0.229300 0.544650 1.739690 10.686630 
0.183201 1.221490 0.119397 4.004725 0.269083 7.612142 0.215244 0.628660 1.717469 10.674364 
1.392682 1.252688 0.137754 0.108294 0.178286 0.118775 7.362814 0.082810 0.748419 9.095478 
0.208176 0.075202 4.822362 0.091080 0.332423 0.082449 0.076628 5.257539 0.760112 10.241055 
0.302108 0.102536 0.096216 0.199759 0.114857 0.265029 0.134653 12.922345 1.646247 11.675954 
0.355028 3.031169 0.521055 0.589849 0.357516 1.656268 0.432613 0.256943 9.677548 7.522316 
0.195643 1.035476 3.989065 0.560823 0.351495 1.545335 0.209472 0.258570 8.716407 10.749154 
0.216987 2.127455 0.175335 0.514604 0.116076 0.206476 0.134183 2.223286 4.522427 16.395747 
0.168624 1.185254 0.146459 3.577105 0.117161 0.185324 0.135349 2.227633 4.491873 16.396825 
0.106648 0.433975 0.303331 0.090295 0.150689 0.119355 0.230483 0.092329 0.192340 19.998656 
2.043325 0.099968 0.349664 0.400298 1.586969 0.194086 1.779449 1.519659 0.092313 0.189865 
1.496227 2.811120 0.222012 0.435032 0.369218 0.313636 0.127052 0.713374 0.480806 4.368659 
0.163206 1.283455 4.307599 5.184294 1.094899 0.098589 0.284599 0.104767 0.253853 0.534552 
0.087556 0.423234 4.712053 2.986939 3.693621 0.101732 0.328124 1.377213 1.273976 6.917467 
0.118761 0.369989 3.923530 0.277639 0.164738 8.753851 1.551073 0.233904 0.234368 5.029084 
0.172845 1.412637 0.122543 4.664716 0.355816 8.879324 0.233613 0.716825 1.980569 2.620648 
0.116858 0.489420 0.093352 0.104032 0.879084 11.869115 0.358229 0.233054 0.860904 2.616762 
0.617124 0.215692 1.533295 0.326182 7.881628 0.136200 7.489199 0.226848 1.501221 0.520268 
0.142444 0.406532 0.570866 0.250863 0.119127 1.522335 13.920453 0.215550 0.974828 0.433505 
0.264885 3.169208 0.110761 0.426294 0.801992 0.096310 3.371594 9.179995 2.109892 0.238341 
0.125221 0.882856 1.493907 6.173217 0.517317 0.152178 1.262294 9.016376 1.120244 1.207015 
0.601156 0.393274 0.193394 0.223930 0.081983 0.929337 8.865618 11.616488 0.881888 0.078516 
0.279844 0.463411 0.171417 1.021247 0.105410 0.402141 1.758061 15.688293 0.715995 0.354101 
0.372203 3.296878 0.553649 0.628832 0.368840 0.122580 0.451695 0.245014 10.407172 0.202714 
0.772871 1.378380 0.115404 6.243400 0.337686 0.244029 0.998429 0.651902 7.632711 0.469189 
0.166788 0.092429 2.017995 0.201715 0.185198 0.127331 10.152414 0.577059 11.147680 0.097595 
1.698847 0.252946 0.167743 0.957216 0.342184 1.430030 0.222462 0.525390 1.674049 11.703756 
0.177061 1.688829 0.165756 5.406991 0.480975 0.220943 0.145291 5.269120 7.070656 7.853244 
0.641884 1.154180 1.039924 0.090659 7.763620 0.102474 0.334908 0.116877 1.041944 9.720121 
0.814354 0.412532 0.134615 2.901015 0.129517 0.109863 0.321030 11.381792 1.198718 9.812644 
0.158418 0.908133 0.116697 2.433249 2.855197 0.111402 0.221528 0.161689 0.450484 17.938526 
