2.050347 0.050486 0.051026 0.050557 0.051054 0.050727 0.053066 0.052876 
1.838460 1.842319 0.051073 0.050647 0.050565 0.051205 0.050659 0.052685 
0.942155 3.632119 0.051719 0.051410 0.051260 0.052039 0.053738 0.053380 
0.050736 4.050659 0.052237 0.052090 0.050943 0.051997 0.055171 0.052984 
1.839231 0.050493 2.732959 0.050613 0.050603 0.050793 0.054755 0.053569 
1.203873 2.364368 3.512009 0.053729 0.050979 0.052361 0.053126 0.053235 
0.051184 3.628318 2.733091 0.050672 0.050592 0.050668 0.054923 0.054100 
0.944465 0.050428 5.417211 0.052151 0.051782 0.050397 0.052693 0.052869 
0.050805 1.839257 5.416999 0.051550 0.050794 0.051215 0.052979 0.050762 
0.050357 0.050303 6.050296 0.050474 0.050476 0.050534 0.052810 0.052467 
1.840420 0.050993 0.050769 3.618506 0.051717 0.050973 0.052948 0.052710 
1.204794 2.362067 0.051382 4.668447 0.051078 0.053066 0.053435 0.056393 
0.051406 3.628018 0.051206 3.627869 0.052219 0.051111 0.053373 0.054030 
1.205663 0.050930 3.514963 4.668160 0.052016 0.052945 0.056168 0.057720 
0.051932 2.359578 3.515939 4.668246 0.050702 0.050830 0.055034 0.053664 
0.050410 0.051236 5.416954 3.627935 0.050525 0.051119 0.053437 0.057330 
0.943643 0.051001 0.050767 7.208770 0.050634 0.053469 0.053265 0.053196 
0.050944 1.839407 0.050726 7.205588 0.052449 0.054991 0.053447 0.052758 
0.050572 0.050436 2.729302 7.208780 0.050893 0.052138 0.055801 0.052989 
0.050621 0.050457 0.050457 8.050457 0.050620 0.052037 0.053006 0.052133 
1.839792 0.050411 0.050958 0.050644 4.516337 0.051094 0.054996 0.052868 
1.203908 2.365806 0.052987 0.052545 5.831076 0.052441 0.054846 0.056317 
0.051746 3.629256 0.050980 0.050993 4.516336 0.051092 0.054995 0.054001 
1.205978 0.051833 3.514875 0.051587 5.819141 0.053505 0.053147 0.053254 
0.050937 2.363032 3.517122 0.051714 5.811759 0.053585 0.056254 0.055764 
0.050557 0.050413 5.418264 0.051109 4.518254 0.050662 0.053388 0.052950 
1.204622 0.051271 0.050929 4.674366 5.819324 0.050583 0.053088 0.052859 
0.052183 2.361251 0.051015 4.677370 5.810253 0.051272 0.053560 0.053061 
0.050992 0.050959 3.517171 4.677884 5.810766 0.053559 0.053545 0.052618 
0.050650 0.050809 0.050519 7.208023 4.517392 0.051287 0.053556 0.052830 
0.946341 0.051127 0.050738 0.050913 8.991112 0.052245 0.052881 0.052990 
0.053247 1.842228 0.050856 0.052415 8.991131 0.050631 0.055033 0.054454 
0.050367 0.050525 2.737991 0.050897 8.991010 0.051078 0.052869 0.054346 
0.050441 0.050428 0.050428 3.633931 8.991074 0.051337 0.051402 0.054401 
0.050324 0.050298 0.050479 0.050298 10.050297 0.052128 0.052828 0.052142 
1.839757 0.050619 0.050888 0.051004 0.051873 5.411330 0.051072 0.052944 
1.203582 2.362225 0.051531 0.051174 0.051239 6.988134 0.054259 0.053922 
0.051905 3.629826 0.051111 0.052581 0.050620 5.407359 0.055818 0.053179 
1.205612 0.050830 3.517475 0.051559 0.050574 6.970673 0.053203 0.053065 
0.051455 2.363657 3.514680 0.051678 0.050787 6.968104 0.053788 0.050922 
0.050512 0.050570 5.419438 0.052536 0.050593 5.407342 0.054969 0.053137 
1.206873 0.051971 0.050822 4.667626 0.050574 6.970613 0.053054 0.052829 
0.051139 2.363382 0.050783 4.667366 0.050535 6.970575 0.053015 0.052792 
0.050424 0.050525 3.517697 4.670787 0.050917 6.969920 0.053456 0.050851 
0.050407 0.050220 0.050204 7.208788 0.050249 5.407256 0.052735 0.053021 
1.207069 0.051095 0.051444 0.051408 5.822815 6.968389 0.052633 0.054113 
0.051655 2.363847 0.050978 0.051068 5.822963 6.968537 0.053178 0.056060 
0.050468 0.050819 3.517273 0.050642 5.820363 6.977527 0.055089 0.052921 
0.050602 0.050594 0.050865 4.675303 5.823272 6.970913 0.053202 0.051978 
0.050424 0.050365 0.050365 0.050372 8.996133 5.413335 0.050663 0.053186 
0.944918 0.050331 0.050482 0.050588 0.050441 10.782801 0.053331 0.050752 
0.051164 1.841677 0.050573 0.050720 0.051206 10.779644 0.052755 0.052579 
0.050509 0.050473 2.737532 0.051260 0.050742 10.779811 0.054991 0.050888 
0.050501 0.050941 0.050462 3.633212 0.051369 10.779803 0.053065 0.052737 
0.050350 0.050348 0.050411 0.050360 4.522872 10.783242 0.052953 0.051910 
0.050255 0.050247 0.050245 0.050245 0.050605 12.050245 0.052626 0.050406 
1.839200 0.050748 0.050993 0.050545 0.050707 0.050913 6.309622 0.052773 
1.204281 2.363285 0.050832 0.050663 0.051000 0.051054 8.127073 0.054167 
0.051118 3.629223 0.051158 0.050730 0.051508 0.051108 6.303720 0.052946 
1.204859 0.050676 3.517455 0.050691 0.050598 0.051743 8.127391 0.052599 
0.051171 2.359548 3.517539 0.051628 0.053314 0.051992 8.126673 0.057234 
0.050444 0.050373 5.419125 0.050678 0.051108 0.051800 6.301103 0.052725 
1.206043 0.050833 0.051039 4.667408 0.052208 0.052074 8.131957 0.051070 
0.051199 2.361687 0.050955 4.667983 0.051477 0.051938 8.129320 0.050956 
0.050613 0.052175 3.514289 4.672013 0.050720 0.050636 8.129330 0.055261 
0.050415 0.050711 0.050827 7.209590 0.050699 0.051173 6.298226 0.057858 
1.205879 0.050626 0.050856 0.051649 5.824696 0.053202 8.127071 0.052761 
0.051255 2.362210 0.050569 0.050522 5.821910 0.050889 8.126931 0.054036 
0.050494 0.050423 3.515997 0.051503 5.825221 0.052771 8.128072 0.055270 
0.050599 0.050858 0.050671 4.675071 5.820647 0.051674 8.128406 0.053403 
0.050468 0.050370 0.050486 0.050369 8.994196 0.050575 6.312599 0.054001 
1.205886 0.051339 0.051412 0.051440 0.051837 6.978738 8.132211 0.056373 
0.050473 2.362131 0.050853 0.050639 0.053889 6.976088 8.128123 0.052948 
0.050661 0.050811 3.516500 0.051243 0.050623 6.978333 8.129481 0.055311 
0.050318 0.050190 0.050195 4.671914 0.051299 6.972314 8.135053 0.053004 
0.050735 0.050371 0.050401 0.050696 5.827728 6.979624 8.126185 0.052769 
0.050323 0.050318 0.050514 0.050356 0.050642 10.784130 6.309708 0.051893 
0.945410 0.050310 0.050552 0.050347 0.050564 0.050418 12.569655 0.052777 
0.050732 1.839080 0.050738 0.050899 0.051300 0.050710 12.572615 0.052629 
0.050364 0.050308 2.735172 0.050724 0.050879 0.050769 12.570443 0.050640 
0.050385 0.050288 0.050512 3.629857 0.050366 0.050349 12.570638 0.051852 
0.050323 0.050322 0.050323 0.050425 4.522094 0.050462 12.572558 0.052654 
0.050829 0.050238 0.050203 0.051351 0.052020 5.416344 12.572404 0.052758 
0.050207 0.050137 0.050176 0.050142 0.050152 0.050137 14.050137 0.050656 
1.838843 0.050665 0.050797 0.050715 0.050865 0.051879 0.052864 7.212668 
1.203916 2.362926 0.050912 0.050743 0.051129 0.051767 0.055487 9.289091 
0.051894 3.630961 0.051445 0.050662 0.055744 0.053405 0.053139 7.184130 
1.205161 0.051454 3.516054 0.051592 0.050938 0.050807 0.051251 9.285327 
0.051357 2.359684 3.516049 0.051181 0.050700 0.053024 0.052610 9.284065 
0.050598 0.050472 5.417585 0.051515 0.050516 0.052400 0.052385 7.202816 
1.206059 0.050567 0.050879 4.665313 0.050572 0.051977 0.052962 9.288646 
0.051166 2.361649 0.050627 4.665445 0.051642 0.053303 0.052230 9.288678 
0.050666 0.052311 3.518227 4.677498 0.051759 0.053476 0.052769 9.262749 
0.050300 0.052415 0.050474 7.206366 0.050928 0.051731 0.052925 7.202664 
1.205608 0.051163 0.054046 0.051148 5.824266 0.052853 0.052027 9.286339 
0.052458 2.358837 0.050882 0.050778 5.828142 0.051215 0.057666 9.285949 
0.050943 0.051427 3.514609 0.050948 5.825901 0.052584 0.058342 9.287112 
0.050737 0.050726 0.051118 4.670827 5.823876 0.055074 0.053236 9.286258 
0.050316 0.050315 0.050315 0.050540 8.995513 0.050819 0.052723 7.202770 
1.205467 0.050684 0.051202 0.051436 0.050807 6.976683 0.052799 9.288624 
0.050699 2.360832 0.051439 0.051542 0.050805 6.977893 0.053916 9.286499 
0.050553 0.050351 3.515311 0.050648 0.050614 6.976642 0.052346 9.288188 
0.050312 0.050429 0.050674 4.673539 0.050907 6.974670 0.052589 9.284164 
0.050550 0.050406 0.050593 0.050412 5.826602 6.978193 0.052596 9.284252 
0.050459 0.050483 0.050484 0.050480 0.058280 10.784683 0.053211 7.202905 
1.205998 0.050605 0.050387 0.050513 0.051120 0.054825 8.139003 9.274046 
0.051263 2.369080 0.051063 0.051284 0.053973 0.050956 8.132909 9.251998 
0.050446 0.050222 3.514481 0.050354 0.051831 0.054662 8.132772 9.287782 
0.050739 0.050638 0.050638 4.675195 0.052937 0.051032 8.135754 9.274155 
0.050551 0.050295 0.051063 0.050295 5.828819 0.052178 8.129606 9.283966 
0.050650 0.050639 0.050665 0.050825 0.050638 6.979304 8.132797 9.288477 
0.050379 0.050455 0.050359 0.050438 0.050352 0.050380 12.573608 7.202848 
0.945147 0.050765 0.050536 0.050542 0.050606 0.051911 0.051771 14.360312 
0.051691 1.839830 0.050545 0.050550 0.050631 0.051920 0.051861 14.360321 
0.050782 0.051790 2.734448 0.050480 0.050558 0.051780 0.052765 14.360264 
0.050378 0.050335 0.050306 3.636817 0.051182 0.051486 0.051563 14.352324 
0.050303 0.050339 0.050299 0.050300 4.525326 0.050825 0.051626 14.358819 
0.050299 0.050268 0.050269 0.050268 0.050268 5.412744 0.050714 14.363824 
0.050292 0.050319 0.050279 0.050277 0.050277 0.050277 6.297166 14.369159 
0.050738 0.050234 0.050235 0.050223 0.050232 0.050652 0.052806 16.050222 
1.973668 0.458912 0.686212 0.882954 1.122888 1.329364 1.513375 1.686881 
1.389648 2.723323 0.829925 1.128639 1.407191 1.641402 1.893482 2.164298 
0.261665 3.890360 0.689913 0.873055 1.105517 1.354005 1.546634 1.770507 
1.385815 0.587447 4.070761 1.124411 1.381222 1.627008 1.908509 2.174380 
0.325940 2.722891 4.068258 1.130363 1.365282 1.665795 1.830282 2.168513 
0.256922 0.465293 5.816449 0.910143 1.121885 1.270241 1.527973 1.753086 
1.382778 0.591688 0.845714 5.413253 1.359471 1.654343 1.932253 2.197433 
0.323656 2.726814 0.848228 5.404678 1.373172 1.635593 1.926445 2.132322 
0.314135 0.584057 4.060129 5.406598 1.390922 1.631910 1.899099 2.180871 
0.260728 0.476703 0.704693 7.738402 1.107486 1.333991 1.536558 1.763304 
1.388565 0.585830 0.849156 1.089039 6.733595 1.654267 1.923017 2.200367 
0.314000 2.730678 0.848362 1.120736 6.732859 1.662454 1.908827 2.213465 
0.314944 0.591590 4.056704 1.114735 6.748603 1.626021 1.914232 2.187602 
0.315518 0.582461 0.855103 5.408239 6.736188 1.652071 1.892675 2.172032 
0.262362 0.479753 0.697681 0.876721 9.655375 1.279352 1.575555 1.793491 
1.394723 0.562167 0.862626 1.105915 1.383947 8.077749 1.927739 2.180968 
0.316226 2.735790 0.857357 1.127656 1.381885 8.040591 1.912402 2.172598 
0.315805 0.578879 4.074924 1.124303 1.383040 8.050551 1.878028 2.189532 
0.317430 0.576363 0.855329 5.403082 1.385404 8.078882 1.931383 2.194409 
0.315664 0.579106 0.846702 1.144800 6.742188 8.055556 1.953903 2.190659 
0.261295 0.483749 0.679044 0.894280 1.138187 11.595654 1.515207 1.713031 
1.389351 0.577025 0.851939 1.128325 1.392839 1.643103 9.408459 2.180904 
0.315744 2.724845 0.851045 1.127430 1.391942 1.642418 9.407568 2.180013 
0.314966 0.588764 4.063529 1.102165 1.383059 1.653321 9.451155 2.173137 
0.320569 0.594121 0.840256 5.396884 1.382225 1.690360 9.408020 2.177322 
0.314626 0.582288 0.867202 1.128098 6.741377 1.641872 9.399019 2.180553 
0.317637 0.584423 0.849330 1.115199 1.391862 8.079304 9.398878 2.194904 
0.263212 0.475890 0.684628 0.899602 1.099550 1.306193 13.492132 1.754457 
1.384027 0.589500 0.853344 1.114675 1.376802 1.639873 1.942788 10.796862 
0.315196 2.732766 0.862101 1.124868 1.382044 1.665418 1.896043 10.714515 
0.320431 0.580383 4.100305 1.104015 1.401394 1.658373 1.914638 10.696283 
0.316934 0.585309 0.833369 5.414756 1.447655 1.626529 1.922739 10.716487 
0.316695 0.581997 0.851966 1.117777 6.752034 1.658243 1.928154 10.746168 
0.306303 0.567636 0.861903 1.107701 1.376144 8.080075 1.887882 10.784494 
0.318947 0.593016 0.845229 1.106074 1.410765 1.650519 9.419808 10.768335 
0.263586 0.476435 0.685387 0.900608 1.110665 1.331168 1.528402 15.408001 
