1.862796 0.007694 0.011544 0.009536 0.008782 
1.069063 0.433045 0.011682 0.011458 0.014089 
0.772794 0.753747 0.012540 0.016971 0.013771 
0.579247 1.132779 0.011669 0.009277 0.011639 
0.387878 1.552548 0.013991 0.009750 0.012899 
0.438948 1.280796 0.043345 0.036300 0.224547 
0.208281 1.986338 0.017096 0.014655 0.015920 
0.008628 3.747167 0.011644 0.011016 0.010941 
1.021266 0.008944 0.620032 0.012241 0.031010 
0.624004 0.311332 0.472212 0.011584 0.012046 
0.433167 0.578940 0.445241 0.013849 0.011931 
0.296027 0.881981 0.449449 0.011617 0.010785 
0.160553 1.185171 0.463357 0.014983 0.009951 
0.009140 2.046218 0.627288 0.011683 0.009480 
0.708113 0.027463 1.077684 0.014762 0.013142 
0.440330 0.303601 0.882961 0.013261 0.013095 
0.284773 0.555208 0.847227 0.009352 0.009301 
0.151303 0.870974 0.877272 0.015442 0.011639 
0.011691 1.427691 1.103470 0.015466 0.010032 
0.521228 0.012737 1.577668 0.026718 0.009229 
0.300287 0.299312 1.327406 0.009833 0.008993 
0.155200 0.587045 1.335072 0.010549 0.010883 
0.011811 1.087716 1.658400 0.009843 0.011766 
0.377569 0.013389 2.260458 0.009506 0.010304 
0.158422 0.303022 1.856611 0.018437 0.012257 
0.009091 0.761716 2.307764 0.012350 0.010222 
0.213365 0.016211 3.097783 0.011120 0.015677 
0.007252 0.434732 3.115120 0.009646 0.007344 
0.007298 0.007124 5.727665 0.008787 0.007103 
1.048619 0.007201 0.006867 0.838497 0.008442 
0.611472 0.303182 0.012623 0.635264 0.009596 
0.434658 0.578666 0.011498 0.603056 0.010962 
0.296043 0.851975 0.011717 0.614539 0.017892 
0.159108 1.214415 0.013504 0.642986 0.015173 
0.011622 2.035445 0.007863 0.842660 0.010090 
0.590010 0.011903 0.453387 0.626399 0.007011 
0.369760 0.247248 0.369310 0.493683 0.013578 
0.235089 0.467109 0.356447 0.491978 0.011873 
0.123355 0.717519 0.375007 0.503446 0.009145 
0.013028 1.165867 0.440992 0.633054 0.010730 
0.425741 0.018209 0.851265 0.574467 0.013466 
0.239250 0.233976 0.723706 0.484496 0.012558 
0.124972 0.456544 0.720238 0.481399 0.014691 
0.014305 0.809480 0.839423 0.577535 0.022546 
0.283255 0.015761 1.265803 0.582150 0.017343 
0.122839 0.243678 1.107843 0.513585 0.008999 
0.012851 0.566569 1.248257 0.569343 0.024068 
0.148461 0.022009 1.756867 0.601724 0.009827 
0.015154 0.297551 1.766797 0.624461 0.014853 
0.010047 0.009319 3.166401 0.865329 0.017467 
0.709785 0.019327 0.025346 1.398310 0.013460 
0.452719 0.308368 0.014115 1.208161 0.018136 
0.285852 0.561216 0.012202 1.130095 0.012700 
0.148811 0.872809 0.011498 1.193113 0.019377 
0.017100 1.377283 0.025714 1.402413 0.013851 
0.436372 0.014011 0.432781 1.129953 0.014978 
0.238755 0.241260 0.376522 0.970015 0.028679 
0.129416 0.471721 0.380663 0.967459 0.018351 
0.013255 0.830748 0.421440 1.174345 0.014831 
0.284225 0.010182 0.839401 1.132014 0.014820 
0.126754 0.242867 0.713555 0.959115 0.011909 
0.011011 0.548016 0.805468 1.109963 0.021291 
0.149552 0.007623 1.327083 1.192426 0.008856 
0.007755 0.282578 1.318735 1.199870 0.009516 
0.008643 0.010369 2.314231 1.585328 0.009020 
0.561500 0.008983 0.008501 2.244317 0.011098 
0.285303 0.279578 0.023057 1.682250 0.012419 
0.151323 0.554357 0.024877 1.658188 0.010818 
0.010834 1.087407 0.010161 2.261918 0.018707 
0.295283 0.014121 0.430433 1.735437 0.010863 
0.128626 0.244194 0.368768 1.500185 0.009136 
0.010359 0.567712 0.427581 1.764492 0.008896 
0.147450 0.012450 0.864822 1.766127 0.010913 
0.012611 0.279914 0.867766 1.722428 0.014450 
0.008088 0.010410 1.656528 2.216167 0.009529 
0.364140 0.013377 0.028811 2.843528 0.016929 
0.160185 0.305258 0.025625 2.411473 0.014246 
0.012284 0.733129 0.018391 2.992230 0.018726 
0.155765 0.012801 0.472229 2.449557 0.010653 
0.011252 0.302220 0.460248 2.449441 0.010538 
0.009008 0.009053 1.177428 3.205284 0.010525 
0.220864 0.010583 0.008470 4.167490 0.009676 
0.009585 0.412205 0.008662 4.277505 0.010229 
0.008871 0.008914 0.644223 4.165603 0.012491 
0.007628 0.007408 0.008484 7.622451 0.007325 
1.788328 0.012713 0.009516 0.008180 1.854716 
0.912202 0.461731 0.019425 0.010780 1.175800 
0.644938 0.841821 0.014290 0.018695 1.093465 
0.411937 1.197068 0.049078 0.030407 1.051958 
0.236356 1.818587 0.017324 0.019245 1.181038 
0.015360 3.399362 0.015895 0.010299 1.800414 
0.896437 0.019804 0.638513 0.035046 1.130528 
0.526807 0.350732 0.530399 0.013911 0.907808 
0.339483 0.658289 0.520487 0.011157 0.882024 
0.176826 1.041963 0.540393 0.010633 0.905334 
0.010687 1.880171 0.721696 0.014798 1.229613 
0.600463 0.023360 1.204763 0.026355 1.055777 
0.342380 0.340489 1.013935 0.011439 0.855763 
0.168985 0.660768 1.034963 0.010998 0.879594 
0.016908 1.227787 1.258202 0.020202 1.058037 
0.443502 0.017946 1.963147 0.021262 1.125480 
0.177090 0.347071 1.564867 0.015491 0.899520 
0.010363 0.854454 1.981538 0.007619 1.154788 
0.240900 0.015648 2.805427 0.009311 1.222479 
0.011067 0.457422 2.773432 0.014272 1.205791 
0.007982 0.008029 5.510224 0.009167 1.910747 
0.874507 0.023121 0.011688 0.892920 1.152243 
0.511677 0.340263 0.019808 0.668007 0.862034 
0.337208 0.657696 0.015915 0.721082 0.921977 
0.178848 1.032781 0.011436 0.724382 0.918101 
0.015075 1.799705 0.009483 0.892306 1.221015 
0.504391 0.016388 0.521204 0.674254 0.840230 
0.277568 0.275613 0.415851 0.550626 0.705067 
0.144720 0.539374 0.422837 0.558064 0.692240 
0.010456 1.004509 0.512438 0.692133 0.902986 
0.332906 0.020741 0.990606 0.659067 0.858346 
0.142060 0.269026 0.850871 0.579420 0.723704 
0.011244 0.646639 0.980917 0.667600 0.852121 
0.178982 0.010611 1.570938 0.723280 0.908864 
0.009087 0.343419 1.580157 0.691606 0.907656 
0.013734 0.019420 2.576490 0.851430 1.124315 
0.651230 0.009882 0.010812 1.783067 1.181494 
0.328599 0.332495 0.038987 1.349802 0.831632 
0.170355 0.670257 0.011253 1.373999 0.862668 
0.013883 1.272067 0.010903 1.646608 1.191967 
0.340049 0.011866 0.505296 1.345492 0.851398 
0.144338 0.282091 0.417471 1.104884 0.705127 
0.011053 0.651533 0.499265 1.335806 0.854400 
0.174428 0.007896 0.985541 1.356546 0.859022 
0.011948 0.342531 0.992988 1.386088 0.873740 
0.009535 0.015844 1.946213 1.744073 1.090131 
0.407184 0.014958 0.025567 2.425393 1.004666 
0.183863 0.351703 0.021199 2.113098 0.890157 
0.015938 0.766220 0.025254 2.361086 1.001536 
0.174512 0.012827 0.514254 2.118069 0.898170 
0.011483 0.346772 0.515165 2.119172 0.892401 
0.009553 0.011780 1.276452 2.540249 1.124898 
0.228725 0.011843 0.022842 3.603457 1.155981 
0.009608 0.453816 0.022516 3.603401 1.150950 
0.011301 0.020612 0.704983 3.712671 1.187249 
0.008949 0.011611 0.010767 6.936068 1.790876 
1.010629 0.029507 0.028954 0.008535 2.656597 
0.589706 0.388634 0.022187 0.017600 1.999703 
0.388857 0.757142 0.014818 0.008039 1.996382 
0.206464 1.158637 0.022948 0.013800 2.027999 
0.013085 1.996326 0.046737 0.009077 2.617655 
0.587665 0.020945 0.593532 0.009882 1.997256 
0.200508 0.773037 0.614199 0.025593 1.992239 
0.015193 1.117158 0.574796 0.009191 2.010547 
0.386817 0.012888 1.155791 0.011820 1.997797 
0.202615 0.385487 1.182093 0.032069 1.886398 
0.011773 0.752774 1.165830 0.010282 1.997489 
0.211498 0.011654 1.841840 0.011876 2.100340 
0.008824 0.405469 1.832340 0.009925 2.097912 
0.014349 0.014466 3.444032 0.009644 2.973949 
0.591500 0.015793 0.011400 0.800835 2.015285 
0.383368 0.365084 0.041993 0.776099 1.832038 
0.200748 0.696698 0.049269 0.779373 1.827261 
0.013114 1.150106 0.008233 0.819757 2.019187 
0.380181 0.018615 0.574051 0.894053 1.977898 
0.173794 0.325126 0.501891 0.676111 1.679364 
0.010523 0.701633 0.667937 0.882721 1.936582 
0.220451 0.011487 1.138771 0.811184 1.974383 
0.009689 0.386646 1.265859 0.859118 2.046528 
0.009660 0.013397 1.767937 0.796154 1.997189 
0.395031 0.008232 0.007819 1.570655 2.007113 
0.202477 0.392828 0.034859 1.581821 1.853489 
0.011795 0.745172 0.009681 1.553261 1.996688 
0.151901 0.019994 0.428262 1.363411 2.006542 
0.043356 0.368146 0.507126 1.417284 1.718578 
0.009809 0.011964 1.182869 1.545533 2.016475 
0.203049 0.011102 0.012024 2.379627 2.002372 
0.012349 0.363132 0.017147 2.330994 1.998775 
0.013854 0.018375 0.608897 2.338919 2.000350 
0.009071 0.011596 0.009085 5.006602 3.259240 
0.760150 0.012105 0.008519 0.009514 3.994546 
0.465755 0.457371 0.024216 0.016748 3.696082 
0.236820 0.941245 0.030291 0.013331 3.661378 
0.011108 1.486237 0.008935 0.008614 3.991935 
0.505757 0.010710 0.745004 0.010827 3.849426 
0.198487 0.372627 0.574299 0.011247 2.933999 
0.014876 0.928897 0.727432 0.012809 3.660024 
0.248106 0.012416 1.500791 0.012084 3.852431 
0.009685 0.488771 1.497921 0.012027 3.848979 
0.008831 0.008302 2.341354 0.011540 4.027274 
0.448158 0.017869 0.017546 0.910562 3.382109 
0.187796 0.356165 0.016245 0.743308 2.820738 
0.011506 0.936001 0.017811 0.909831 3.646320 
0.183416 0.009024 0.547315 0.757055 2.784521 
0.009975 0.367416 0.538473 0.741257 2.790415 
0.010686 0.012869 1.445578 0.973654 3.694924 
0.238624 0.012081 0.021878 1.858954 3.604450 
0.008409 0.446117 0.019617 1.928972 3.617655 
0.018281 0.021463 0.696912 1.842002 3.572439 
0.008621 0.009372 0.008900 3.141481 4.034458 
0.613377 0.006460 0.006265 0.023825 6.207718 
0.224163 0.426422 0.007351 0.013946 4.350607 
0.017883 1.021018 0.015759 0.024235 5.496021 
0.214427 0.011144 0.635064 0.014994 4.313629 
0.010208 0.418417 0.636302 0.015525 4.346352 
0.009460 0.015690 1.610672 0.034212 5.495141 
0.220845 0.015017 0.009919 0.860501 4.405044 
0.012390 0.438446 0.016692 0.800952 4.138212 
0.009850 0.007703 0.652172 0.867716 4.377093 
0.021579 0.023641 0.036854 1.899975 4.831035 
0.271212 0.013850 0.011283 0.009533 6.750409 
0.008815 0.527319 0.017036 0.007571 6.846491 
0.008237 0.008615 0.850380 0.013907 7.281822 
0.008703 0.008449 0.009886 1.158116 7.476145 
0.006457 0.007799 0.006470 0.006449 9.831663 
