2.053771 0.053891 0.054337 0.054509 0.054038 0.056303 0.054104 0.054346 
1.843326 1.845121 0.055205 0.055135 0.056777 0.056530 0.056645 0.056161 
0.945159 3.635880 0.056639 0.055462 0.054655 0.058049 0.058428 0.055202 
0.053651 4.053535 0.053911 0.054541 0.055484 0.057119 0.059745 0.054287 
1.841565 0.055668 2.738632 0.053537 0.055783 0.054377 0.056966 0.053647 
1.206599 2.372605 3.524213 0.056823 0.056773 0.061149 0.056613 0.057845 
0.055266 3.631811 2.735060 0.054334 0.056057 0.057116 0.064130 0.057910 
0.949145 0.054722 5.420255 0.057937 0.054592 0.056851 0.054643 0.054902 
0.053844 1.843581 5.419727 0.054044 0.056480 0.054691 0.060117 0.053929 
0.053896 0.054123 6.053715 0.053891 0.056417 0.057308 0.053725 0.054460 
1.844365 0.058428 0.054479 3.620552 0.055342 0.055135 0.054513 0.055388 
1.211974 2.364294 0.055841 4.664054 0.055222 0.068324 0.062409 0.055826 
0.054996 3.633018 0.054588 3.628108 0.060459 0.062843 0.060540 0.055392 
1.209383 0.054566 3.519668 4.670741 0.054820 0.055615 0.055456 0.055378 
0.055921 2.371001 3.511924 4.673310 0.055780 0.060819 0.061937 0.055803 
0.052595 0.053677 5.419978 3.628111 0.054315 0.055874 0.058800 0.052717 
0.946680 0.057136 0.055175 7.215897 0.055554 0.055263 0.055326 0.056353 
0.053752 1.846787 0.054262 7.204953 0.055691 0.054788 0.053987 0.054488 
0.054206 0.054165 2.733867 7.211953 0.054252 0.059120 0.054487 0.055256 
0.053355 0.053398 0.056503 8.053310 0.058013 0.054541 0.056572 0.057564 
1.843597 0.054089 0.056593 0.054003 4.511447 0.056324 0.053706 0.055080 
1.206232 2.370988 0.055916 0.056602 5.829316 0.057768 0.055161 0.058225 
0.056578 3.637471 0.056803 0.056022 4.507835 0.056613 0.056831 0.056467 
1.215022 0.056734 3.527263 0.057474 5.792796 0.056767 0.061913 0.056836 
0.053863 2.362965 3.510158 0.058805 5.838870 0.058001 0.054540 0.053779 
0.054872 0.054908 5.420841 0.055132 4.528976 0.066856 0.055916 0.059602 
1.209697 0.055134 0.060411 4.676802 5.822442 0.059215 0.055682 0.075907 
0.054850 2.369444 0.054148 4.667969 5.817377 0.057422 0.055536 0.054109 
0.053217 0.053299 3.528739 4.669633 5.810605 0.056538 0.059573 0.053830 
0.053569 0.054251 0.053549 7.213300 4.514789 0.058200 0.054060 0.054625 
0.948783 0.054999 0.054733 0.053868 8.995697 0.055081 0.053818 0.054132 
0.054682 1.841135 0.054701 0.055003 9.001892 0.056280 0.054948 0.055007 
0.055057 0.055049 2.736430 0.055885 9.000904 0.056273 0.055338 0.055267 
0.055162 0.054778 0.054738 3.622423 9.005240 0.055844 0.054866 0.059449 
0.054024 0.052932 0.052850 0.052849 10.052846 0.055849 0.053211 0.054563 
1.844812 0.055326 0.059667 0.056135 0.055461 5.413290 0.060915 0.055954 
1.210122 2.367761 0.055726 0.056119 0.055508 6.973699 0.055561 0.055921 
0.054389 3.630812 0.058887 0.054692 0.062615 5.424476 0.054276 0.054377 
1.209737 0.058814 3.523000 0.056246 0.060104 6.985167 0.059924 0.057693 
0.055179 2.368457 3.519716 0.054609 0.054218 6.963458 0.057813 0.054681 
0.053992 0.053703 5.424390 0.055164 0.055943 5.403600 0.053769 0.057920 
1.210235 0.058308 0.057902 4.673085 0.058124 6.995043 0.057688 0.062480 
0.055547 2.366083 0.055989 4.667452 0.055887 6.984487 0.054942 0.058810 
0.053943 0.054647 3.518027 4.671635 0.062083 6.983777 0.061093 0.059389 
0.053215 0.055099 0.053353 7.209512 0.055603 5.417051 0.054515 0.053774 
1.206520 0.061086 0.056764 0.055379 5.827646 6.998082 0.054371 0.059285 
0.054384 2.369475 0.056317 0.055323 5.821281 6.972289 0.055239 0.056047 
0.053998 0.054317 3.522724 0.054096 5.826814 6.973744 0.055367 0.054270 
0.054383 0.054182 0.054173 4.678027 5.808259 6.998036 0.057627 0.056052 
0.053521 0.053497 0.053506 0.053501 8.999122 5.416808 0.054380 0.057844 
0.950790 0.054507 0.055705 0.054973 0.064575 10.781938 0.058440 0.055072 
0.054513 1.844035 0.053754 0.054343 0.056239 10.784445 0.059798 0.058395 
0.053839 0.053848 2.743054 0.054282 0.054685 10.781024 0.053968 0.054590 
0.054615 0.054176 0.054175 3.638886 0.055209 10.781984 0.058132 0.054819 
0.054120 0.055174 0.054115 0.054186 4.561192 10.766173 0.054465 0.055775 
0.052783 0.052784 0.052783 0.052783 0.052819 12.052783 0.053148 0.052785 
1.843222 0.056098 0.057637 0.055251 0.059556 0.058849 6.315217 0.056082 
1.209247 2.361166 0.055645 0.054916 0.058680 0.058827 8.148939 0.055372 
0.054462 3.634240 0.055286 0.054844 0.054350 0.063582 6.298111 0.058231 
1.212903 0.056821 3.522385 0.055242 0.057010 0.057640 8.109857 0.056957 
0.056100 2.369783 3.520727 0.055893 0.060624 0.057212 8.121164 0.057105 
0.053535 0.054649 5.420311 0.054400 0.055504 0.058332 6.313484 0.053746 
1.210431 0.059960 0.055800 4.681799 0.055985 0.064042 8.123561 0.055915 
0.054720 2.365330 0.054692 4.682966 0.055964 0.063081 8.114665 0.054966 
0.054131 0.056965 3.520651 4.682591 0.056198 0.054599 8.114221 0.054666 
0.053482 0.053484 0.056338 7.208534 0.054513 0.054425 6.315738 0.054082 
1.210099 0.054324 0.054377 0.054386 5.839490 0.057916 8.112073 0.054519 
0.055409 2.366159 0.056893 0.055694 5.840803 0.056261 8.116800 0.077717 
0.054361 0.055974 3.523562 0.061627 5.834206 0.061517 8.116371 0.055417 
0.054729 0.054414 0.054410 4.672090 5.820438 0.055846 8.149657 0.054921 
0.053255 0.053279 0.053255 0.053307 9.000999 0.054326 6.304514 0.053612 
1.209633 0.055554 0.053890 0.057520 0.054322 6.968317 8.143433 0.058591 
0.054815 2.371085 0.054999 0.054959 0.055519 6.980102 8.115323 0.054770 
0.054071 0.057404 3.524005 0.054182 0.055687 6.979591 8.126214 0.054251 
0.054183 0.059714 0.054112 4.676468 0.054699 6.978692 8.134985 0.054463 
0.054028 0.054053 0.054055 0.060333 5.835362 6.969700 8.140478 0.055400 
0.053327 0.053327 0.053327 0.053327 0.053327 10.788636 6.309223 0.054413 
0.947416 0.054831 0.055762 0.055255 0.054897 0.054912 12.583151 0.055535 
0.054804 1.843078 0.053769 0.055208 0.054105 0.055707 12.574463 0.058521 
0.054498 0.054257 2.735994 0.054373 0.055322 0.055816 12.577955 0.054852 
0.055657 0.055239 0.055232 3.635134 0.057414 0.059991 12.575267 0.056659 
0.053871 0.054256 0.054281 0.053950 4.528790 0.055986 12.573897 0.055234 
0.053033 0.055729 0.053154 0.053094 0.056438 5.426953 12.570687 0.053591 
0.053288 0.053288 0.053306 0.053370 0.053289 0.053288 14.053288 0.053367 
1.842670 0.054386 0.056892 0.054304 0.058935 0.055035 0.053969 7.206301 
1.207698 2.368692 0.055700 0.055319 0.054691 0.054764 0.054797 9.285322 
0.055543 3.635661 0.056795 0.060487 0.056777 0.055841 0.056656 7.187535 
1.209764 0.054875 3.520612 0.055645 0.056902 0.056134 0.056204 9.284981 
0.056632 2.365690 3.521129 0.054549 0.056402 0.058006 0.054601 9.276393 
0.054387 0.054928 5.422991 0.054949 0.059677 0.055758 0.054709 7.198888 
1.211221 0.056016 0.055902 4.666392 0.054738 0.055415 0.057373 9.285093 
0.054630 2.365485 0.054275 4.674877 0.058800 0.054307 0.056996 9.279540 
0.053829 0.054528 3.518970 4.679266 0.055207 0.055643 0.058968 9.275365 
0.053907 0.054583 0.053900 7.208340 0.054509 0.056840 0.053915 7.213220 
1.209961 0.055108 0.055344 0.055231 5.835263 0.055798 0.055368 9.280056 
0.053818 2.360709 0.054039 0.053760 5.836334 0.053943 0.056607 9.286237 
0.055301 0.055570 3.517402 0.059149 5.841231 0.058266 0.058611 9.278291 
0.054905 0.054920 0.054888 4.679137 5.829025 0.057779 0.054980 9.280565 
0.054082 0.054100 0.054082 0.054082 9.001201 0.056039 0.054104 7.200378 
1.209042 0.056041 0.054388 0.054676 0.055174 6.974304 0.054955 9.300404 
0.054839 2.365151 0.054796 0.054918 0.059082 6.977965 0.054812 9.292317 
0.054099 0.054062 3.520266 0.055016 0.055138 6.977648 0.057258 9.292212 
0.055935 0.057154 0.055940 4.679037 0.056930 6.981423 0.058564 9.288434 
0.053129 0.053178 0.056628 0.057699 5.835234 6.982296 0.053319 9.275649 
0.052988 0.053038 0.055524 0.053011 0.052988 10.784896 0.053018 7.211640 
1.209281 0.054373 0.054659 0.055547 0.057071 0.055032 8.137715 9.289605 
0.058211 2.366180 0.055537 0.055173 0.054967 0.055352 8.144954 9.276523 
0.054383 0.054211 3.517546 0.054633 0.055234 0.054159 8.145057 9.284263 
0.054592 0.054968 0.056082 4.674572 0.055840 0.054523 8.141587 9.284620 
0.054776 0.054777 0.054775 0.054775 5.827300 0.054994 8.133237 9.299016 
0.056087 0.056818 0.057199 0.056193 0.056652 7.001439 8.131942 9.278804 
0.053212 0.053200 0.053202 0.053208 0.053197 0.053268 12.572503 7.214727 
0.949229 0.055322 0.056856 0.055032 0.054667 0.055740 0.056333 14.364632 
0.053584 1.852563 0.055669 0.053453 0.054119 0.053761 0.054535 14.343410 
0.054525 0.054770 2.743522 0.054989 0.055578 0.056005 0.057331 14.357728 
0.053391 0.053734 0.053391 3.638650 0.054255 0.054094 0.053525 14.356665 
0.053793 0.053814 0.055824 0.053828 4.527107 0.055416 0.054275 14.363683 
0.056706 0.061502 0.056612 0.056651 0.056656 5.437261 0.059015 14.358023 
0.053027 0.053044 0.053015 0.053016 0.053015 0.053015 6.316385 14.362490 
0.053167 0.053170 0.053230 0.053254 0.053242 0.053171 0.053191 16.053167 
1.961862 0.463366 0.745501 1.085234 1.060926 1.568511 1.593486 1.893015 
1.413556 2.751293 0.776019 1.084897 1.058090 1.577942 1.868319 1.928187 
0.270804 3.903913 0.668440 0.899535 1.102072 1.224904 1.496278 1.784687 
1.392321 0.590744 4.083458 1.123764 1.371330 1.622917 1.924323 2.199244 
0.318470 2.732083 4.071317 1.128065 1.361891 1.635548 1.922510 2.159131 
0.259813 0.477249 5.837084 0.874525 0.880360 1.298159 1.501114 1.768076 
1.385558 0.578032 0.838579 5.447406 1.364727 1.620115 1.842964 2.195214 
0.317510 2.740188 0.881074 5.386745 1.361657 1.714371 1.849136 2.151004 
0.326804 0.580470 4.067594 5.496862 1.273261 1.591401 1.865588 2.171525 
0.268365 0.470899 0.687501 7.769353 1.127905 1.256595 1.500569 1.845701 
1.387250 0.587225 0.860333 1.154525 6.768001 1.688478 1.844901 2.157560 
0.319620 2.752307 0.839384 1.099646 6.757512 1.603323 1.824705 2.161884 
0.319442 0.602043 4.079383 1.112892 6.745944 1.719641 1.859671 2.157554 
0.319049 0.586314 0.862472 5.359817 6.825112 1.630802 1.887381 2.194640 
0.260096 0.471085 0.684965 0.843766 9.680510 1.330324 1.548947 1.745582 
1.399240 0.591920 0.869374 1.083762 1.397686 8.093706 1.928236 2.192977 
0.318621 2.726078 0.846069 1.118680 1.404560 8.085838 1.920872 2.195404 
0.307612 0.586354 4.073366 1.120747 1.379826 8.130079 1.822806 2.284442 
0.326976 0.594467 0.855012 5.422803 1.420054 8.087689 1.926677 2.226318 
0.312806 0.560019 0.862638 1.147329 6.769645 8.096876 1.913566 2.172208 
0.264856 0.472417 0.689655 0.896948 1.108764 11.646000 1.507730 1.710990 
1.394383 0.632253 0.854634 1.124063 1.379424 1.610437 9.454256 2.252714 
0.313322 2.732686 0.822082 1.120505 1.372250 1.613522 9.459914 2.066931 
0.316060 0.596149 4.074699 1.122791 1.371431 1.659499 9.408765 2.187905 
0.312059 0.569420 0.834182 5.429218 1.378095 1.616079 9.412515 2.201575 
0.313671 0.589760 0.892646 1.079229 6.792575 1.628375 9.348872 2.185847 
0.309623 0.585738 0.843185 1.135307 1.375117 8.111949 9.463351 2.214105 
0.265211 0.476231 0.690777 0.917465 1.083025 1.341494 13.519454 1.738279 
1.396044 0.625329 0.840850 1.072728 1.396306 1.610530 1.967337 10.728737 
0.319726 2.754742 0.860887 1.119005 1.421551 1.684062 1.930002 10.747415 
0.314985 0.598613 4.085327 1.132713 1.391987 1.668173 1.983353 10.731557 
0.321909 0.565887 0.838121 5.450154 1.363339 1.719448 1.901357 10.777115 
0.321548 0.614150 0.855142 1.149873 6.768265 1.686883 1.890503 10.693470 
0.317262 0.563856 0.885370 1.118708 1.415591 8.106341 1.913265 10.758064 
0.333556 0.586944 0.871687 1.120685 1.461741 1.597029 9.489787 10.781947 
0.268919 0.475169 0.720050 0.925377 1.093479 1.444247 1.500528 15.466813 
