2.006503 0.006649 0.008007 0.008040 0.009998 
1.968158 0.790766 0.007608 0.007201 0.007841 
1.797758 1.804184 0.010733 0.010536 0.012049 
1.416764 2.845203 0.008687 0.008738 0.008202 
0.902494 3.600722 0.016995 0.015654 0.019673 
0.398665 3.933011 0.009757 0.010611 0.010223 
0.008068 4.006095 0.007073 0.009774 0.014353 
1.969316 0.008492 1.182950 0.008286 0.009027 
1.902399 0.940536 1.425852 0.017832 0.015421 
1.615289 2.155261 1.610745 0.012793 0.013578 
1.079345 3.226152 1.606580 0.013131 0.014771 
0.477375 3.791211 1.414799 0.014919 0.019981 
0.007949 3.928460 1.178340 0.005846 0.008626 
1.797592 0.009622 2.691930 0.011816 0.009671 
1.626167 1.096396 3.241793 0.026187 0.025943 
1.169701 2.332256 3.493331 0.020135 0.023234 
0.545237 3.229624 3.217840 0.018133 0.017725 
0.010513 3.593518 2.670428 0.009247 0.009299 
1.425607 0.011343 4.252650 0.011584 0.016599 
1.087884 1.088781 4.850819 0.027680 0.035930 
0.539248 2.151005 4.828356 0.012350 0.012393 
0.010585 2.846062 4.242246 0.036840 0.010997 
0.902993 0.008803 5.374908 0.008732 0.011830 
0.479117 0.963859 5.671516 0.016295 0.014194 
0.009858 1.809218 5.367211 0.009784 0.042445 
0.402764 0.009289 5.891585 0.009227 0.010197 
0.009754 0.808216 5.888951 0.017091 0.014533 
0.006382 0.006224 6.006223 0.006462 0.009292 
1.966986 0.006555 0.006848 1.575093 0.006952 
1.892143 0.940018 0.004844 1.860079 0.005533 
1.619533 2.163014 0.017668 2.139627 0.017427 
1.079034 3.234336 0.017830 2.139509 0.017421 
0.478970 3.790891 0.015777 1.889072 0.015825 
0.008831 3.929619 0.008266 1.570564 0.007007 
1.901936 0.016424 1.428678 1.880544 0.030846 
1.742602 1.164594 1.750768 2.325512 0.011673 
1.276410 2.539945 1.901279 2.556772 0.019643 
0.586657 3.528101 1.755167 2.344463 0.050344 
0.008571 3.785290 1.393751 1.887751 0.009072 
1.624376 0.016966 3.210897 2.141165 0.018866 
1.281702 1.274778 3.812559 2.555064 0.017755 
0.646898 2.584110 3.860483 2.565269 0.045179 
0.014954 3.230515 3.201880 2.154259 0.020474 
1.087423 0.019124 4.827577 2.158289 0.024871 
0.586330 1.171308 5.227435 2.324518 0.022358 
0.027587 2.175000 4.833765 2.138464 0.035695 
0.483099 0.015295 5.675995 1.892581 0.016298 
0.017640 0.973943 5.671352 1.888181 0.017925 
0.012827 0.008489 5.891517 1.577371 0.013320 
1.795624 0.007463 0.008188 3.584832 0.007835 
1.618502 1.094539 0.013097 4.260414 0.028793 
1.167431 2.339442 0.019933 4.638819 0.022213 
0.538360 3.232974 0.017085 4.286018 0.016942 
0.007711 3.587920 0.006775 3.566313 0.013824 
1.614534 0.009788 1.612390 4.270732 0.009857 
1.286735 1.264239 1.927540 5.131818 0.033893 
0.635078 2.547376 1.907539 5.101406 0.017347 
0.009986 3.218781 1.608377 4.271858 0.016160 
1.168000 0.017821 3.501399 4.627923 0.018792 
0.648513 1.287652 3.843898 5.128263 0.042187 
0.008958 2.327516 3.461408 4.624441 0.009360 
0.548731 0.013763 4.822681 4.290272 0.013862 
0.010823 1.083889 4.821776 4.280039 0.016493 
0.006749 0.006610 5.372690 3.585232 0.007857 
1.424794 0.009905 0.010203 5.661610 0.010421 
1.076531 1.075068 0.014937 6.419519 0.010001 
0.547228 2.175366 0.030724 6.458443 0.031553 
0.008197 2.840989 0.007495 5.652083 0.014502 
1.080430 0.015380 1.614418 6.437873 0.014900 
0.592105 1.180012 1.761500 6.997580 0.035472 
0.015870 2.160532 1.614967 6.420219 0.018283 
0.543045 0.009502 3.208945 6.429067 0.013635 
0.019857 1.091347 3.230017 6.429630 0.024693 
0.013080 0.012753 4.264525 5.657405 0.013726 
0.900769 0.005804 0.005863 7.159566 0.006881 
0.478474 0.954339 0.010180 7.547373 0.010807 
0.011490 1.809231 0.014659 7.157209 0.011963 
0.481560 0.009715 1.420719 7.552623 0.012881 
0.015731 0.952679 1.395821 7.570907 0.020599 
0.011760 0.011698 2.700539 7.163400 0.022106 
0.394985 0.006182 0.007972 7.853301 0.014974 
0.007439 0.794675 0.008711 7.850315 0.009372 
0.013602 0.013563 1.220536 7.850026 0.015972 
0.006421 0.005728 0.005718 8.005717 0.009607 
1.967595 0.007650 0.007451 0.007984 1.987974 
1.895353 0.927872 0.019142 0.008673 2.359405 
1.606824 2.163861 0.008340 0.008852 2.664967 
1.079100 3.230018 0.015870 0.015787 2.682358 
0.478014 3.791853 0.016694 0.016686 2.362212 
0.008684 3.930917 0.008188 0.012255 1.964191 
1.893410 0.008416 1.420511 0.008343 2.365609 
1.763139 1.190015 1.772647 0.033549 2.919994 
1.272412 2.545206 1.902430 0.011270 3.181736 
0.587288 3.499257 1.714495 0.021242 2.908444 
0.008409 3.783586 1.413084 0.023217 2.321514 
1.610320 0.007355 3.214192 0.007016 2.676639 
1.281323 1.292686 3.825496 0.020782 3.168086 
0.649061 2.594311 3.850552 0.045866 3.221405 
0.007348 3.219069 3.210395 0.009756 2.654391 
1.078773 0.012847 4.830335 0.013671 2.679017 
0.585994 1.141283 5.218305 0.018191 2.921837 
0.013704 2.162688 4.814906 0.019948 2.671573 
0.484815 0.011773 5.669226 0.012706 2.354629 
0.011598 0.954323 5.674487 0.011519 2.324927 
0.006170 0.006692 5.891349 0.012337 1.951302 
1.895579 0.008409 0.008984 1.840665 2.391131 
1.739991 1.169957 0.016536 2.357527 2.867192 
1.279845 2.557588 0.017850 2.537120 3.151709 
0.586929 3.504032 0.031273 2.322891 2.895139 
0.005631 3.781175 0.012353 1.876907 2.333377 
1.748322 0.015076 1.722221 2.334928 2.886241 
1.431255 1.435899 2.144018 2.831919 3.562681 
0.718453 2.870916 2.148566 2.854189 3.537940 
0.012093 3.475789 1.760188 2.316260 2.860976 
1.272486 0.011715 3.815546 2.536487 3.190549 
0.724042 1.441061 4.272207 2.866549 3.596422 
0.026974 2.567588 3.822348 2.546438 3.127675 
0.584493 0.017363 5.230794 2.322915 2.869427 
0.026708 1.197498 5.219309 2.335766 2.886633 
0.010034 0.008503 5.669553 1.876593 2.358643 
1.616489 0.011773 0.011604 4.276482 2.685374 
1.282118 1.273459 0.021135 5.101434 3.199478 
0.639534 2.551720 0.014259 5.071624 3.171101 
0.014051 3.238053 0.019772 4.243905 2.667252 
1.284399 0.024317 1.931862 5.088962 3.197972 
0.720175 1.441410 2.132252 5.691463 3.556000 
0.021759 2.569774 1.922474 5.079404 3.089321 
0.645076 0.021702 3.822373 5.092772 3.172989 
0.023055 1.285718 3.835759 5.070633 3.152154 
0.011295 0.009988 4.834398 4.249849 2.702919 
1.078797 0.014218 0.015178 6.440068 2.685135 
0.590618 1.181185 0.026386 6.971824 2.908910 
0.011774 2.160231 0.012417 6.414530 2.674176 
0.583515 0.012909 1.729683 6.962935 2.873533 
0.015736 1.176221 1.739709 6.943311 2.899411 
0.014887 0.012452 3.217315 6.430191 2.679576 
0.479686 0.010879 0.010978 7.554725 2.371006 
0.011597 0.962224 0.011358 7.551370 2.359475 
0.012600 0.011585 1.440373 7.549398 2.366545 
0.005591 0.007931 0.005587 7.849537 1.971082 
1.798093 0.008697 0.008427 0.010079 4.471141 
1.617656 1.070036 0.017765 0.012019 5.352963 
1.167044 2.327240 0.016589 0.020460 5.800085 
0.543911 3.222345 0.013435 0.014087 5.357664 
0.011191 3.588252 0.010078 0.011138 4.478995 
1.616027 0.011653 1.617194 0.011610 5.343616 
1.294679 1.302377 1.942982 0.041795 6.426176 
0.648467 2.577812 1.926260 0.038226 6.389999 
0.009383 3.225884 1.615336 0.016945 5.310839 
1.166437 0.012319 3.478717 0.013708 5.783555 
0.651082 1.299923 3.866388 0.049299 6.421797 
0.012330 2.330501 3.460003 0.012606 5.790838 
0.538333 0.031288 4.855305 0.035333 5.408259 
0.014810 1.090420 4.821509 0.015280 5.361692 
0.007909 0.008688 5.374069 0.008711 4.481236 
1.614970 0.010215 0.009969 2.143654 5.339523 
1.292585 1.295846 0.034641 2.556999 6.398547 
0.643259 2.573634 0.027669 2.555742 6.352872 
0.015879 3.230830 0.012431 2.129015 5.324644 
1.283680 0.022023 1.922427 2.545281 6.359333 
0.728742 1.453915 2.163791 2.882389 7.191966 
0.032440 2.588416 1.847345 2.572980 6.349019 
0.642281 0.018943 3.821689 2.526477 6.358544 
0.040303 1.268482 3.887556 2.490343 6.370996 
0.008371 0.008280 4.819666 2.143487 5.353593 
1.166976 0.015527 0.012454 4.631469 5.785961 
0.642913 1.285805 0.016043 5.067944 6.356432 
0.014189 2.335675 0.014977 4.617566 5.776255 
0.641704 0.008922 1.906620 5.061930 6.340094 
0.038386 1.314786 1.936059 5.087952 6.359270 
0.015259 0.010423 3.470703 4.623657 5.797171 
0.545610 0.010068 0.008742 6.419897 5.353887 
0.015223 1.091571 0.015046 6.442777 5.324981 
0.016872 0.016230 1.615723 6.441409 5.344343 
0.008861 0.008534 0.008528 7.166851 4.473389 
1.423193 0.008849 0.008443 0.009693 7.074846 
1.078303 1.080547 0.012468 0.012375 8.040243 
0.544251 2.156359 0.017008 0.017035 8.041267 
0.011056 2.853396 0.010439 0.013032 7.043793 
1.078202 0.012521 1.614271 0.011567 8.028570 
0.589658 1.173558 1.751237 0.027674 8.722579 
0.014287 2.167402 1.630098 0.017217 8.000066 
0.544511 0.016236 3.228560 0.016870 8.038447 
0.011214 1.089803 3.212526 0.010096 8.023345 
0.009635 0.009564 4.251297 0.013132 7.082142 
1.080021 0.015485 0.015192 2.170863 8.038837 
0.594655 1.176269 0.035639 2.337201 8.738383 
0.011477 2.155054 0.011665 2.130679 8.026281 
0.580233 0.012861 1.755796 2.319253 8.684006 
0.012639 1.163992 1.758900 2.325882 8.665234 
0.007454 0.007349 3.230268 2.127749 8.014938 
0.541084 0.011621 0.012575 4.293546 8.032543 
0.011610 1.088661 0.010887 4.296198 8.013534 
0.010572 0.010533 1.631560 4.278777 8.025224 
0.009632 0.009318 0.009057 5.668300 7.077097 
0.901535 0.010759 0.010767 0.011352 8.963484 
0.479960 0.948423 0.009557 0.008730 9.435976 
0.011125 1.800285 0.010153 0.010374 8.952822 
0.478183 0.008856 1.421099 0.010978 9.438306 
0.013906 0.969386 1.427888 0.012686 9.431393 
0.012316 0.012181 2.688283 0.013983 8.962426 
0.477981 0.010487 0.010503 1.895047 9.442865 
0.008438 0.959584 0.008213 1.876144 9.435985 
0.010324 0.010319 1.423463 1.871202 9.446531 
0.011831 0.010407 0.010380 3.605165 8.943943 
0.402086 0.007609 0.011571 0.007004 9.809385 
0.007990 0.786608 0.007535 0.010990 9.815645 
0.009221 0.009137 1.197707 0.009797 9.810863 
0.009386 0.008653 0.008652 1.586379 9.812252 
0.005805 0.006200 0.005359 0.005379 10.005356 
