2.002927 0.003736 0.003063 0.003034 0.005949 0.005741 0.006428 0.003538 
1.791814 1.795480 0.005316 0.004504 0.005827 0.006643 0.004233 0.004269 
0.900034 3.581226 0.006112 0.009426 0.005258 0.005373 0.004958 0.005873 
0.002665 4.002578 0.003436 0.003260 0.002719 0.002928 0.002700 0.006453 
1.792695 0.003069 2.681525 0.003857 0.005942 0.004693 0.006438 0.003905 
1.186292 2.353219 3.519448 0.039410 0.040141 0.041685 0.041292 0.040649 
0.005684 3.588616 2.672939 0.005793 0.008717 0.006420 0.007515 0.005666 
0.901137 0.008284 5.376523 0.008714 0.009552 0.010984 0.011124 0.009551 
0.004537 1.798240 5.367336 0.005143 0.004762 0.005078 0.007388 0.008011 
0.003009 0.002252 6.002193 0.002326 0.003807 0.003364 0.002394 0.002222 
1.793627 0.004275 0.005594 3.576904 0.005800 0.009224 0.006664 0.004733 
1.160675 2.307677 0.003243 4.617832 0.005316 0.007428 0.002965 0.005857 
0.004359 3.583017 0.007636 3.577948 0.004608 0.006998 0.007338 0.005022 
1.155257 0.006615 3.474864 4.640449 0.006745 0.008626 0.012359 0.009204 
0.009197 2.319120 3.465975 4.636508 0.010910 0.011772 0.009291 0.010168 
0.003104 0.003096 5.371341 3.576306 0.011846 0.005581 0.006128 0.004218 
0.899214 0.003698 0.003584 7.154905 0.004127 0.005808 0.008691 0.003950 
0.004983 1.799621 0.004998 7.153365 0.004778 0.009159 0.014495 0.007974 
0.004250 0.004124 2.686763 7.159963 0.004520 0.010158 0.008896 0.004972 
0.001956 0.001761 0.001761 8.001760 0.004359 0.006500 0.004826 0.004864 
1.791374 0.003007 0.003868 0.003237 4.471070 0.003065 0.005432 0.003500 
1.163399 2.316516 0.011773 0.010752 5.802773 0.011055 0.015241 0.011697 
0.004100 3.581182 0.004141 0.004668 4.478913 0.006045 0.004269 0.004472 
1.159122 0.008483 3.472192 0.006688 5.782462 0.007435 0.011798 0.005883 
0.005283 2.318408 3.466757 0.005727 5.773472 0.009397 0.013634 0.008710 
0.003209 0.003215 5.369455 0.003688 4.476201 0.004508 0.005948 0.003673 
1.159617 0.004636 0.005544 4.616170 5.782967 0.005706 0.023067 0.005468 
0.009945 2.322387 0.011893 4.631775 5.771777 0.010599 0.010277 0.010753 
0.010208 0.009588 3.476282 4.631904 5.774340 0.030513 0.015935 0.010804 
0.003270 0.003194 0.004490 7.156562 4.480378 0.010141 0.007678 0.003521 
0.899668 0.006843 0.006869 0.007617 8.954938 0.008290 0.006812 0.007724 
0.002701 1.786576 0.003318 0.004780 8.953065 0.005247 0.005244 0.002869 
0.004241 0.005246 2.682330 0.004124 8.952179 0.005748 0.004175 0.004258 
0.007203 0.010278 0.015616 3.578900 8.950090 0.004370 0.006638 0.004367 
0.003674 0.002572 0.002578 0.002572 10.002570 0.005567 0.005780 0.004160 
1.792459 0.003805 0.004231 0.006084 0.004586 5.362082 0.006161 0.003014 
1.162597 2.319119 0.009525 0.009404 0.010903 6.945244 0.013920 0.009671 
0.002886 3.582419 0.004170 0.003419 0.002934 5.357941 0.002927 0.006577 
1.158145 0.004639 3.462566 0.004875 0.005575 6.946562 0.007003 0.004566 
0.008544 2.317120 3.475794 0.006215 0.005670 6.908504 0.005485 0.004805 
0.005353 0.004345 5.367839 0.004758 0.004702 5.383056 0.009353 0.005205 
1.164274 0.006760 0.007100 4.625271 0.007499 6.913080 0.016758 0.006584 
0.005716 2.312267 0.007418 4.615321 0.005235 6.951365 0.015321 0.006029 
0.005346 0.005332 3.472886 4.619528 0.012457 6.933525 0.011691 0.006170 
0.004253 0.003530 0.003531 7.161878 0.005621 5.361291 0.003616 0.004025 
1.160707 0.006671 0.006681 0.007261 5.782550 6.935382 0.009847 0.006864 
0.004749 2.314473 0.006390 0.004225 5.787940 6.915643 0.014363 0.004983 
0.007369 0.007362 3.462764 0.007410 5.789205 6.942920 0.013925 0.008582 
0.004310 0.003306 0.003316 4.620428 5.786616 6.922233 0.012635 0.004369 
0.003831 0.003600 0.003599 0.003599 8.951204 5.362150 0.011397 0.003999 
0.896673 0.005113 0.004616 0.005103 0.004357 10.740911 0.003862 0.004821 
0.005998 1.801070 0.005511 0.005566 0.005947 10.727920 0.006387 0.006119 
0.004460 0.004231 2.688046 0.005559 0.007764 10.736694 0.004621 0.005108 
0.003997 0.003679 0.003687 3.583396 0.004881 10.735297 0.007910 0.004539 
0.003221 0.002924 0.002929 0.002924 4.475758 10.735630 0.005254 0.007757 
0.003392 0.002698 0.002698 0.004778 0.002698 12.002695 0.008489 0.003573 
1.792546 0.003049 0.004073 0.003232 0.004334 0.002892 6.247500 0.003141 
1.164478 2.325517 0.011715 0.011457 0.012779 0.015354 8.087890 0.011758 
0.002410 3.577058 0.003649 0.002700 0.004063 0.003763 6.283923 0.003347 
1.163015 0.008970 3.472178 0.008973 0.006529 0.010823 8.070899 0.006715 
0.006881 2.319747 3.477189 0.006194 0.006586 0.013276 8.057836 0.007255 
0.003172 0.002960 5.370032 0.003576 0.004059 0.004459 6.261573 0.004090 
1.163597 0.008182 0.008737 4.631132 0.010056 0.020166 8.074152 0.011491 
0.004525 2.310585 0.009166 4.611850 0.004159 0.007447 8.114333 0.005238 
0.004943 0.004916 3.469926 4.628889 0.006132 0.006106 8.076626 0.006053 
0.002334 0.002318 0.003799 7.160089 0.004201 0.007562 6.255060 0.002768 
1.161168 0.005634 0.005463 0.005563 5.781729 0.010426 8.071508 0.006039 
0.005148 2.317094 0.004701 0.004756 5.780492 0.005942 8.071966 0.005218 
0.003563 0.002949 3.465231 0.003751 5.785698 0.006465 8.077069 0.006341 
0.005383 0.004933 0.004928 4.621706 5.773861 0.007033 8.097758 0.005809 
0.005769 0.008449 0.002899 0.002896 8.946997 0.005235 6.264277 0.003687 
1.159725 0.004718 0.005067 0.005376 0.004986 6.933754 8.076139 0.004274 
0.008096 2.322968 0.007949 0.007939 0.008365 6.932748 8.074754 0.008347 
0.004491 0.004312 3.471938 0.004300 0.004710 6.918636 8.094866 0.005318 
0.005029 0.004717 0.005447 4.619505 0.011504 6.944130 8.081533 0.005791 
0.005319 0.005196 0.005188 0.005188 5.788744 6.926680 8.081829 0.006575 
0.004412 0.005131 0.003706 0.003706 0.003706 10.747730 6.239196 0.004197 
0.903056 0.005053 0.005823 0.005030 0.006160 0.005775 12.514081 0.005823 
0.003176 1.799112 0.003676 0.003113 0.004482 0.003364 12.512273 0.004249 
0.003905 0.005231 2.689347 0.003852 0.005078 0.004865 12.523029 0.004419 
0.003602 0.004030 0.003488 3.584903 0.003744 0.008414 12.522221 0.005000 
0.004676 0.002765 0.002731 0.002733 4.488662 0.004677 12.515027 0.004142 
0.004651 0.006582 0.020124 0.015021 0.004284 5.383269 12.518923 0.004815 
0.002527 0.001662 0.001668 0.001701 0.001693 0.001663 14.001660 0.001987 
1.797727 0.010935 0.011556 0.013105 0.011650 0.015746 0.010318 7.184204 
1.162784 2.321969 0.008912 0.009500 0.009663 0.008191 0.011025 9.228967 
0.003037 3.582638 0.004191 0.003405 0.002897 0.008412 0.008580 7.140568 
1.160410 0.004129 3.463385 0.004084 0.004712 0.005874 0.008269 9.236829 
0.005241 2.319413 3.463351 0.005395 0.005999 0.007529 0.006578 9.238273 
0.004704 0.004496 5.371588 0.005096 0.008734 0.006795 0.009356 7.157084 
1.161827 0.006004 0.006521 4.612656 0.006040 0.007439 0.009452 9.253499 
0.009489 2.321741 0.009625 4.612623 0.009086 0.020030 0.012416 9.261591 
0.003425 0.002772 3.467882 4.620804 0.003078 0.003404 0.006664 9.239120 
0.004014 0.003276 0.003278 7.160473 0.004995 0.008950 0.003340 7.151564 
1.156958 0.003347 0.002905 0.003248 5.779933 0.004037 0.006661 9.238877 
0.005719 2.313492 0.005991 0.011383 5.778057 0.004872 0.005220 9.233139 
0.006212 0.005961 3.475268 0.009761 5.770869 0.006054 0.005970 9.243396 
0.005467 0.005118 0.005118 4.629542 5.797948 0.010195 0.019597 9.200380 
0.004438 0.002569 0.003014 0.002583 8.952295 0.004835 0.011947 7.140477 
1.158885 0.004552 0.004720 0.004302 0.004734 6.926611 0.006493 9.243556 
0.007198 2.326769 0.007673 0.007750 0.007450 6.896560 0.008938 9.255357 
0.003090 0.002721 3.457740 0.003112 0.004281 6.941986 0.005237 9.249731 
0.004711 0.004823 0.004593 4.627173 0.004664 6.935945 0.005368 9.230430 
0.005527 0.004107 0.004085 0.004214 5.790198 6.934598 0.005596 9.218366 
0.004871 0.004766 0.004672 0.005848 0.011944 10.742021 0.017956 7.148776 
1.159566 0.004176 0.004700 0.004025 0.006735 0.005352 8.090489 9.227774 
0.008801 2.327639 0.006846 0.006907 0.008141 0.009363 8.073080 9.216436 
0.004425 0.004290 3.474820 0.006380 0.004758 0.005126 8.089075 9.222562 
0.006056 0.005597 0.005596 4.635547 0.005874 0.006308 8.084377 9.225565 
0.006356 0.005712 0.005708 0.005708 5.803380 0.006456 8.075071 9.219989 
0.004416 0.003881 0.003895 0.003852 0.003862 6.950524 8.045287 9.264038 
0.003311 0.002264 0.002266 0.002264 0.002289 0.002272 12.525853 7.153998 
0.905427 0.026447 0.048398 0.026257 0.026822 0.035984 0.029301 14.395450 
0.003872 1.801516 0.005247 0.003927 0.003993 0.003816 0.004803 14.296628 
0.003262 0.003159 2.685834 0.003524 0.003828 0.006058 0.007706 14.314793 
0.004129 0.004032 0.004032 3.586330 0.004865 0.004154 0.004535 14.310274 
0.002904 0.002632 0.002632 0.002642 4.481524 0.005109 0.007396 14.308056 
0.003429 0.003156 0.003158 0.003156 0.003157 5.386251 0.003186 14.302948 
0.003322 0.002954 0.002951 0.002951 0.002951 0.002952 6.259594 14.316268 
0.002219 0.002014 0.002693 0.002014 0.002020 0.002014 0.002043 16.002013 
1.928595 0.448300 0.621392 0.852569 1.054940 1.279492 1.491657 1.515006 
1.364779 2.731787 0.737163 1.069143 1.410938 1.622946 1.776896 2.207217 
0.224973 3.845133 0.602090 0.854540 1.073518 1.258399 1.522614 1.854976 
1.350504 0.545899 4.012533 1.068704 1.349546 1.603178 1.885207 2.138584 
0.271576 2.713155 4.054384 1.096744 1.355327 1.562986 1.923499 2.111567 
0.219333 0.440492 5.785045 0.865139 1.072484 1.299272 1.456222 1.662226 
1.347919 0.537813 0.811251 5.368999 1.299507 1.638132 1.870411 2.142208 
0.277366 2.716635 0.812805 5.420053 1.393172 1.631605 1.884018 2.103794 
0.286170 0.546277 4.094267 5.438056 1.382349 1.610988 1.897719 2.137142 
0.209453 0.448276 0.658290 7.705411 1.126923 1.243261 1.485530 1.704375 
1.350795 0.502718 0.828381 1.071258 6.790050 1.588278 1.872244 2.126517 
0.280827 2.716943 0.832127 1.046087 6.790263 1.627913 1.789362 2.191382 
0.289857 0.548344 4.111686 1.088821 6.819696 1.669887 1.890354 2.167941 
0.275414 0.544723 0.843126 5.382517 6.739279 1.640681 1.783684 2.198520 
0.196318 0.376456 0.566276 0.792283 9.693650 1.411868 1.479134 1.684558 
1.368855 0.539837 0.822721 1.121452 1.338704 8.099974 1.881659 2.232852 
0.275388 2.727505 0.785990 1.079699 1.273824 8.242379 1.903001 2.199726 
0.275694 0.559223 4.094983 1.063043 1.382428 8.188398 1.856230 2.211626 
0.277020 0.533542 0.863151 5.512122 1.431475 8.185016 1.934644 2.248034 
0.285283 0.563943 0.821327 1.137487 6.842970 8.251306 1.827321 2.216260 
0.218403 0.409015 0.687620 0.879360 1.051182 11.638801 1.519030 1.704176 
1.352314 0.546326 0.815295 1.101543 1.351100 1.614526 9.378907 2.161169 
0.276232 2.700436 0.808022 1.066796 1.379078 1.600559 9.445480 2.166707 
0.271076 0.530521 4.040757 1.073190 1.337512 1.612783 9.350664 2.177299 
0.277739 0.545698 0.808072 5.401540 1.404604 1.620748 9.528197 2.150631 
0.277267 0.552789 0.841026 1.109361 6.804604 1.641048 9.607924 2.153375 
0.283743 0.554784 0.826562 1.097720 1.347857 8.134295 9.429515 2.227975 
0.219629 0.430647 0.645725 0.860827 1.091002 1.307075 13.475492 1.747843 
1.358457 0.535775 0.770590 1.107613 1.253373 1.547554 1.884581 10.803833 
0.288627 2.737659 0.810302 1.132584 1.388425 1.652265 1.868984 10.959513 
0.276572 0.555795 4.085073 1.017666 1.409311 1.689123 1.771103 10.994643 
0.257581 0.513664 0.813865 5.500480 1.313666 1.651567 1.909763 10.899452 
0.287807 0.531334 0.819002 1.077430 6.708608 1.596395 1.881804 10.715093 
0.273036 0.525530 0.803357 1.072262 1.361149 8.087752 1.834697 10.729162 
0.273604 0.538505 0.809364 1.080946 1.371292 1.626081 9.429725 10.759036 
0.217085 0.424241 0.642308 0.875767 1.054783 1.289680 1.511661 15.374205 
