1.806567 0.004139 0.003935 0.006919 0.004879 0.004955 0.011064 0.009067 
0.706887 0.714117 0.006043 0.007809 0.005488 0.013641 0.017495 0.008292 
0.362732 1.428825 0.008297 0.008740 0.008445 0.009816 0.007851 0.007275 
0.004296 3.569001 0.004687 0.007120 0.005210 0.004975 0.015457 0.007849 
0.687108 0.008733 1.016310 0.021259 0.006538 0.016429 0.010678 0.006716 
0.264320 0.519027 0.785485 0.008966 0.013834 0.009809 0.011374 0.013504 
0.007051 1.378548 1.016753 0.020948 0.006216 0.016115 0.010108 0.006394 
0.350172 0.009770 2.046157 0.007903 0.005601 0.013687 0.017599 0.012988 
0.009436 0.747860 2.164034 0.010857 0.008991 0.016176 0.011134 0.009058 
0.004474 0.004173 5.460291 0.005732 0.004619 0.005364 0.011070 0.006002 
0.679318 0.007994 0.007573 1.427816 0.008053 0.006390 0.017524 0.012733 
0.250648 0.495052 0.012683 1.033854 0.007928 0.018519 0.022705 0.009335 
0.010088 1.384351 0.007329 1.439842 0.005354 0.006011 0.009185 0.007436 
0.258179 0.012232 0.748254 1.061799 0.006884 0.008537 0.009082 0.015857 
0.006051 0.492734 0.717301 1.014719 0.017090 0.004880 0.016306 0.011608 
0.004938 0.005070 2.241273 1.599283 0.005959 0.007098 0.004937 0.012515 
0.338481 0.006707 0.007184 2.810313 0.012198 0.019744 0.019279 0.015315 
0.008790 0.659534 0.005888 2.627439 0.020081 0.012222 0.011928 0.005293 
0.008720 0.012961 0.952237 2.696583 0.005735 0.011520 0.007801 0.010463 
0.004548 0.004668 0.004602 7.616978 0.004572 0.006825 0.006190 0.008033 
0.628718 0.012929 0.016880 0.011458 1.645316 0.005386 0.017144 0.012534 
0.248123 0.490400 0.013197 0.012481 1.284100 0.007019 0.018213 0.013915 
0.007694 1.257202 0.013494 0.018546 1.659923 0.006575 0.008338 0.014614 
0.227703 0.023388 0.641361 0.012118 1.166253 0.015165 0.038181 0.013795 
0.012210 0.451940 0.630448 0.018972 1.145933 0.015881 0.044015 0.008376 
0.008544 0.010669 2.034099 0.006797 1.846340 0.018287 0.007137 0.008645 
0.248196 0.007197 0.015041 1.009869 1.269932 0.013926 0.015166 0.014197 
0.009585 0.497808 0.007807 1.022575 1.290657 0.013172 0.006064 0.023403 
0.005611 0.005758 0.762893 1.068796 1.381497 0.012213 0.006542 0.008040 
0.005197 0.005480 0.005219 3.050491 1.942907 0.007479 0.005540 0.027530 
0.319117 0.009597 0.012098 0.007053 3.658119 0.006752 0.012758 0.007924 
0.009539 0.662072 0.013064 0.010457 3.470066 0.007548 0.018605 0.009417 
0.006421 0.007030 1.021894 0.008996 3.604846 0.005828 0.024823 0.013525 
0.005085 0.005097 0.009844 1.462570 3.717276 0.006408 0.009480 0.006881 
0.004762 0.004607 0.004991 0.004710 9.636565 0.004710 0.004883 0.007444 
0.672077 0.019124 0.006485 0.009169 0.010908 2.059030 0.007285 0.007619 
0.246446 0.502701 0.010032 0.013687 0.019368 1.490610 0.019479 0.015800 
0.011530 1.340156 0.008688 0.009944 0.011702 2.059683 0.008093 0.008419 
0.226009 0.025609 0.652473 0.015704 0.018530 1.389803 0.017121 0.007206 
0.008861 0.398865 0.592904 0.041578 0.085462 1.174016 0.037967 0.022192 
0.005619 0.005989 2.024941 0.011920 0.007136 2.125717 0.026336 0.007006 
0.248583 0.014044 0.011784 1.027246 0.005392 1.511483 0.007142 0.015115 
0.006786 0.515254 0.012662 1.040075 0.005331 1.529362 0.007926 0.019980 
0.005855 0.018885 0.728026 0.988156 0.005852 1.538335 0.024241 0.021266 
0.005011 0.005859 0.006073 2.963679 0.006777 2.175405 0.011740 0.014812 
0.237246 0.009081 0.013754 0.006974 1.256887 1.427901 0.017271 0.008351 
0.007740 0.483658 0.015786 0.008394 1.261953 1.441982 0.013772 0.008054 
0.006355 0.007806 0.728745 0.008606 1.331289 1.520694 0.006908 0.024123 
0.008157 0.012698 0.014361 0.941438 1.226011 1.471833 0.007488 0.007462 
0.005428 0.006801 0.005441 0.009207 3.715441 2.175074 0.010564 0.007265 
0.365976 0.028275 0.031444 0.028941 0.028398 4.627801 0.040346 0.034822 
0.008752 0.763148 0.009184 0.009874 0.008764 4.610937 0.010217 0.012413 
0.005485 0.005428 1.081020 0.006460 0.005465 4.529973 0.024745 0.009803 
0.006785 0.008384 0.010583 1.404665 0.007663 4.163798 0.006435 0.013188 
0.005740 0.005291 0.008774 0.015307 1.850935 4.319168 0.005475 0.006936 
0.004908 0.004347 0.004974 0.005469 0.005392 11.195734 0.004616 0.005965 
0.613273 0.006675 0.025051 0.015506 0.022293 0.004161 2.289932 0.006436 
0.259483 0.508409 0.008962 0.015686 0.014565 0.014128 1.891683 0.012692 
0.010336 1.209065 0.016574 0.017358 0.023380 0.006574 2.290936 0.008273 
0.234659 0.015694 0.669289 0.013464 0.020297 0.008755 1.728076 0.012214 
0.010693 0.457401 0.650691 0.023930 0.021290 0.009367 1.713786 0.013509 
0.008088 0.017114 1.754297 0.014921 0.021045 0.010835 2.264007 0.006761 
0.249593 0.012284 0.013376 1.012080 0.005972 0.005955 1.882591 0.023257 
0.006530 0.516943 0.012695 1.044386 0.006444 0.009251 1.925760 0.017628 
0.005918 0.006424 0.763175 1.078083 0.005084 0.006207 1.971581 0.006993 
0.006681 0.009749 0.019696 2.538717 0.012148 0.009156 2.304985 0.009200 
0.239613 0.011499 0.011542 0.010769 1.262039 0.006590 1.813883 0.012964 
0.007936 0.475090 0.015964 0.011921 1.272184 0.006630 1.810163 0.007858 
0.009209 0.014803 0.717686 0.008662 1.267486 0.006381 1.807576 0.013895 
0.008456 0.013571 0.014727 0.949557 1.233549 0.006463 1.741982 0.007074 
0.014079 0.023450 0.024884 0.046622 2.710319 0.009894 1.912207 0.015048 
0.236826 0.015102 0.011279 0.005391 0.005266 1.565750 1.885042 0.008825 
0.014762 0.455923 0.012250 0.013195 0.128961 1.342363 1.678356 0.021119 
0.008052 0.010962 0.583947 0.022524 0.132252 1.257066 1.479846 0.022465 
0.009829 0.015826 0.011023 0.902127 0.034909 1.318566 1.634542 0.006730 
0.007522 0.009246 0.010508 0.013220 1.244968 1.454924 1.754744 0.011670 
0.007644 0.009556 0.005611 0.035241 0.042679 3.618947 2.188119 0.006933 
0.317914 0.015999 0.022990 0.021588 0.016582 0.010101 4.662913 0.012052 
0.010675 0.610992 0.015617 0.012146 0.013192 0.005721 4.657593 0.008416 
0.011389 0.019101 0.886205 0.031005 0.008115 0.007101 4.283499 0.031823 
0.009499 0.016867 0.016221 1.184857 0.028297 0.006820 4.365479 0.011851 
0.009832 0.015018 0.015588 0.032684 1.509132 0.005046 4.283672 0.009975 
0.011674 0.018006 0.026548 0.043726 0.040345 1.536744 3.793978 0.012945 
0.004177 0.004048 0.004087 0.004148 0.003966 0.003966 13.564399 0.004045 
0.960240 0.011852 0.025058 0.011704 0.025377 0.007542 0.019703 4.178391 
0.371289 0.735926 0.008973 0.005706 0.005725 0.005698 0.025424 3.205630 
0.012622 1.877848 0.024892 0.014733 0.020313 0.011135 0.020138 4.091770 
0.372849 0.007665 1.069417 0.006823 0.006463 0.005985 0.008030 3.187070 
0.008006 0.740038 1.091290 0.023750 0.007864 0.007829 0.007707 3.256031 
0.015325 0.028020 2.391248 0.024335 0.018801 0.009672 0.023734 3.188963 
0.360620 0.007087 0.014496 1.497167 0.007802 0.007522 0.008931 3.187053 
0.006084 0.724070 0.015936 1.519387 0.006101 0.006669 0.007651 3.188346 
0.010496 0.006888 1.076741 1.521050 0.007695 0.007417 0.007108 3.195226 
0.004633 0.004633 0.005277 4.861667 0.005106 0.011259 0.004702 5.129831 
0.458465 0.008041 0.011978 0.015362 2.390072 0.012198 0.006535 3.985668 
0.008399 0.872633 0.016408 0.015851 2.343145 0.012495 0.007058 3.861803 
0.010661 0.009539 1.062204 0.012329 1.872830 0.009637 0.017486 3.189971 
0.005864 0.006018 0.005683 1.479029 1.916823 0.006334 0.013430 3.194998 
0.014867 0.024036 0.031451 0.054512 3.924077 0.012365 0.006599 3.226073 
0.366694 0.012256 0.008524 0.006417 0.006087 2.231475 0.006085 3.192654 
0.009635 0.748155 0.007015 0.006225 0.006230 2.206078 0.006470 3.189837 
0.005201 0.005145 1.068725 0.007793 0.016282 2.252304 0.006386 3.184937 
0.005799 0.005796 0.006641 1.560996 0.008307 2.246102 0.006895 3.196769 
0.005532 0.005153 0.005588 0.006873 1.895337 2.217260 0.009117 3.185307 
0.004716 0.005445 0.005159 0.005245 0.005384 7.276919 0.005993 5.146896 
0.345782 0.008191 0.006357 0.010392 0.006087 0.007329 2.669498 3.189362 
0.006302 0.726622 0.006777 0.010812 0.006507 0.007742 2.669918 3.189782 
0.007315 0.005407 1.063505 0.005830 0.005654 0.006859 2.741075 3.185783 
0.004845 0.004813 0.004847 1.582501 0.005038 0.005037 2.872296 3.277343 
0.006525 0.007081 0.008115 0.006905 1.900292 0.006629 2.699228 3.187047 
0.006397 0.006517 0.006333 0.006924 0.007300 2.271642 2.812563 3.187309 
0.008080 0.011771 0.015211 0.048650 0.030829 0.015952 5.844815 3.367438 
0.373172 0.013823 0.032956 0.046312 0.023319 0.030315 0.020903 6.438474 
0.009601 0.755555 0.033360 0.046376 0.024056 0.030456 0.021044 6.438615 
0.013733 0.026048 1.094552 0.037119 0.024071 0.029811 0.013301 6.504302 
0.014060 0.027463 0.030616 1.537810 0.009876 0.021379 0.012938 6.458130 
0.013499 0.024303 0.026183 0.050048 2.040847 0.008210 0.009038 6.755122 
0.009141 0.015190 0.016129 0.029037 0.080672 2.328571 0.012313 6.557580 
0.008620 0.013476 0.015599 0.020005 0.026894 0.013415 3.119903 7.167662 
0.004162 0.004257 0.005131 0.005126 0.004067 0.004007 0.004019 15.593511 
0.322548 0.079461 0.110055 0.136650 0.237500 0.193037 0.276408 0.319731 
0.164020 0.341319 0.094390 0.132685 0.183626 0.201105 0.276386 0.293525 
0.047936 0.682961 0.123890 0.144379 0.214502 0.189632 0.282713 0.314432 
0.182886 0.063968 0.530523 0.142061 0.159855 0.223833 0.265159 0.324862 
0.036811 0.351819 0.548100 0.141368 0.179340 0.224521 0.290670 0.351148 
0.044098 0.080495 0.982705 0.127057 0.223860 0.221151 0.244546 0.328271 
0.162482 0.068667 0.091085 0.680511 0.178777 0.177764 0.273921 0.286111 
0.036407 0.357554 0.109939 0.695403 0.214125 0.189841 0.282891 0.314616 
0.037643 0.069849 0.486158 0.690677 0.189277 0.156360 0.249171 0.312646 
0.039666 0.077700 0.106159 1.301016 0.193918 0.211547 0.268870 0.322588 
0.169069 0.071223 0.094612 0.137096 0.836145 0.169058 0.269296 0.286025 
0.038378 0.325450 0.092893 0.132657 0.850801 0.226471 0.257817 0.313965 
0.039752 0.061937 0.502597 0.133833 0.892219 0.261859 0.303770 0.339676 
0.036212 0.077915 0.105289 0.703702 0.893432 0.170502 0.260922 0.309955 
0.037588 0.080139 0.112572 0.140050 1.771146 0.245358 0.299940 0.323367 
0.164607 0.068418 0.097962 0.140065 0.167378 1.000186 0.266463 0.306686 
0.027613 0.338420 0.124813 0.141088 0.158001 1.038030 0.262079 0.245626 
0.037186 0.077627 0.493579 0.139111 0.173236 1.034277 0.272815 0.291017 
0.032908 0.073337 0.101737 0.675302 0.170378 0.999439 0.265497 0.292621 
0.036847 0.065938 0.101150 0.132703 0.884338 1.033937 0.252347 0.294037 
0.038370 0.074899 0.108273 0.154179 0.201690 2.051814 0.252096 0.330476 
0.167890 0.072103 0.093489 0.138303 0.167086 0.186122 1.228984 0.282964 
0.032942 0.350065 0.106505 0.119820 0.196021 0.183440 1.291541 0.305572 
0.038391 0.073907 0.498826 0.153429 0.149777 0.214733 1.305786 0.317701 
0.038194 0.081706 0.103292 0.736445 0.178474 0.190318 1.330348 0.322714 
0.030268 0.075276 0.094747 0.122048 0.971581 0.181093 1.286273 0.340210 
0.039969 0.081341 0.097860 0.142712 0.172321 1.097711 1.381841 0.327969 
0.041284 0.083578 0.119152 0.158047 0.198739 0.164661 2.444904 0.342492 
0.218443 0.094106 0.123193 0.180890 0.218000 0.238612 0.332049 1.932873 
0.042610 0.444862 0.128407 0.145315 0.207816 0.314306 0.329499 1.951549 
0.042915 0.088584 0.636183 0.181956 0.252189 0.284218 0.319738 1.951580 
0.050313 0.085675 0.143958 0.903202 0.248685 0.242771 0.279304 1.910686 
0.041803 0.080344 0.125494 0.155361 1.139018 0.304477 0.355306 1.781705 
0.045354 0.089035 0.131272 0.186868 0.199886 1.329361 0.323653 1.990797 
0.051449 0.097232 0.130366 0.187118 0.224681 0.167442 1.618860 1.932490 
0.046872 0.091726 0.127974 0.172109 0.236280 0.235887 0.326391 3.322067 
