1.835788 0.005867 0.005464 0.006525 0.007764 0.005939 0.005290 0.006942 
0.740605 0.755078 0.004373 0.004455 0.004289 0.013904 0.005735 0.005033 
0.375977 1.528697 0.006203 0.005461 0.006602 0.006713 0.006333 0.007503 
0.004693 3.791015 0.004639 0.005318 0.004749 0.005891 0.005514 0.006719 
0.737877 0.004797 1.142880 0.006210 0.007952 0.004537 0.005192 0.005213 
0.271832 0.551578 0.844138 0.007109 0.006087 0.005814 0.006156 0.006984 
0.006749 1.340823 1.016885 0.007604 0.005506 0.017795 0.018819 0.006994 
0.367118 0.004569 2.277491 0.005386 0.005710 0.005305 0.009469 0.005361 
0.005264 0.739933 2.246492 0.006094 0.006428 0.006791 0.010192 0.006064 
0.004697 0.004790 5.521595 0.006215 0.005675 0.005816 0.005152 0.004893 
0.649507 0.018664 0.005827 1.310418 0.011958 0.021165 0.007082 0.007179 
0.270116 0.546639 0.006229 1.093580 0.006701 0.006438 0.017485 0.009439 
0.008171 1.396663 0.005619 1.408045 0.005361 0.007698 0.004944 0.013069 
0.254109 0.020645 0.763334 1.009543 0.006326 0.004209 0.005075 0.004191 
0.011848 0.498506 0.729128 0.958875 0.005903 0.010728 0.015007 0.007602 
0.006554 0.010546 2.055133 1.358851 0.012774 0.004722 0.004433 0.005769 
0.338193 0.009518 0.014639 2.741394 0.006781 0.006614 0.009852 0.004946 
0.006609 0.673602 0.012716 2.728029 0.006280 0.014913 0.013973 0.007395 
0.005649 0.007060 1.052879 2.772076 0.008333 0.009838 0.009665 0.005175 
0.004545 0.004626 0.004994 7.486826 0.004479 0.005654 0.008362 0.006569 
0.611480 0.014545 0.032075 0.013026 1.586104 0.009769 0.004965 0.009931 
0.263475 0.526514 0.005301 0.014229 1.315782 0.008300 0.005187 0.006299 
0.006034 1.233969 0.030350 0.011824 1.618309 0.008696 0.005166 0.014054 
0.223339 0.021812 0.666233 0.034221 1.040931 0.011246 0.025643 0.006986 
0.014165 0.472409 0.724433 0.007876 1.162500 0.006537 0.020855 0.005253 
0.008451 0.017723 1.784761 0.042246 1.509907 0.005222 0.009323 0.006305 
0.243960 0.017779 0.007866 0.992993 1.259114 0.005139 0.011022 0.006458 
0.011738 0.491797 0.006820 0.991484 1.201462 0.011342 0.004831 0.005230 
0.008077 0.014078 0.730273 0.963103 1.237611 0.009412 0.005551 0.023641 
0.011672 0.018305 0.029551 2.297429 1.467447 0.013910 0.008513 0.006404 
0.300735 0.024896 0.009072 0.010424 3.107114 0.014454 0.027613 0.007313 
0.006350 0.608943 0.034193 0.030176 3.068549 0.010842 0.012492 0.006873 
0.007002 0.008442 0.956195 0.023155 3.211559 0.005116 0.016686 0.014578 
0.007798 0.010450 0.020697 1.279421 3.162221 0.006083 0.018919 0.008446 
0.003508 0.003508 0.003509 0.003509 9.774736 0.004788 0.003834 0.003607 
0.618807 0.023171 0.013443 0.005350 0.026351 1.920404 0.007205 0.005785 
0.255864 0.511002 0.005441 0.007342 0.017295 1.569930 0.010021 0.005906 
0.005826 1.476384 0.004371 0.004636 0.004627 2.233065 0.008767 0.006267 
0.257137 0.008205 0.789771 0.008221 0.009187 1.573417 0.004894 0.007595 
0.009918 0.509511 0.758084 0.005403 0.004741 1.530449 0.008648 0.007903 
0.006601 0.008680 1.915045 0.021425 0.017477 1.929377 0.009324 0.006235 
0.258726 0.007984 0.005828 1.059085 0.008292 1.598405 0.004611 0.004883 
0.006811 0.500464 0.005463 1.006081 0.010058 1.494675 0.014567 0.006483 
0.006798 0.003997 0.753770 0.991514 0.012149 1.499635 0.013380 0.016212 
0.006528 0.009409 0.017043 2.456860 0.016442 1.877675 0.020130 0.005991 
0.247523 0.016384 0.021434 0.017136 1.235540 1.499971 0.021358 0.013203 
0.012725 0.473942 0.006251 0.006282 1.188694 1.483230 0.018695 0.009271 
0.007190 0.009159 0.762251 0.005210 1.293091 1.561517 0.005330 0.006133 
0.004793 0.010051 0.017000 1.014813 1.253824 1.471459 0.004754 0.016415 
0.004596 0.007305 0.008080 0.004395 3.610532 2.208620 0.005867 0.012192 
0.286865 0.011211 0.034050 0.016827 0.035843 3.536597 0.012320 0.006650 
0.011610 0.592167 0.019474 0.034920 0.010095 3.614858 0.004773 0.006317 
0.008418 0.015528 0.969639 0.015494 0.004774 3.902262 0.009629 0.006407 
0.005931 0.008211 0.005473 1.309210 0.008123 4.002283 0.022715 0.004852 
0.004347 0.004347 0.007145 0.004367 1.958696 4.567085 0.004984 0.005145 
0.004358 0.004249 0.004419 0.004249 0.004249 11.551493 0.007205 0.004983 
0.651201 0.019019 0.006155 0.013955 0.008690 0.012850 2.301072 0.007919 
0.222969 0.446019 0.021335 0.012334 0.026061 0.022380 1.567537 0.007868 
0.005035 1.295521 0.021364 0.013854 0.012043 0.006468 2.252873 0.014265 
0.234879 0.017150 0.713273 0.013284 0.013049 0.007091 1.644151 0.018014 
0.011796 0.446391 0.665294 0.019739 0.033781 0.010456 1.544240 0.005291 
0.007224 0.010699 1.900804 0.019957 0.004650 0.014852 2.210208 0.009221 
0.252730 0.010800 0.007097 1.022140 0.019725 0.006287 1.791978 0.007099 
0.008283 0.509512 0.007470 1.024802 0.020166 0.006723 1.793515 0.007541 
0.011097 0.016734 0.675605 0.925565 0.016411 0.011306 1.592816 0.013369 
0.005457 0.007936 0.010962 2.805983 0.005025 0.006235 2.450382 0.013354 
0.230611 0.011950 0.015708 0.008011 1.250289 0.007778 1.745493 0.005593 
0.011016 0.465959 0.011434 0.007645 1.177587 0.007012 1.721288 0.006299 
0.006359 0.009392 0.744751 0.017788 1.212966 0.004281 1.716219 0.005839 
0.004609 0.008205 0.009879 1.065569 1.336942 0.004604 1.819261 0.005097 
0.008156 0.011596 0.020940 0.013224 3.106435 0.008038 2.126980 0.013876 
0.247361 0.008445 0.005101 0.004955 0.031458 1.539961 1.746382 0.006926 
0.007173 0.499510 0.006586 0.010878 0.021050 1.514101 1.723262 0.006804 
0.006642 0.016116 0.751904 0.007465 0.004449 1.492971 1.709086 0.006527 
0.006073 0.004357 0.007272 1.031769 0.010792 1.558453 1.762226 0.004789 
0.005644 0.006112 0.009111 0.016854 1.278021 1.539344 1.761845 0.007089 
0.005205 0.006684 0.006554 0.010643 0.012559 4.319168 2.495681 0.005906 
0.318526 0.010938 0.005404 0.009184 0.010325 0.079968 4.532044 0.005971 
0.010502 0.627528 0.019818 0.009049 0.004469 0.027842 4.394226 0.004686 
0.008799 0.016447 0.941620 0.012862 0.007207 0.017825 4.346110 0.006065 
0.007184 0.015872 0.009238 1.232466 0.006850 0.073497 4.277259 0.008059 
0.004647 0.004797 0.004702 0.004648 1.798697 0.063468 4.872389 0.010144 
0.005085 0.005515 0.009025 0.004608 0.004584 2.239541 5.187984 0.006776 
0.004021 0.004446 0.004067 0.003996 0.004327 0.004009 13.582716 0.005718 
1.639469 0.010659 0.010265 0.006312 0.007875 0.006144 0.009826 3.815100 
0.418054 0.835477 0.009546 0.007227 0.050343 0.030421 0.023481 1.914992 
0.007326 3.174818 0.007316 0.009411 0.006000 0.014430 0.005478 3.617788 
0.409962 0.027067 1.251261 0.020267 0.019855 0.013082 0.009829 1.880248 
0.014828 0.857587 1.277461 0.008052 0.013027 0.024531 0.022679 1.931712 
0.005197 0.008782 4.803075 0.004928 0.015000 0.015038 0.005574 3.599484 
0.417984 0.011961 0.005966 1.708170 0.051429 0.026778 0.011666 1.930623 
0.006187 0.850159 0.022213 1.737038 0.014305 0.023249 0.017943 1.947636 
0.009606 0.013765 1.316453 1.714710 0.005378 0.019282 0.028880 1.921248 
0.006289 0.005519 0.005532 6.695082 0.006117 0.032659 0.006385 3.806000 
0.401430 0.025837 0.034924 0.011106 1.962673 0.019776 0.016803 1.849044 
0.009159 0.879791 0.021985 0.020546 2.117457 0.033819 0.007158 1.917815 
0.011184 0.023028 1.216640 0.009559 2.009145 0.014654 0.037383 1.848646 
0.006026 0.019453 0.015519 1.690007 2.183123 0.029196 0.012540 1.883655 
0.009075 0.012680 0.016921 0.027316 6.530342 0.028923 0.012268 2.862492 
0.395959 0.011872 0.007038 0.010647 0.065347 2.418148 0.096531 1.814334 
0.008581 0.797391 0.007487 0.004393 0.064789 2.397043 0.094491 1.807033 
0.005550 0.024814 1.286928 0.004559 0.021319 2.570420 0.022670 1.939039 
0.009230 0.015521 0.010073 1.688696 0.022298 2.576904 0.013649 1.916208 
0.012147 0.016483 0.014410 0.009271 2.132258 2.552051 0.093483 1.888880 
0.004844 0.005962 0.006900 0.009943 0.009004 9.424255 0.021023 3.523553 
0.453506 0.013147 0.007820 0.011610 0.011413 0.032972 3.209507 2.101153 
0.008651 0.947720 0.008818 0.007909 0.009740 0.029314 3.327093 2.164141 
0.009133 0.012270 1.297017 0.017750 0.011039 0.037375 2.967726 1.928900 
0.009711 0.015083 0.004878 1.798024 0.004028 0.028482 3.140532 2.026429 
0.005173 0.008304 0.007960 0.012199 2.404118 0.028732 3.350168 2.107154 
0.009402 0.013836 0.030156 0.028067 0.013366 2.478202 2.915731 1.814045 
0.009346 0.013003 0.022713 0.026979 0.031068 0.005705 9.299950 3.018280 
0.709920 0.006408 0.004988 0.006650 0.005015 0.009096 0.005099 6.604629 
0.006780 1.416987 0.005696 0.005156 0.010098 0.005152 0.006839 6.443772 
0.005567 0.006310 2.140973 0.005261 0.004457 0.004517 0.004578 6.427497 
0.004312 0.006327 0.004339 3.024061 0.006381 0.006591 0.004995 6.881948 
0.007791 0.015868 0.021755 0.062272 3.970635 0.008211 0.004532 6.952899 
0.004639 0.005238 0.004136 0.004155 0.008128 4.334911 0.004088 6.474622 
0.004114 0.004548 0.004115 0.004132 0.008080 0.006945 5.131519 6.614592 
0.022906 0.041565 0.093257 0.096216 0.067241 0.156333 0.131346 13.573032 
0.320389 0.092145 0.113341 0.130572 0.184421 0.204324 0.221557 0.168738 
0.165731 0.329931 0.106673 0.125303 0.159564 0.202402 0.214339 0.141746 
0.039288 0.627994 0.109290 0.147464 0.195689 0.220396 0.240904 0.146578 
0.178436 0.058994 0.527342 0.138464 0.192124 0.212229 0.236821 0.177070 
0.031697 0.329349 0.503284 0.149823 0.172052 0.196096 0.241377 0.152481 
0.038535 0.081541 0.991288 0.164801 0.152188 0.201084 0.251901 0.151059 
0.171109 0.061603 0.093127 0.704071 0.168619 0.198200 0.222209 0.170811 
0.036078 0.336410 0.094352 0.676118 0.186978 0.192923 0.226531 0.157632 
0.037769 0.070960 0.500427 0.661662 0.168753 0.191586 0.225326 0.156032 
0.039959 0.074013 0.116184 1.345981 0.179335 0.197840 0.273615 0.177866 
0.156304 0.077101 0.109047 0.135884 0.746383 0.206097 0.240140 0.135003 
0.040226 0.320051 0.112405 0.130645 0.764343 0.205692 0.237637 0.164281 
0.037491 0.072623 0.500529 0.140828 0.869679 0.206153 0.257104 0.156139 
0.036496 0.072682 0.108305 0.641048 0.816548 0.224607 0.242441 0.160912 
0.040215 0.073643 0.110116 0.159004 1.620455 0.223983 0.301898 0.170531 
0.165821 0.065948 0.104688 0.143782 0.157274 1.032467 0.222077 0.171740 
0.036330 0.349969 0.089834 0.146134 0.157728 1.053727 0.278618 0.160862 
0.036493 0.070787 0.517995 0.141318 0.164303 1.051708 0.239546 0.172298 
0.038203 0.072983 0.103094 0.679609 0.139027 1.029008 0.246852 0.155799 
0.037324 0.070030 0.104281 0.130206 0.862550 1.069879 0.214124 0.146932 
0.039794 0.074448 0.111617 0.154424 0.173761 2.059078 0.269251 0.166418 
0.157892 0.064594 0.124567 0.152004 0.128019 0.226881 1.167807 0.164502 
0.032674 0.326391 0.124907 0.135983 0.166736 0.208409 1.169578 0.139682 
0.035704 0.088533 0.539366 0.147765 0.144280 0.227264 1.267049 0.182345 
0.040328 0.065733 0.114211 0.676552 0.152493 0.198424 1.160365 0.157266 
0.040463 0.076390 0.111886 0.137978 0.882264 0.205151 1.248918 0.166975 
0.034777 0.066879 0.118231 0.146949 0.128439 1.126518 1.267628 0.172268 
0.037968 0.066893 0.112245 0.156680 0.196524 0.231792 2.359815 0.159152 
0.228472 0.089955 0.141038 0.191676 0.190246 0.260857 0.278299 0.984193 
0.046043 0.449473 0.138667 0.188234 0.210833 0.260642 0.279594 1.024587 
0.046206 0.090252 0.669492 0.181136 0.215678 0.280357 0.302107 1.024237 
0.047890 0.094066 0.128404 0.877911 0.204089 0.288869 0.274317 0.982502 
0.046784 0.087763 0.132422 0.192397 1.115075 0.264471 0.296605 0.997808 
0.044027 0.099369 0.137379 0.173376 0.167462 1.405623 0.365587 1.067198 
0.048768 0.093341 0.137263 0.197130 0.211023 0.204544 1.604721 1.071503 
0.065127 0.124256 0.188980 0.244320 0.334045 0.404315 0.443996 2.518927 
