2.075198 0.099390 0.153155 0.128670 0.324753 0.391316 0.984575 0.124710 0.163917 0.104105 
1.629787 2.652236 0.124764 0.499534 0.100883 0.859535 0.173526 0.212493 0.270966 0.480609 
1.597771 0.320222 4.119446 0.215354 0.429621 0.161090 0.589193 0.185935 0.172094 0.553753 
0.274181 3.708820 2.502992 0.238606 0.255816 0.190409 0.411418 0.119848 0.293832 0.115095 
0.781471 0.177753 5.691350 0.192112 0.395178 0.094129 0.554780 0.151442 0.143419 0.255409 
0.257314 2.227329 4.991081 0.412157 0.362892 2.054195 0.217172 0.338917 0.454115 0.303734 
0.126098 0.447057 6.070816 0.448869 0.251741 0.147751 0.174737 0.138521 0.158708 0.131954 
1.713499 0.831303 0.194632 4.447394 0.329823 0.396385 0.989635 0.184334 0.168990 0.109179 
0.257168 3.418666 0.289622 4.549541 0.136811 0.173950 0.444341 0.596097 0.650205 0.115858 
0.217368 0.097330 4.887845 4.805035 0.407043 0.093114 0.991825 0.176035 0.638563 0.107301 
0.678143 0.286306 0.083262 7.684815 0.406202 0.113434 0.677593 0.123751 0.376597 0.726852 
0.190336 2.428362 0.195220 6.510864 0.158718 0.083589 0.257814 0.174517 0.289695 0.076343 
0.231680 1.296041 3.232847 6.469713 0.208715 1.336484 0.409454 0.439136 0.124142 0.735872 
0.085761 0.224970 0.831510 8.006743 0.102301 0.251495 0.388384 0.121954 0.131399 0.166352 
1.835091 0.858064 0.180555 0.163010 4.370590 0.107922 0.373923 0.325027 0.217275 0.659784 
0.282295 3.533863 0.263909 0.248081 5.196808 0.207015 0.379326 0.178360 0.408650 0.125877 
1.007787 0.418482 3.434341 0.214467 6.960857 0.135311 0.189527 0.557231 0.145360 0.113180 
0.119991 0.396542 5.295067 0.395847 5.008159 0.268843 0.169662 0.136866 0.320649 0.126776 
1.256794 0.298301 0.075216 3.394345 6.938477 0.116009 0.201938 0.537683 0.685482 0.159515 
0.158819 0.335239 4.048016 3.950063 5.445095 0.121667 0.333793 0.420272 4.106906 0.729586 
0.114192 0.540010 0.149710 6.804190 5.409362 0.136499 0.463058 0.249586 0.548154 0.488726 
0.151090 1.462120 0.872626 0.141536 9.366293 0.187144 0.084763 0.127540 0.213582 0.484715 
0.142438 0.086004 2.500217 0.644184 9.169145 0.109280 0.577785 0.197339 0.290669 0.441988 
0.161470 0.214482 0.088141 3.027998 9.371198 0.125423 0.100163 0.100322 0.218058 0.478972 
1.767357 0.615836 0.518946 0.168942 0.356255 6.191334 0.275764 0.110063 0.140995 0.093787 
1.032167 2.958129 0.192028 0.194004 0.120448 6.426768 0.210739 0.133108 0.263099 1.537419 
0.259359 3.457555 0.264265 0.884295 0.161189 6.332562 0.229413 0.183800 0.152557 0.089930 
0.890764 0.096664 4.342105 0.301114 0.179006 5.822086 0.219469 1.397291 5.837200 0.255054 
0.192909 2.514261 3.047489 0.166344 0.445780 5.888397 0.184454 6.284557 0.353011 1.254773 
0.351481 2.334093 0.149711 4.385656 0.232019 7.434113 0.257801 0.353313 0.097728 0.218542 
0.099205 0.616024 0.105256 6.819847 0.152064 6.323158 0.264056 0.174602 0.118645 0.080731 
1.251909 0.613343 0.143459 0.473226 5.855462 6.596992 0.258328 0.089459 0.245686 0.670767 
0.170717 1.689667 0.136805 0.327828 7.283188 6.778233 0.154916 0.337707 0.152948 0.331108 
0.110328 0.412960 0.350630 4.775680 5.388254 7.080067 0.421815 0.614860 0.181494 3.384849 
0.924410 0.351047 0.304661 0.128533 0.221806 10.922813 0.349685 0.116470 0.148471 0.100287 
0.164126 2.093137 0.096008 0.250407 0.137344 10.438099 0.391546 0.109123 0.329408 0.121844 
0.085963 0.145376 0.404244 3.466589 0.187178 10.930080 0.392738 0.126543 0.379803 0.112214 
0.084765 0.262763 0.314027 0.079391 6.121888 9.535493 1.352256 0.109364 0.091967 0.094392 
0.077557 0.086402 0.209691 0.079303 0.565558 12.058367 0.177235 0.113506 0.096110 0.327608 
1.748638 1.107826 0.104166 0.242228 0.375252 0.117368 6.657104 0.142366 0.724802 3.460089 
0.232269 3.394579 0.095444 0.200427 0.163055 0.255835 7.863759 0.099112 0.150192 0.277217 
0.196422 2.569401 3.127648 0.193481 0.199004 0.321666 8.487969 0.690037 0.111166 0.108344 
0.989890 0.555014 0.163631 4.075260 1.331485 0.724814 10.250064 0.606269 1.176687 0.122696 
0.482892 2.587445 0.167765 3.603200 0.220238 0.578498 8.656887 1.485321 0.388561 0.099487 
0.089908 0.170721 0.322327 6.385177 0.140975 0.300966 8.651601 0.634338 0.084996 0.696763 
1.211768 0.413425 0.090125 0.183452 5.463335 0.121560 8.785854 0.552727 0.700526 0.167024 
0.195007 2.289810 0.295987 0.190784 4.806504 0.149413 8.646928 5.150573 0.334186 0.277853 
0.080088 0.256413 3.474550 0.130826 5.489096 0.313033 8.691685 0.641801 0.285298 0.141528 
0.117329 0.228919 0.103101 4.517122 5.516888 0.313369 8.948339 0.118572 0.754284 0.206856 
0.078254 0.128565 1.114795 0.227537 9.286254 0.092901 4.865889 0.968364 0.145851 0.394079 
0.191270 2.624412 0.365369 0.134203 0.154744 6.300499 8.039554 0.097459 0.150234 0.277918 
0.122867 0.340266 3.993144 0.677881 0.340823 5.031678 8.926647 0.230472 0.151965 0.258111 
0.094788 0.164437 0.291126 5.472576 0.208728 5.121970 8.568915 0.634089 0.090198 0.718253 
0.140925 0.625750 0.124160 0.099733 0.110361 9.905012 7.874305 0.095408 0.146487 0.273513 
0.892902 0.166292 0.104136 0.313388 0.215056 0.116301 12.953523 0.222669 0.431301 0.212908 
0.161418 1.929670 0.142459 0.270613 0.136896 0.101969 12.486633 0.530979 0.488217 0.234708 
0.082003 0.254979 2.643983 0.459765 0.115151 0.088721 12.679798 0.096876 0.354995 0.720625 
0.578299 0.126851 0.090208 2.574173 0.199580 0.100825 12.938054 0.207193 0.415330 0.197433 
0.091508 0.096541 0.168058 0.106588 0.358044 7.274634 11.293332 0.341565 0.398802 0.142162 
0.075337 0.081111 0.168162 0.076416 0.091802 0.080555 14.072526 0.116097 0.239609 0.080355 
1.891124 0.274212 0.129451 0.176728 0.401799 0.336900 0.193948 6.751673 0.484230 0.263659 
1.000042 2.839214 0.312102 0.199671 0.117024 0.920766 0.191343 9.316672 0.265090 0.117630 
0.303209 3.457245 0.221171 0.174730 0.461363 0.086952 0.239567 8.310947 0.598834 1.910328 
1.356901 0.472925 3.199727 0.182488 0.153313 0.348329 1.653600 7.342910 0.669180 6.491251 
0.104679 0.592940 5.089042 0.210676 0.573306 0.649882 0.826006 8.539785 0.392744 0.206746 
1.542138 0.315921 0.224950 4.117192 0.441158 1.555348 0.172997 7.031399 0.688829 0.191459 
0.348459 2.711296 0.218295 4.756373 0.440617 1.554807 0.172456 7.030857 0.688288 0.190921 
0.116516 0.544138 3.887440 4.110522 0.215622 0.103625 0.210160 9.343001 0.609499 0.099331 
0.084088 0.288855 0.086286 7.466724 0.417133 0.120164 0.231432 6.077351 0.090769 0.096185 
0.991796 0.361178 2.306444 0.153985 5.850438 0.487457 1.650723 7.338030 0.664583 6.508874 
0.234217 2.578461 0.211960 0.152903 6.861313 0.273182 0.125553 6.144480 0.391360 0.192959 
0.455897 0.201039 3.827088 0.154407 6.228391 0.338666 0.201740 6.664620 0.608948 3.384091 
0.098667 0.444013 0.127758 5.518876 4.388859 0.117209 0.379016 9.459452 0.536262 0.477100 
0.236024 2.847360 0.191843 0.404964 0.417545 5.215896 0.187153 9.445933 0.712266 0.225622 
0.108762 0.387099 0.095126 0.098347 4.791095 8.534960 0.091435 8.405318 0.656322 1.781224 
0.084472 0.090048 0.187496 0.105286 0.442079 10.016789 0.127619 9.037062 0.160810 0.346157 
1.513099 0.287808 0.397269 0.136941 0.235734 0.296994 7.049940 7.795151 0.146338 0.102241 
0.213431 3.041860 0.091052 0.184952 0.154441 1.258657 7.098565 6.986317 0.147030 0.274056 
0.101792 0.307048 3.329686 0.175268 0.157477 0.434226 9.213040 8.566858 0.401779 0.245499 
0.472499 0.285625 0.117928 5.069574 0.338710 0.159214 8.179612 8.011245 0.504580 0.500680 
0.223176 1.480506 0.253516 0.115579 4.085448 0.174908 5.991784 11.679039 0.111704 0.177249 
0.088646 0.091485 0.120182 0.092661 0.486272 7.887429 7.722471 8.515814 0.593024 0.521000 
0.076853 0.080648 0.137038 0.077613 0.087563 0.168333 11.411598 9.464938 0.148894 0.098416 
0.653870 0.195260 0.224656 0.221159 0.149980 0.370893 0.107110 15.394979 1.029574 0.252867 
0.209700 1.751213 0.206685 0.160099 0.339354 0.340157 0.464327 14.616149 0.166012 0.220459 
0.096917 0.326235 2.441642 0.146446 0.317057 0.353085 0.435949 14.754366 0.247766 0.210241 
0.178924 1.243169 0.177531 2.519413 0.345189 0.482544 0.470570 14.622396 0.172256 0.225876 
0.069386 0.071382 0.101060 0.069785 0.075022 0.117530 6.034764 14.543473 0.141544 0.074720 
0.083604 0.159702 0.136405 0.078549 0.216668 0.082754 0.083302 16.068293 0.141405 0.151791 
1.350146 2.269713 0.115811 0.428179 0.095877 0.728237 0.169807 0.190041 10.039188 0.475895 
1.021128 0.160107 5.023315 0.470654 0.185993 0.206930 0.232501 1.242276 5.840538 0.258391 
0.104710 0.380573 5.433194 0.278925 1.549032 0.780556 0.906823 0.171214 7.558638 0.110450 
1.172812 0.491106 0.367102 4.339967 0.566958 0.218108 0.222815 0.116463 11.720763 0.221769 
0.267348 2.325058 0.157017 4.514584 0.088897 0.542187 0.213258 0.586124 10.984157 0.090890 
0.278587 2.452293 0.230415 0.205688 5.300802 0.163564 1.844681 4.364116 9.778580 0.283890 
0.125669 0.342796 4.188743 0.219633 3.960723 0.242439 0.169136 0.138896 11.268632 0.136034 
0.342291 0.225284 0.316666 1.567831 8.726922 0.083467 0.190372 0.307806 7.878415 1.951029 
0.180367 2.671632 0.209601 0.129385 0.129947 4.846608 0.215543 0.147172 11.679630 0.074689 
0.134852 0.344018 3.670380 0.370856 3.855971 5.493566 0.183279 0.131683 9.635377 3.091113 
0.128574 0.497186 0.152090 0.119191 0.139569 8.062593 7.291089 0.390840 9.239298 3.623191 
0.101381 0.113814 0.100189 0.101443 0.100352 0.100199 12.399021 0.121272 8.698484 0.164677 
1.475712 0.450626 0.240581 0.373535 0.147215 0.192085 0.090223 7.923060 9.417542 0.094016 
0.330601 2.955145 0.090812 0.379241 0.411423 0.198546 0.192843 8.328091 8.222981 0.098492 
0.609776 0.230929 3.967598 0.377773 0.204692 0.205969 0.200047 7.958759 9.559706 0.106573 
0.127412 0.573271 0.905333 0.159891 7.132694 0.196133 0.190374 8.325621 8.220511 0.097766 
0.095992 0.378276 0.087814 0.088826 0.101034 5.915011 0.169411 9.402794 11.730306 0.277008 
0.084881 0.125411 0.087795 0.086497 0.083331 0.093603 0.334852 13.483286 9.910264 0.247454 
0.118737 1.186107 0.085261 0.163142 0.103128 3.603726 0.139395 0.118759 16.517326 0.076466 
0.123882 0.087530 0.148474 0.072376 0.069506 0.078156 0.078758 7.204470 16.171031 0.078478 
1.287486 2.410637 0.151198 0.434284 0.310519 0.573940 0.227810 0.218149 0.620931 11.396556 
0.455813 3.599214 0.308736 0.191324 0.330893 0.405084 0.689138 0.122438 0.343271 8.822659 
1.442887 0.105396 3.638138 0.259434 0.360757 0.374118 1.189763 0.132380 0.147932 8.749704 
0.192638 1.181682 5.425004 0.168982 0.096267 0.346534 0.363892 0.375100 0.139629 7.137749 
1.125690 0.582349 0.297797 3.918872 1.528534 0.727243 0.196991 0.151428 1.100716 13.465398 
0.835870 0.089639 3.524517 4.610185 0.349537 1.541906 1.180448 0.123062 0.631882 8.741008 
0.396670 0.239587 0.115194 7.306704 0.195994 0.153591 0.361793 0.351596 0.508629 8.278179 
0.294739 2.522279 0.246275 0.368800 5.422922 0.178592 0.491711 0.218531 0.603762 11.841657 
0.120963 0.408614 3.578345 0.103571 6.219416 1.502220 0.157674 5.834079 0.350513 7.423472 
0.135746 1.342478 0.142646 3.368347 7.177145 0.230495 0.273715 0.116371 3.734744 8.688634 
0.382025 3.059830 0.244344 0.340044 0.387973 6.638303 0.388633 0.631636 0.653691 6.931334 
0.093109 0.373129 4.733784 0.335555 0.123251 6.400612 0.380642 0.316683 0.425474 6.648354 
0.095512 0.297752 0.094023 0.486618 6.504061 5.145167 0.216765 0.290518 1.788899 12.647703 
0.108205 0.260948 0.088731 6.130565 0.244628 0.293737 6.844840 0.101647 2.192369 8.569122 
0.084256 0.086072 0.109529 0.087524 0.402131 6.319170 7.797613 0.170072 0.468464 13.121848 
0.351842 2.759264 0.228063 0.314100 0.357190 1.294289 0.309322 10.216299 0.648837 6.931757 
0.131729 0.537542 5.009346 0.107192 0.142427 1.466272 0.152041 6.551259 0.346594 7.419553 
0.090102 0.108373 0.344578 0.123155 3.291120 0.305591 0.379797 11.068505 0.473659 13.103698 
0.087775 0.170546 0.145206 0.080682 0.078233 0.085614 0.086128 15.057864 0.140547 7.085849 
0.220630 1.827798 0.134182 3.227392 0.078208 0.419716 0.173005 0.458535 8.228763 13.351808 
0.157470 1.932500 0.167011 0.149885 6.189759 0.210686 0.244287 0.106646 8.571409 8.683462 
0.078005 0.144460 0.075920 0.080769 0.077033 3.796199 0.672554 0.111975 12.762383 12.801216 
0.389289 1.578174 0.309565 3.006592 0.126047 0.111967 6.170082 0.332650 8.306216 11.393380 
0.162424 1.556441 1.067032 0.147871 0.154970 0.128423 0.218124 0.214266 4.502136 17.687836 
0.074425 0.102902 0.661121 0.158921 5.286281 0.082715 2.811388 0.512152 0.112718 16.554496 
0.073199 0.146115 1.529753 0.282839 1.739782 0.274263 1.588051 7.652943 0.107641 16.491054 
1.356513 0.545268 4.696938 0.264418 0.106895 0.134195 0.193176 0.560880 0.149009 0.106229 
0.203194 3.156710 3.851081 0.182516 0.267451 0.130945 1.293177 0.114339 0.096942 0.096659 
1.670727 0.810388 0.180069 4.361353 2.039162 0.959983 0.268146 0.188386 1.246954 0.669111 
0.091518 0.337216 4.840191 4.757947 0.379407 1.599930 0.982965 0.167174 0.629703 0.095577 
0.329779 3.047138 0.270658 0.238648 6.608129 0.188160 0.570459 2.537127 0.172946 0.290713 
0.129015 0.251984 4.786394 0.589465 2.341167 6.274342 3.506896 0.124047 2.524871 0.289894 
0.134874 0.355251 2.688933 5.310398 2.336920 6.270051 3.502636 0.121601 2.520623 0.310021 
0.138378 1.230971 1.460655 0.218305 7.344618 7.079545 0.249161 0.733485 0.103715 0.110219 
1.607391 0.656036 0.602191 0.259015 0.094864 0.690901 8.917083 0.184840 0.169044 0.093800 
0.435101 3.311182 0.290577 0.187788 0.253710 0.102628 7.864566 0.097385 0.140581 0.732649 
0.846972 0.480008 0.149744 3.450522 1.135223 4.556923 10.248926 0.606163 1.040592 0.117529 
0.082800 0.124287 0.937534 0.205899 7.675738 0.292508 8.914507 0.973736 0.151222 0.399450 
0.394452 2.950624 0.266004 0.174648 0.201571 0.145360 3.760080 8.395820 0.598969 6.852622 
0.506091 0.188639 2.143622 6.466714 0.425569 1.193173 0.365341 6.719771 0.118718 3.734170 
0.184692 1.388551 1.041635 0.312750 7.478777 1.465096 0.162073 8.968227 0.626867 0.352285 
0.258883 3.448902 0.468652 0.184650 0.360568 0.662036 0.931601 0.391134 9.239592 3.623484 
0.114433 0.454337 4.839323 0.802647 0.866253 0.097115 0.236239 0.712099 10.682456 0.088248 
0.146603 0.469011 0.380404 6.433193 0.868705 0.436661 0.240714 1.181793 10.687300 0.093093 
0.126405 0.112069 0.123265 1.751066 7.753150 0.162594 0.193792 0.297602 10.911231 1.967131 
0.141879 0.096247 1.189421 0.115631 3.907493 3.537376 8.681889 0.284169 10.862814 0.342805 
0.142771 1.360335 0.933897 0.135162 0.130138 0.117983 0.195954 4.179366 16.275854 0.083696 
