2.007531 0.009054 0.015544 0.017851 0.007980 
1.974636 0.758438 0.012863 0.012117 0.010642 
1.795175 1.803291 0.011170 0.011833 0.009564 
1.422569 2.837400 0.011987 0.009739 0.008837 
0.901900 3.593918 0.015265 0.013025 0.012124 
0.395809 3.935188 0.013409 0.014128 0.011846 
0.008122 4.007639 0.010867 0.014533 0.009258 
1.978006 0.016037 1.176086 0.018146 0.016691 
1.897562 0.948695 1.412097 0.010507 0.011948 
1.621451 2.164612 1.591772 0.026692 0.020387 
1.080949 3.214655 1.643307 0.013035 0.024480 
0.478572 3.797592 1.457193 0.023735 0.023316 
0.012961 3.936372 1.153905 0.011929 0.010524 
1.805407 0.013788 2.678645 0.013701 0.018619 
1.619216 1.037955 3.233859 0.012430 0.014460 
1.164118 2.311693 3.498452 0.017830 0.013135 
0.537193 3.239330 3.250752 0.025581 0.027061 
0.014521 3.590603 2.698094 0.015702 0.013649 
1.428983 0.011289 4.242652 0.017827 0.022375 
1.084769 1.085873 4.828594 0.016619 0.016542 
0.544997 2.165914 4.829049 0.019078 0.022418 
0.013049 2.845457 4.248951 0.027732 0.013038 
0.904124 0.021421 5.391563 0.025361 0.017766 
0.478004 0.955831 5.669098 0.014744 0.014620 
0.009539 1.805083 5.370588 0.016150 0.024048 
0.396465 0.017652 5.908585 0.027646 0.017810 
0.013977 0.796567 5.897191 0.013921 0.013383 
0.007436 0.013355 6.007295 0.007819 0.007345 
1.975122 0.017904 0.016218 1.584309 0.015669 
1.899450 0.950885 0.016568 1.885306 0.014491 
1.615682 2.146322 0.014848 2.166870 0.016667 
1.069904 3.240156 0.016672 2.138543 0.014509 
0.479337 3.780185 0.012013 1.908310 0.012232 
0.014325 3.932989 0.023459 1.586141 0.013188 
1.900902 0.017403 1.429959 1.914216 0.025447 
1.750330 1.169791 1.720990 2.295795 0.015209 
1.279108 2.568097 1.920288 2.414546 0.014785 
0.584707 3.483916 1.723710 2.340948 0.014395 
0.012692 3.787151 1.427547 1.868994 0.012493 
1.613921 0.016004 3.230608 2.161664 0.017977 
1.287439 1.287786 3.754054 2.571986 0.014208 
0.645527 2.570026 3.759082 2.531836 0.012797 
0.012525 3.237745 3.165365 2.169256 0.012588 
1.094150 0.017575 4.818435 2.117068 0.032077 
0.589331 1.169714 5.219663 2.326260 0.020978 
0.015034 2.160895 4.819772 2.139594 0.029422 
0.488739 0.014560 5.655794 1.908821 0.009890 
0.019455 0.956121 5.683449 1.874728 0.022451 
0.010433 0.016189 5.892438 1.587889 0.012187 
1.800162 0.012602 0.022033 3.591500 0.012073 
1.617198 1.076132 0.014577 4.301240 0.017763 
1.163899 2.335114 0.024009 4.656931 0.019719 
0.547308 3.236916 0.015841 4.233439 0.012897 
0.014454 3.589355 0.014864 3.603135 0.017905 
1.618356 0.018007 1.604652 4.322922 0.022191 
1.279803 1.292606 1.901941 5.087665 0.018024 
0.636769 2.562778 1.929181 5.085691 0.024814 
0.012273 3.230777 1.607196 4.254796 0.015584 
1.177280 0.020886 3.466818 4.655048 0.027915 
0.654411 1.290321 3.783176 5.092109 0.016696 
0.014315 2.337789 3.472604 4.597852 0.030390 
0.540508 0.015872 4.824918 4.303460 0.014423 
0.022166 1.066608 4.824230 4.302772 0.027751 
0.005413 0.007129 5.364813 3.602054 0.007319 
1.421510 0.009876 0.014452 5.671628 0.009240 
1.086797 1.080282 0.016761 6.430527 0.020130 
0.542221 2.152014 0.012660 6.424882 0.011509 
0.011767 2.849632 0.013786 5.649583 0.018334 
1.076129 0.013875 1.603264 6.451329 0.014057 
0.582080 1.144810 1.730548 6.972445 0.020895 
0.016279 2.144343 1.623519 6.436800 0.016487 
0.538138 0.023353 3.227931 6.464500 0.025583 
0.017831 1.083263 3.215146 6.440955 0.028724 
0.014477 0.018150 4.231595 5.704410 0.014560 
0.903729 0.005408 0.006478 7.152332 0.005465 
0.467478 0.951022 0.011544 7.570746 0.011978 
0.010819 1.801138 0.012069 7.164631 0.011179 
0.475225 0.016682 1.438366 7.568560 0.018045 
0.015057 0.962787 1.411066 7.556019 0.031984 
0.008478 0.012655 2.691496 7.164056 0.010926 
0.399543 0.008904 0.009309 7.854405 0.026270 
0.010792 0.805570 0.013377 7.850928 0.013066 
0.011952 0.012327 1.192751 7.855478 0.013072 
0.006527 0.007778 0.014796 8.006330 0.013056 
1.970955 0.009671 0.011704 0.016709 1.938116 
1.902884 0.949476 0.016151 0.015751 2.356374 
1.612662 2.155291 0.011960 0.012752 2.668525 
1.080868 3.224893 0.014114 0.019963 2.641824 
0.472596 3.800152 0.021280 0.021804 2.376338 
0.010345 3.934008 0.012889 0.012493 1.953382 
1.898423 0.013163 1.422859 0.021526 2.360639 
1.752669 1.173707 1.723409 0.021328 2.959436 
1.281628 2.533236 1.938077 0.018984 3.222577 
0.579825 3.488767 1.737314 0.017426 2.905277 
0.016077 3.785967 1.425562 0.022512 2.392992 
1.621631 0.018525 3.213004 0.019563 2.717802 
1.279028 1.292993 3.803339 0.020704 3.160125 
0.651065 2.551472 3.810814 0.027309 3.163878 
0.023459 3.234186 3.183953 0.020959 2.714725 
1.089930 0.014959 4.815029 0.015011 2.676562 
0.592195 1.166036 5.210543 0.021595 2.951893 
0.015562 2.161984 4.820851 0.026260 2.673411 
0.477250 0.013617 5.677392 0.023176 2.362091 
0.016066 0.952081 5.673441 0.018248 2.368040 
0.010216 0.010163 5.892848 0.016716 1.977452 
1.902290 0.014481 0.016568 1.865315 2.362033 
1.751030 1.140170 0.012347 2.299803 2.882577 
1.282010 2.561281 0.025745 2.566503 3.173520 
0.581222 3.492118 0.015930 2.292239 2.910628 
0.013510 3.777182 0.025064 1.923317 2.382748 
1.748420 0.020366 1.766505 2.315017 2.954273 
1.424684 1.427695 2.137796 2.789477 3.574201 
0.714031 2.843782 2.112824 2.834689 3.567710 
0.014326 3.499046 1.748207 2.321293 2.740352 
1.279952 0.018957 3.822223 2.543926 3.151363 
0.729920 1.434946 4.262173 2.850600 3.619208 
0.022751 2.552414 3.776486 2.584987 3.171915 
0.588031 0.022348 5.220611 2.328990 2.924726 
0.013898 1.148321 5.215532 2.334554 2.896238 
0.016374 0.016223 5.674246 1.895714 2.371503 
1.621403 0.010101 0.011511 4.246831 2.640689 
1.279862 1.276376 0.020102 5.121814 3.143608 
0.639541 2.560207 0.017392 5.084649 3.140854 
0.012585 3.206775 0.012683 4.329338 2.672010 
1.278921 0.025781 1.885890 5.063834 3.203135 
0.699129 1.386285 2.073129 5.753330 3.609605 
0.021881 2.534141 1.910589 5.060827 3.200127 
0.629996 0.025266 3.809924 5.115451 3.211091 
0.015500 1.312575 3.786495 5.079243 3.114992 
0.012583 0.012843 4.823849 4.295750 2.664615 
1.077630 0.025427 0.022932 6.479028 2.677648 
0.574138 1.144020 0.018066 6.988679 2.901964 
0.007494 2.165535 0.008890 6.400514 2.658474 
0.575864 0.017022 1.753667 6.961549 2.899812 
0.014860 1.185665 1.769628 6.923927 2.893343 
0.008817 0.009014 3.193313 6.442555 2.682789 
0.475509 0.015402 0.016391 7.571577 2.359600 
0.014216 0.967125 0.013723 7.550233 2.372378 
0.014869 0.016839 1.386746 7.573217 2.359763 
0.013549 0.019110 0.015518 7.856402 1.985827 
1.798558 0.011748 0.011632 0.013271 4.499392 
1.617782 1.080457 0.015985 0.013684 5.355364 
1.159784 2.317668 0.017724 0.014678 5.851191 
0.511683 3.276229 0.027347 0.039008 5.326898 
0.012007 3.582135 0.015189 0.011931 4.520614 
1.613026 0.014744 1.621074 0.014641 5.395649 
1.289915 1.281740 1.859389 0.021024 6.376862 
0.635538 2.566434 1.877882 0.020032 6.375960 
0.019233 3.246515 1.520798 0.017589 5.361612 
1.156939 0.011240 3.461657 0.012929 5.850647 
0.625796 1.267987 3.851880 0.014354 6.329838 
0.014014 2.332341 3.481101 0.018335 5.758849 
0.530867 0.016041 4.829944 0.015752 5.398974 
0.019416 1.092256 4.807937 0.014117 5.388195 
0.010287 0.014926 5.367536 0.015458 4.511799 
1.607872 0.020326 0.016056 2.129927 5.408745 
1.287771 1.288646 0.028131 2.621298 6.327566 
0.636629 2.531494 0.014912 2.532180 6.383867 
0.022273 3.225474 0.020144 2.197395 5.342280 
1.274099 0.012897 1.900175 2.557307 6.352734 
0.719138 1.443682 2.104183 2.843665 7.097783 
0.019039 2.533084 1.897690 2.554822 6.350249 
0.650710 0.014415 3.805218 2.568371 6.318347 
0.016685 1.273558 3.772560 2.527258 6.426987 
0.011826 0.013833 4.799337 2.156250 5.410557 
1.166485 0.019627 0.018578 4.642719 5.816808 
0.648017 1.268127 0.034785 5.118393 6.366797 
0.012301 2.333600 0.022121 4.611895 5.779917 
0.628268 0.012920 1.900626 5.073498 6.372186 
0.018487 1.296300 1.840892 5.087012 6.357744 
0.014711 0.019608 3.455138 4.640362 5.816612 
0.533495 0.011477 0.011545 6.410840 5.414607 
0.012383 1.097415 0.014016 6.428377 5.326502 
0.016505 0.014705 1.590580 6.456012 5.328316 
0.009098 0.012573 0.015477 7.160965 4.490039 
1.427951 0.016118 0.019487 0.014896 7.089540 
1.074925 1.079755 0.013078 0.013518 8.047140 
0.542137 2.140715 0.011060 0.010304 8.045084 
0.008297 2.829133 0.010126 0.009841 7.098055 
1.078588 0.014895 1.606809 0.014765 8.049799 
0.590718 1.162925 1.669292 0.018378 8.738148 
0.017727 2.142850 1.608287 0.021712 8.063223 
0.543885 0.018272 3.213854 0.018107 8.062175 
0.019173 1.076465 3.246128 0.020277 8.015818 
0.011902 0.014092 4.247100 0.017727 7.090699 
1.074106 0.012636 0.012646 2.151832 8.048520 
0.585327 1.171869 0.012645 2.342270 8.663434 
0.014348 2.137620 0.015844 2.141163 8.061143 
0.581091 0.016318 1.746050 2.306229 8.705131 
0.014443 1.150668 1.697526 2.314708 8.718883 
0.011401 0.015599 3.188924 2.167210 8.048634 
0.529513 0.014123 0.014702 4.245388 8.099451 
0.013958 1.083785 0.015882 4.288824 8.032112 
0.011525 0.011526 1.622143 4.271254 8.039114 
0.010734 0.011400 0.011107 5.684205 7.060968 
0.890274 0.010362 0.010936 0.010600 8.987957 
0.473583 0.925471 0.010487 0.009320 9.462527 
0.011196 1.797314 0.013521 0.009964 8.956077 
0.469699 0.008666 1.380818 0.009091 9.466101 
0.016149 0.925908 1.379656 0.015700 9.483899 
0.007435 0.013570 2.690710 0.012212 8.951339 
0.473714 0.021935 0.018541 1.885787 9.465177 
0.019365 0.955395 0.020023 1.859396 9.465631 
0.013681 0.013742 1.407845 1.897293 9.450673 
0.009739 0.009793 0.024817 3.587568 8.953738 
0.399628 0.009645 0.010600 0.009225 9.816735 
0.019654 0.790542 0.020467 0.020106 9.829896 
0.012154 0.013587 1.170793 0.014136 9.823927 
0.014280 0.016123 0.017839 1.602757 9.815163 
0.011163 0.008380 0.010179 0.018634 10.007768 
