2.581123 1.159304 1.883998 1.046775 0.988178 
2.547130 1.171280 1.889962 1.074280 0.978991 
1.922551 2.498284 1.883002 1.035812 0.991944 
1.880166 2.449957 1.896943 1.101318 0.970092 
1.281662 3.836598 1.832233 1.024354 0.992510 
1.248096 3.617289 1.864592 1.164549 0.945766 
1.941937 1.161133 3.816131 1.040745 0.988455 
2.005682 1.004948 3.777100 1.069462 0.980027 
1.245422 2.535834 3.819945 1.049037 0.985972 
1.218440 2.376908 4.140541 1.048593 0.986120 
1.302607 1.167272 5.754296 1.029710 0.994987 
1.152915 1.017220 6.403354 1.039232 0.988960 
2.547375 1.294256 1.105668 1.579340 0.944081 
2.595220 1.311738 1.125903 1.266556 0.936946 
1.934471 2.648154 1.065866 1.570441 0.963182 
1.962143 2.690170 1.040025 1.533201 0.977944 
1.278100 3.793912 1.128698 1.525962 0.927852 
1.184960 4.194770 1.192972 1.162291 0.946325 
1.904189 1.255409 1.787065 1.747407 0.751108 
2.322766 1.279043 1.689585 1.326144 0.891549 
1.265037 2.469546 1.955238 1.722065 0.759448 
1.128533 2.966640 1.926480 1.612616 0.800189 
0.951134 3.509971 1.724524 1.584874 0.806098 
0.926337 3.221926 1.450075 1.860606 0.714196 
1.814594 1.000807 3.567601 1.348116 0.885940 
1.798190 0.999300 3.532486 1.353400 0.984912 
1.265547 1.225810 3.699597 1.764293 0.745755 
1.735396 1.129124 3.582711 1.358213 0.884500 
0.862270 2.262166 3.475143 1.721982 0.759493 
0.932381 2.542956 3.763616 1.448328 0.876761 
1.053118 0.836380 4.946161 1.755613 0.748413 
1.241683 0.958688 5.804352 1.189202 0.944320 
0.775128 1.133431 5.324295 1.758801 0.747484 
0.877878 0.752661 4.663688 2.084462 0.639802 
1.861815 1.211477 1.245103 3.042825 0.788838 
1.975662 1.131301 1.244897 3.062767 0.912564 
1.240390 2.455532 1.243984 3.042387 0.789455 
1.109702 2.769818 1.234351 3.030515 0.799384 
0.977727 3.667209 1.097304 2.969053 0.921527 
0.981908 3.690756 1.202735 2.893396 0.936975 
1.117201 1.034575 1.654666 2.746844 0.419930 
1.442703 1.032677 1.401654 3.274823 0.597673 
0.736160 1.956010 1.644470 2.673764 0.446797 
0.742751 1.950568 2.103345 2.477886 0.567225 
0.938536 0.807270 2.983770 2.584729 0.471901 
1.056383 0.855543 3.026500 2.419332 0.527042 
0.568804 1.112454 3.194826 2.739864 0.420441 
0.835904 0.716868 4.259066 2.277594 0.611891 
0.836630 0.725307 4.305986 2.269279 0.576940 
0.845671 0.722615 4.343483 2.247491 0.585436 
1.171372 1.056897 1.243940 4.372261 0.580898 
1.406887 1.148933 1.177925 4.423359 0.711603 
0.805376 2.110454 1.213224 4.362898 0.650822 
0.831272 2.255250 1.222005 4.182421 0.677752 
0.998535 0.880242 1.366632 4.019950 0.460318 
1.016318 0.885949 1.362417 4.020602 0.469628 
0.507535 0.991594 1.556841 3.698468 0.215810 
0.512724 0.593422 2.465411 3.331171 0.223946 
0.546693 0.604200 2.595622 3.242169 0.256511 
0.577988 1.120836 0.974832 5.907340 0.451320 
0.458667 0.816318 1.087444 5.184316 0.562343 
0.370229 0.473077 1.560559 4.761017 0.153370 
0.398085 0.735942 1.214856 4.674073 0.473130 
0.263717 0.527246 1.455703 4.076452 0.075257 
0.247339 0.492933 1.466259 3.948850 0.399976 
2.711645 1.309772 1.022221 1.030662 1.469902 
2.767993 1.016142 1.034630 1.196061 1.590483 
2.041394 2.638892 1.028840 1.043452 1.420396 
1.979590 2.567184 1.074449 1.115690 1.446964 
1.355937 4.059823 1.012462 1.018934 1.450928 
1.338311 3.816653 1.085908 1.134863 1.409769 
2.277549 1.392759 2.110412 1.023848 1.651694 
2.459366 1.240077 1.610892 1.127020 1.412554 
1.472150 2.987665 2.122977 1.025906 1.661117 
1.421336 3.560565 1.831833 1.022740 0.993048 
0.999413 4.128994 1.956458 1.026045 1.449322 
1.003963 4.308933 1.829517 1.068833 0.977478 
1.936940 1.000034 3.840303 1.023195 1.460293 
1.864143 1.009815 3.758776 1.121621 1.413891 
1.504204 1.498672 4.245559 1.041044 1.645465 
1.656858 0.984920 4.207112 1.191746 1.391749 
0.996048 2.780490 3.989508 1.021411 1.472867 
0.997135 2.983405 3.517635 1.081799 1.428028 
1.291280 0.997964 5.793693 1.021160 1.449638 
1.240692 0.970912 5.690642 1.122479 1.416318 
0.994518 1.313202 6.193428 1.019426 1.486391 
1.082397 1.544816 5.793488 1.049317 0.988520 
2.398018 1.453449 1.018661 1.773485 1.740140 
2.277096 1.929063 1.160616 1.227136 0.929384 
1.546465 3.111408 1.021430 1.918893 1.642499 
1.638176 3.264490 1.124880 1.202231 0.941704 
0.998249 4.255588 1.029005 1.768475 1.656631 
0.993362 3.936487 1.265121 1.381226 1.246998 
2.237679 1.006859 2.084684 1.782933 1.757154 
2.218318 1.060202 1.990486 1.333349 1.340207 
1.454512 1.484013 2.268755 1.694431 1.577238 
0.907031 2.827090 2.114358 1.734993 1.575428 
0.881660 2.690702 2.274069 1.872064 0.793980 
1.243349 0.890681 3.874726 1.693416 1.475336 
1.666711 0.985987 4.116821 1.211749 1.384688 
0.776352 1.410461 4.228115 1.745126 1.578790 
0.865708 2.129550 3.323181 1.721244 1.583366 
0.966534 0.858925 5.634015 1.465974 1.320124 
1.123287 0.917756 5.692141 1.326078 1.088670 
2.225610 1.003914 1.009792 3.497811 1.599065 
2.076254 1.004213 1.018629 3.362534 2.323261 
1.734815 1.745151 1.010420 3.948218 1.595514 
1.349967 1.077236 1.313276 2.990621 1.619685 
0.995065 3.214555 1.009005 3.892546 1.713681 
1.000450 3.400992 1.019562 4.065291 0.993514 
1.075111 0.955261 1.660995 2.623574 1.078377 
1.083676 0.975777 1.616526 2.619762 1.079840 
0.593930 1.225980 1.695388 2.828373 1.257016 
0.672892 1.645760 1.783330 2.491065 1.369259 
0.637352 0.617772 2.927270 2.672768 1.251484 
0.599126 0.619125 2.809495 2.893415 0.845879 
0.676622 1.196678 0.879076 5.956889 1.597947 
0.653068 0.994209 0.845373 5.839886 1.703902 
0.368963 0.567302 1.427278 3.382042 1.085480 
0.643357 0.707059 1.323080 3.662940 1.267823 
0.261291 0.519678 1.455288 3.501424 1.033704 
0.257511 0.509823 1.407898 3.323143 1.459714 
0.607631 0.604877 0.935728 5.206411 1.244079 
0.753320 0.669466 0.840081 5.924040 1.448153 
0.239154 0.453896 1.381148 3.717387 0.934765 
0.357796 0.697404 1.144737 4.480266 0.928789 
2.313846 1.432703 1.012470 1.015975 3.225013 
2.432305 1.031629 1.132660 1.129398 2.730675 
1.507331 3.017690 1.026531 1.028490 3.202755 
1.455996 2.690685 1.114224 1.181774 3.113300 
0.998132 4.115790 1.015378 1.023082 3.044985 
0.999099 4.058789 1.032664 1.030908 3.101063 
2.177714 1.003948 2.095402 1.026438 3.103138 
2.207736 1.129673 1.695849 1.057073 3.104504 
1.664196 1.648104 2.442002 1.035067 3.414151 
1.649205 1.685789 1.945057 1.235425 2.938128 
0.997469 3.121996 2.228763 1.018128 3.533472 
0.997649 3.114802 2.223894 1.017149 3.564896 
1.442352 0.995633 4.314351 1.020647 3.139892 
1.573496 0.980788 3.783997 1.129002 2.734929 
0.992050 1.520480 4.643594 1.019073 3.533010 
1.056300 1.053797 5.118697 1.047528 3.409493 
2.322587 1.004661 1.011848 1.721581 3.331025 
1.981568 1.017164 1.129755 2.545040 2.680262 
1.763206 1.693159 1.024860 2.136578 3.657155 
1.931921 1.349716 1.122442 1.218683 3.668219 
0.995749 3.324539 1.015713 2.089509 3.617124 
0.962524 2.826435 1.197193 1.452092 3.418336 
1.307253 0.925641 2.137825 1.708897 2.970571 
2.004624 1.001504 1.951183 1.716251 3.377740 
0.718125 1.527070 2.285636 1.862420 3.225970 
0.719150 0.662478 2.600487 2.199494 2.679698 
0.822755 0.719303 3.728356 1.764867 2.911327 
1.120673 1.042408 4.186215 1.279904 3.111474 
1.210459 0.906185 1.176828 3.093389 2.680564 
1.395396 0.960140 1.148557 3.072595 2.775264 
0.591351 1.158426 1.297091 2.875039 2.425628 
0.506678 1.075773 1.382183 2.525907 2.521142 
0.464146 0.537293 1.782917 2.711299 2.428208 
0.402328 0.747684 1.266160 3.022311 2.233604 
0.328819 0.649073 1.346159 2.841038 2.365097 
0.344519 0.679132 1.218541 2.621368 2.910820 
0.591925 0.576580 0.833505 4.551386 2.675997 
0.543854 0.552723 0.857044 4.349134 2.644880 
0.217598 0.421979 1.241281 3.361445 2.016043 
0.296476 0.435714 1.057064 3.424947 2.419105 
2.226107 1.003607 1.012690 1.019156 4.675104 
2.156300 1.008598 1.033398 1.056548 4.650432 
1.724797 1.733901 1.006579 1.012041 5.405299 
1.685146 1.187693 1.011114 1.409333 6.136508 
0.996712 3.213644 1.007209 1.013304 5.336210 
0.967285 2.810601 1.058534 1.072610 5.693086 
1.651651 0.998067 2.368989 1.013266 5.338591 
1.464147 0.955868 2.218062 1.149248 5.230631 
0.992360 1.862608 2.798427 1.011672 5.748675 
0.988204 2.286012 2.330234 1.028497 5.333980 
0.995218 0.986131 4.521330 1.019868 5.002580 
0.991932 0.981180 4.328650 1.257530 4.997505 
1.496605 0.958429 1.082178 1.908006 4.813921 
1.589705 1.162729 1.058722 1.856563 4.897714 
0.832995 1.554910 1.084099 2.002779 5.073071 
1.015570 2.149970 1.118973 1.263417 5.137876 
0.623269 0.584054 2.149433 1.770938 4.548208 
0.384327 0.733213 1.212339 2.136930 4.073431 
0.575516 0.548902 0.706472 3.606492 4.736096 
0.427391 0.827720 1.179614 2.351245 3.462485 
0.409701 0.814393 1.166716 2.346226 3.512613 
0.415968 0.826436 1.193825 2.332867 3.521245 
0.201168 0.353646 1.090736 2.616678 3.363970 
0.282335 0.515562 0.890835 3.191675 3.437070 
0.212601 0.413980 1.042551 3.040863 2.819475 
0.310178 0.562393 0.938375 3.505241 2.940988 
1.695943 0.995054 1.001611 1.008544 7.316130 
1.520429 1.042746 1.293619 1.038141 7.452346 
0.918189 1.840868 0.981844 1.031122 7.790836 
1.211719 1.058644 1.080667 1.099097 7.120135 
0.800898 0.752588 2.268311 1.100174 7.301259 
0.526805 0.674180 1.620398 1.209980 7.058953 
0.413902 0.449019 0.724900 1.780792 6.225762 
0.445011 0.671299 0.790580 1.284448 6.798621 
0.221232 0.374421 1.012514 1.833057 5.265689 
0.411857 0.556182 1.308949 1.247695 6.930152 
0.158332 0.303757 0.825495 2.296788 4.449389 
0.238678 0.397254 0.731808 2.422822 4.998909 
0.571393 0.547325 0.741697 1.020306 7.814500 
0.572609 0.638145 0.859621 1.074786 7.710593 
0.107394 0.184668 0.499458 1.380376 6.703521 
0.226475 0.348986 0.601227 1.504206 6.612443 
0.017180 0.017762 0.020112 0.025569 9.993981 
0.073687 0.125238 0.305812 0.755220 8.153681 
