2.209306 1.867806 0.358672 0.358793 0.357557 0.357430 0.361206 0.364526 
2.212563 1.859552 0.360011 0.375136 0.358895 0.358769 0.379910 0.432703 
1.190262 3.889919 0.306021 0.304423 0.305552 0.305662 0.305355 0.305275 
0.263587 4.262067 0.263548 0.299726 0.268930 0.263859 0.276774 0.269217 
2.230118 0.354838 2.439754 0.354789 0.355223 0.356881 0.357374 0.360709 
1.555900 2.635153 3.432448 0.308429 0.307424 0.308633 0.319308 0.313798 
0.259754 3.947961 2.572706 0.258051 0.258059 0.259792 0.259018 0.262882 
1.286034 0.306957 5.538711 0.306920 0.307283 0.314775 0.308243 0.316696 
0.211156 2.110447 5.489789 0.213521 0.216858 0.212421 0.216712 0.242090 
0.166752 0.169711 6.166743 0.168062 0.173161 0.167732 0.181440 0.176218 
2.250112 0.361369 0.357413 2.925182 0.356454 0.358195 0.358698 0.361278 
1.608585 2.658107 0.307717 4.148438 0.311654 0.307038 0.308901 0.311528 
0.260345 3.983180 0.258854 3.174069 0.262772 0.260095 0.273083 0.265432 
1.663190 0.307421 3.543093 4.302266 0.308329 0.310131 0.317481 0.312241 
0.216904 2.800407 3.617210 4.306718 0.216744 0.216872 0.218686 0.223406 
0.163407 0.165162 5.650915 3.398485 0.164317 0.189214 0.170724 0.169345 
1.378074 0.306815 0.307389 7.060879 0.307906 0.308113 0.308650 0.314708 
0.212041 2.255473 0.213147 7.086907 0.215373 0.212720 0.213297 0.211933 
0.110340 0.110389 2.998015 7.122877 0.111630 0.111973 0.110716 0.111134 
0.065687 0.065689 0.070739 8.065617 0.096851 0.096574 0.075804 0.066054 
2.257735 0.358266 0.359703 0.359179 3.482037 0.359977 0.359820 0.362715 
1.632489 2.674540 0.308044 0.308168 4.893212 0.308634 0.309637 0.314309 
0.259539 4.004438 0.261611 0.259783 3.758135 0.259328 0.259872 0.263486 
1.678285 0.306656 3.606280 0.306933 5.072808 0.309219 0.309331 0.314196 
0.215897 2.833524 3.680285 0.216995 5.089061 0.215412 0.220621 0.218206 
0.166515 0.168494 5.709976 0.166914 3.992594 0.168587 0.176053 0.173269 
1.704517 0.306191 0.307122 4.399393 5.299369 0.318181 0.308589 0.310044 
0.209548 2.900412 0.211859 4.442261 5.378813 0.211607 0.222802 0.216030 
0.116810 0.116886 3.817627 4.659060 5.568208 0.122190 0.127314 0.126201 
0.065202 0.065247 0.077372 7.307246 4.313812 0.067576 0.079045 0.068175 
1.411768 0.307647 0.308463 0.307523 8.644554 0.307796 0.309675 0.313130 
0.209759 2.357914 0.212848 0.211128 8.644723 0.213421 0.224826 0.217256 
0.112102 0.112124 3.104966 0.117606 8.779204 0.114470 0.124128 0.113039 
0.030191 0.030202 0.032704 3.747386 8.885094 0.059518 0.043724 0.037248 
0.017284 0.017459 0.025951 0.029960 10.017252 0.019341 0.029299 0.025286 
2.255015 0.357716 0.358302 0.357982 0.358094 4.152112 0.360548 0.359153 
1.625879 2.658516 0.305182 0.303493 0.307808 5.882294 0.304742 0.307387 
0.258667 3.994782 0.262317 0.260671 0.258667 4.541613 0.260940 0.268118 
1.669691 0.306111 3.561703 0.305935 0.306880 6.188352 0.315922 0.315371 
0.210868 2.781754 3.646762 0.212394 0.214626 6.308136 0.216029 0.218133 
0.165912 0.166039 5.684861 0.168393 0.166989 4.873856 0.172773 0.171784 
1.710270 0.307085 0.307956 4.413346 0.307831 6.232722 0.308862 0.314495 
0.213610 2.883481 0.215062 4.490025 0.215886 6.425325 0.216237 0.218618 
0.111599 0.123449 3.831104 4.593282 0.113187 6.704408 0.149669 0.154034 
0.064492 0.064494 0.085179 7.270820 0.069048 5.275357 0.070178 0.069755 
1.716147 0.307039 0.308355 0.308785 5.239985 6.428387 0.309273 0.317049 
0.208990 2.933945 0.210201 0.212766 5.390612 6.412700 0.223820 0.216371 
0.116033 0.116116 3.907080 0.122998 5.553098 6.744967 0.126590 0.125113 
0.028705 0.028707 0.028752 4.797459 5.695624 6.854288 0.033254 0.030507 
0.029613 0.029620 0.030456 0.044872 8.978553 5.384821 0.041607 0.031224 
1.405281 0.305067 0.305669 0.304880 0.305436 10.323783 0.311116 0.314197 
0.208376 2.336674 0.209669 0.209022 0.208137 10.366685 0.214433 0.216228 
0.111336 0.111967 3.044262 0.113745 0.125360 10.579928 0.117115 0.113177 
0.020899 0.020939 0.023213 3.713544 0.039945 10.666040 0.022656 0.021485 
0.023707 0.023975 0.028358 0.023715 4.416934 10.803607 0.028663 0.030151 
0.024714 0.024714 0.024743 0.024731 0.026339 12.024710 0.035124 0.029934 
2.244614 0.355573 0.356465 0.355907 0.358351 0.356893 4.946904 0.360135 
1.618269 2.676982 0.305597 0.306378 0.306236 0.305531 6.831167 0.315691 
0.259756 4.025306 0.259759 0.260289 0.260151 0.290213 4.977594 0.260381 
1.653765 0.304923 3.616988 0.304870 0.305186 0.311556 7.168924 0.314577 
0.211966 2.750389 3.732504 0.211033 0.211973 0.212572 7.242614 0.242558 
0.163551 0.163831 5.699630 0.166732 0.168462 0.166316 5.561391 0.198549 
1.697566 0.304949 0.305282 4.434887 0.305707 0.305758 7.278830 0.311123 
0.209686 2.862476 0.211656 4.485799 0.212532 0.210750 7.542239 0.217278 
0.108668 0.108747 3.880765 4.592364 0.113266 0.112474 7.656150 0.144162 
0.068251 0.068301 0.080991 7.304641 0.082295 0.079784 6.037244 0.071357 
1.733500 0.306247 0.306417 0.306242 5.202045 0.307691 7.318798 0.313432 
0.209945 2.925507 0.217038 0.211947 5.405649 0.211265 7.472989 0.221538 
0.114360 0.115412 3.961291 0.116319 5.557971 0.118221 7.686924 0.166499 
0.021882 0.024488 0.031862 4.825902 5.654500 0.046145 7.966611 0.025989 
0.028460 0.028779 0.035203 0.037322 8.997122 0.056671 6.220247 0.034710 
1.722889 0.306735 0.307311 0.306405 0.307275 6.250711 7.348407 0.314091 
0.209882 2.929700 0.233525 0.211847 0.214120 6.437290 7.459820 0.217123 
0.109924 0.111315 3.950444 0.110016 0.110856 6.692158 7.641540 0.116713 
0.023658 0.025622 0.031179 4.804804 0.070565 6.820989 7.966419 0.027831 
0.029149 0.029582 0.036354 0.029001 5.760519 7.007004 8.112110 0.030476 
0.022547 0.022638 0.024844 0.023730 0.022563 10.785919 6.212455 0.022886 
1.404589 0.307395 0.308808 0.307647 0.311152 0.311157 12.012508 0.314469 
0.210378 2.385136 0.210541 0.210620 0.212873 0.210832 11.956624 0.211378 
0.113985 0.114917 3.132611 0.115534 0.116714 0.114526 12.213133 0.114456 
0.026531 0.026963 0.045226 3.769863 0.029029 0.026989 12.399174 0.033540 
0.025683 0.025683 0.028014 0.028012 4.524310 0.028614 12.529020 0.055932 
0.024546 0.026037 0.026230 0.027726 0.024531 5.470175 12.499919 0.030673 
0.026717 0.026717 0.026719 0.026717 0.027253 0.027347 14.026717 0.027529 
2.254070 0.357453 0.357382 0.357511 0.359265 0.359009 0.359515 5.432722 
1.632046 2.668994 0.310086 0.310909 0.309807 0.310630 0.311733 7.726953 
0.259393 3.991848 0.261291 0.260513 0.263451 0.260821 0.263653 6.006595 
1.674983 0.305798 3.573185 0.306019 0.306903 0.311862 0.318545 8.057543 
0.212035 2.829630 3.611155 0.213755 0.214858 0.211127 0.212395 8.211837 
0.165944 0.166348 5.683657 0.166207 0.175528 0.167272 0.173836 6.450909 
1.707053 0.307258 0.308919 4.383408 0.310986 0.308892 0.309188 8.315159 
0.211142 2.905595 0.211281 4.450236 0.214798 0.212117 0.213958 8.450400 
0.111629 0.113022 3.862602 4.624110 0.115604 0.115081 0.121670 8.742698 
0.063840 0.063858 0.068493 7.297561 0.066158 0.075387 0.069217 6.897015 
1.734603 0.305995 0.308045 0.306018 5.170021 0.307069 0.314811 8.356411 
0.211704 2.969450 0.214404 0.217135 5.313856 0.213141 0.213922 8.436549 
0.114096 0.114103 3.966532 0.120917 5.493326 0.118102 0.119099 8.853970 
0.020755 0.022915 0.029681 4.838199 5.667183 0.028197 0.027557 9.050054 
0.020821 0.020842 0.026447 0.023442 8.973854 0.032347 0.029949 7.148089 
1.707450 0.310138 0.306382 0.305602 0.306401 6.302726 0.307015 8.444020 
0.214074 2.911518 0.213885 0.218412 0.214480 6.437072 0.213751 8.613588 
0.111691 0.112837 3.947853 0.121863 0.118816 6.686423 0.111831 8.743044 
0.030238 0.030405 0.038583 4.802579 0.031298 6.908914 0.038497 9.017831 
0.021732 0.024398 0.027846 0.021648 5.780915 7.033754 0.021800 9.168957 
0.019186 0.019400 0.019408 0.020742 0.019456 10.804776 0.024409 7.032910 
1.719509 0.308033 0.309773 0.307848 0.308771 0.308949 7.286688 8.358810 
0.210980 2.862381 0.211004 0.210673 0.217202 0.218692 7.569281 8.740731 
0.115173 0.115247 3.963499 0.116916 0.133307 0.119314 7.768376 8.728226 
0.023364 0.026356 0.030469 4.829288 0.024633 0.027501 7.950468 9.052801 
0.031291 0.031325 0.034253 0.031578 5.775483 0.039329 8.132914 9.294157 
0.029430 0.029582 0.036899 0.029387 0.029515 6.968575 8.107494 9.257725 
0.028045 0.028108 0.028125 0.028208 0.028045 0.028191 12.548600 7.186720 
1.417382 0.307795 0.306128 0.304953 0.305517 0.316326 0.305825 13.599824 
0.209031 2.344833 0.210055 0.208855 0.210548 0.208867 0.210023 13.733370 
0.110681 0.111613 3.166703 0.112092 0.125391 0.117719 0.113640 13.879715 
0.023098 0.025051 0.034531 3.770715 0.023385 0.026430 0.027875 14.158774 
0.022237 0.022238 0.024541 0.024516 4.463704 0.025770 0.026725 14.357489 
0.024387 0.024387 0.025052 0.025058 0.024387 5.454547 0.031163 14.292507 
0.022970 0.022970 0.034144 0.033511 0.022969 0.022987 6.232923 14.362771 
0.019172 0.019205 0.020852 0.019167 0.019203 0.025935 0.019168 16.019162 
2.394181 0.394268 0.396131 0.395587 0.409866 0.396316 0.408806 0.399053 
1.763070 2.971746 0.702738 0.916403 1.129759 1.460956 1.551623 1.794814 
0.341696 4.200195 0.599561 0.729488 0.981482 0.992998 1.268165 1.991476 
1.824907 0.421300 4.123317 0.933778 1.250738 1.491295 1.689398 1.828660 
0.397938 3.125460 4.093639 0.981967 1.154252 1.356175 1.606391 1.808137 
0.250583 0.519147 6.108628 0.835691 1.165292 1.057290 1.262869 1.771003 
1.886215 0.571865 0.897854 5.033327 1.344378 1.477596 1.694078 1.919228 
0.400489 3.264218 0.882859 5.108638 1.222766 1.503976 1.685176 1.872659 
0.435847 0.741224 4.537340 5.124651 1.521828 1.592273 1.790835 2.019012 
0.212296 0.508476 0.590046 8.056650 1.262766 1.290560 0.915408 1.450184 
1.897226 0.615864 0.756107 0.993076 6.000098 1.689275 1.652108 2.056642 
0.395297 3.367225 0.867107 0.917864 5.914891 1.657175 1.679482 1.971244 
0.429111 0.710816 4.572899 1.094213 6.319507 1.583536 1.783803 2.011974 
0.444610 0.698142 1.054907 5.677863 6.753720 1.615162 1.913760 2.183872 
0.391441 0.596503 0.782638 1.018521 9.815839 1.271285 1.656924 1.695461 
1.924552 0.533982 0.802072 0.961438 1.153988 7.070726 1.257747 1.947263 
0.400834 3.513891 0.804088 1.185119 1.161478 7.132589 1.550095 1.961321 
0.452281 0.688537 4.485911 1.078221 1.313343 7.714054 1.772532 1.985688 
0.433576 0.732156 0.932634 5.670137 1.352339 8.066178 1.845064 2.154515 
0.427250 0.680185 1.009422 1.162461 6.793178 8.186241 1.745798 1.975684 
0.382912 0.590488 0.846642 0.928605 1.033421 11.713768 1.570107 1.769524 
2.003832 0.368926 0.705467 1.004759 1.011386 1.099563 8.190160 1.097389 
0.413193 3.291628 0.875235 1.018671 1.221549 1.477025 8.441790 1.893415 
0.428473 0.709851 4.607970 1.036928 1.254679 1.620583 8.844944 2.053249 
0.440389 0.688646 0.895642 5.681630 1.300348 1.633829 9.406369 2.140012 
0.462082 0.765997 1.020405 1.087394 6.723172 1.597664 9.526069 2.059942 
0.456824 0.753547 0.954324 1.188608 1.332911 8.060285 9.449128 2.071894 
0.374100 0.596405 0.849463 0.952568 1.081682 1.091091 13.582259 1.626686 
1.942507 0.559976 0.905054 0.973310 1.045424 1.472304 1.438795 9.141755 
0.376983 3.238515 0.882171 1.001364 1.432846 1.469190 1.715865 10.072071 
0.443711 0.691408 4.536948 1.033094 1.251132 1.502629 1.787397 10.122437 
0.437306 0.698191 0.941846 5.706842 1.374720 1.641096 1.985448 10.593966 
0.472832 0.732978 0.969386 1.140612 6.816069 1.622448 1.952731 10.930169 
0.446495 0.735058 1.020278 1.174121 1.384487 8.076290 1.930460 10.840099 
0.454416 0.717552 0.953279 1.154230 1.396589 1.748624 9.555037 10.729499 
0.365440 0.587248 0.935692 0.870467 1.130453 1.256245 1.640871 15.550225 
