0.352526 4.057137 0.125774 0.114689 0.156277 0.247982 0.524204 0.187511 0.179567 0.098725 
1.880883 0.370174 2.978877 0.752122 0.785958 0.378021 0.545684 0.143959 0.206814 0.174103 
0.315816 3.825410 2.033950 0.427407 0.209423 0.093706 0.493215 0.212027 0.149514 0.300383 
0.999458 0.258930 5.469016 0.736246 0.124510 0.362158 0.528900 0.972357 0.647018 0.352858 
0.230303 2.301742 5.022519 0.238371 0.118889 0.294328 1.382205 0.102167 0.090361 0.113308 
0.309885 0.082252 5.996404 0.149208 0.329619 0.658427 0.874911 0.086383 0.077416 0.634187 
1.891008 0.413478 0.384134 3.586911 0.171954 0.124077 0.552444 0.984762 0.330426 0.323329 
0.902545 3.317112 0.384671 3.587363 0.172497 0.122920 0.562939 0.987074 0.330971 0.319699 
0.859221 0.182323 4.719776 4.149981 0.221437 0.642446 0.550141 0.985396 0.259577 0.305395 
1.192534 0.157478 0.261272 6.668097 0.336906 0.644999 0.561625 0.181761 0.085358 0.649474 
0.240615 2.205374 0.256460 6.856618 0.190332 0.147474 0.194747 0.253058 0.162942 0.122459 
0.097394 0.220659 0.202491 8.060229 0.214586 0.136289 0.923399 0.088845 0.620252 0.149257 
1.675957 0.369295 0.160336 0.173202 6.043909 0.120633 0.680036 0.129122 0.148674 0.125529 
1.245341 2.235871 0.668826 0.200135 5.971361 0.221983 1.394639 0.149545 0.273687 0.121436 
0.222193 3.597469 0.174132 0.082399 4.760292 0.221012 0.515987 0.079333 0.120825 0.138346 
0.754748 0.155952 5.108951 0.530882 4.283226 0.355143 0.499537 0.124199 0.442138 0.204098 
0.181201 2.445703 3.821720 0.448281 5.155552 0.228598 0.622817 0.232663 0.139761 0.109710 
0.232052 0.117063 4.978930 0.250297 5.767969 0.125272 0.488580 0.125215 0.657090 0.229009 
1.030387 0.477662 0.170118 5.288578 6.072194 0.359882 0.206972 0.155304 0.178835 0.149819 
0.188045 1.868017 0.571011 5.339486 6.053181 0.324665 0.371163 0.932826 0.176361 0.154900 
0.213449 0.114067 4.286486 3.426852 5.758094 0.769443 0.491665 0.127981 0.660083 0.835101 
0.198085 0.322713 0.082974 7.788552 2.508160 0.114057 0.530633 0.773095 0.182306 0.298027 
1.063141 0.143627 0.298997 1.956442 8.565975 0.136045 0.562976 1.447802 0.342444 0.143656 
0.190890 0.104421 0.756133 3.616939 8.972015 0.169157 0.716204 0.096582 0.199659 0.132238 
1.843768 0.226388 0.117224 0.929675 0.332911 5.756350 0.909385 0.121504 0.111890 0.668660 
0.994218 3.037664 0.347702 0.217039 0.168119 5.980231 0.721349 0.100951 0.087703 0.112072 
0.358904 3.508440 0.125446 0.446660 0.671304 5.032820 0.692819 4.263943 0.229518 0.146535 
1.170509 0.248696 4.233296 0.940268 0.680489 5.892432 0.159748 0.118531 0.180517 0.148368 
0.206286 2.011025 4.402474 0.212787 0.109437 5.981461 0.122688 0.096053 0.082804 0.107173 
0.338778 1.275574 4.910819 0.515454 0.081237 5.989950 0.192494 0.126873 0.444798 0.080541 
0.593212 1.739467 0.230554 5.862771 0.166610 5.932515 0.720843 0.100446 0.112745 0.111566 
0.079641 0.284889 3.582874 3.410689 0.255570 8.349906 0.687697 0.076983 0.343567 0.099548 
0.102600 0.409260 0.088239 7.015205 0.080651 5.886350 0.120772 1.092571 0.143187 0.075391 
0.955175 0.105970 0.220158 0.143226 7.630029 5.991080 0.145718 0.106337 0.349838 0.117303 
0.227524 2.607292 0.130197 0.452195 4.842810 7.159973 0.329542 0.922492 0.171648 2.514006 
0.127563 1.053913 4.334376 0.458437 3.592131 6.732753 0.126954 0.814940 0.230044 1.184492 
0.828909 0.262142 0.210062 0.179999 0.152687 11.253048 0.778288 0.202038 0.405904 0.135115 
0.116256 0.195679 1.678521 4.356546 0.144278 9.740375 0.299241 0.940478 0.211969 0.336303 
0.142650 0.106040 0.391664 1.622256 3.941478 10.919291 0.136268 0.104508 0.207585 0.140164 
0.093225 0.154013 1.230718 0.157443 0.087953 11.841382 0.795907 0.117908 0.169386 0.408270 
1.803954 0.436996 0.161067 0.126063 0.275835 0.107636 6.953379 0.158429 0.180997 0.323505 
1.283047 0.140943 3.785678 0.461925 1.530456 0.171078 6.813991 0.226814 0.133840 0.103862 
0.174409 2.448353 3.830108 0.442602 1.529106 0.169729 6.812641 0.225465 0.132490 0.102512 
0.137492 0.648061 5.309567 0.144560 0.121730 0.146748 6.640667 0.144091 0.094060 0.601638 
0.192565 2.942661 0.146549 3.995336 0.287142 0.109999 6.978011 0.091504 0.352104 0.140179 
0.291337 0.125413 4.774085 3.111020 0.323635 0.268593 6.792690 0.175241 0.093002 0.115768 
1.481087 0.341569 0.159339 0.170559 5.290307 0.124715 6.959706 0.140310 0.197495 0.134825 
0.256810 2.448470 0.184193 0.330728 4.766684 0.112439 9.060344 0.134204 0.195613 1.202591 
1.449762 0.334153 0.122638 0.069055 0.232580 6.415579 6.807407 1.102127 0.129345 0.129734 
0.247070 0.114918 3.829352 2.500362 0.163515 6.409616 6.791754 0.174302 0.080707 0.114829 
0.123739 0.092179 0.979405 5.549693 0.172453 6.409502 6.827409 0.182074 0.090727 0.122600 
0.111082 0.085734 0.082271 0.080682 7.064114 6.306915 6.979563 0.085278 0.144366 0.143736 
0.748258 0.210668 0.104719 0.299236 0.102681 0.081186 13.214305 0.209185 0.151934 0.094260 
0.184338 1.419738 0.112125 0.301699 0.105143 0.083607 13.216821 0.211647 0.136571 0.096899 
0.110408 0.224633 2.722846 0.283609 0.101718 0.103543 12.626366 0.651752 0.218608 1.184800 
0.126747 0.839138 0.093380 2.342607 0.106309 0.086198 13.219163 0.214044 0.156792 0.099154 
0.130182 0.577031 0.113907 0.496114 3.981381 0.613856 12.783504 1.029246 1.295013 0.132449 
1.876802 0.389843 0.130002 0.607986 0.313076 0.338179 0.183033 6.715967 0.140904 0.301267 
0.396151 3.639626 0.141652 0.120589 0.307403 0.582056 0.169966 6.712435 0.138595 0.135702 
1.063289 0.256012 4.338647 0.594322 0.089498 0.337282 0.189582 8.082787 0.152831 0.313195 
0.229030 2.567928 2.955587 0.175975 0.671350 0.122816 0.188068 8.122210 0.189290 7.105861 
0.113845 0.688046 5.408171 0.418670 0.310885 0.333252 0.188456 6.877248 0.191738 0.107328 
0.076401 0.122597 0.739203 7.254028 0.313817 0.138302 0.191322 6.880100 0.194604 0.127477 
1.549282 0.355226 0.234727 0.141831 3.252105 0.101380 0.127999 9.644107 0.156047 0.088252 
0.243506 2.571827 0.132906 0.163956 4.982328 0.195762 0.702174 9.703849 0.093333 0.135652 
0.088593 0.388569 3.808170 0.152588 4.970361 0.258297 0.690818 9.692492 0.082869 0.124296 
0.112656 0.235040 2.453711 5.262679 5.071023 0.527874 0.154502 6.682304 0.196552 0.127023 
0.327854 2.817608 0.211257 0.100851 0.075707 4.767449 0.109036 9.619427 0.140238 0.072442 
0.081266 0.327381 3.833174 0.315854 0.231271 7.318543 0.609635 7.798077 0.136130 0.098693 
0.194077 1.361583 0.138014 4.449531 0.261859 4.403046 0.106075 10.938940 0.142971 0.102788 
0.074387 0.217513 2.239685 0.209722 5.229419 7.317932 0.609025 7.797466 0.135524 0.099392 
0.098362 0.342695 0.085678 0.853977 0.118410 10.665202 1.131836 7.295355 0.358260 0.108393 
1.353028 0.149296 0.320334 0.126933 0.182064 0.394380 9.154913 6.681197 0.193538 0.610916 
0.277951 3.212246 0.113125 0.143268 0.115329 0.429874 6.314995 6.948191 0.164795 0.151191 
0.111267 0.250464 1.568913 0.139299 5.163975 0.361067 8.348526 9.360264 0.209985 0.544719 
0.088691 0.193122 0.085381 0.413613 0.097110 9.180903 6.637565 7.293684 0.356588 0.106721 
0.080221 0.068448 0.069939 0.068229 0.070776 0.070841 12.696387 6.960892 0.175604 0.571094 
1.166408 0.157929 0.397406 0.087358 0.121264 0.312175 0.437096 13.500371 0.088939 0.207708 
0.609193 2.203464 0.813367 0.435084 0.544956 0.121787 0.467099 12.824548 0.175354 0.156326 
0.192387 0.093678 3.340452 0.104320 0.128251 0.326133 0.443903 13.507359 0.095927 0.214696 
0.079972 0.091593 0.089876 0.828783 5.318438 0.099174 0.524664 13.613928 0.157615 0.142912 
0.088222 0.092758 0.084171 0.101536 0.083814 0.793136 8.592611 12.751520 0.340996 0.110451 
0.082911 0.131165 0.172685 0.194277 0.077683 0.156289 0.070141 16.060105 0.070322 0.191219 
1.828242 0.239504 0.270571 0.350956 0.321858 0.214104 0.154848 0.864340 8.575311 0.089376 
1.162299 2.116116 0.184597 0.548178 0.148213 0.113471 0.435697 0.752434 12.281137 0.339285 
0.255193 2.033320 4.062735 0.218853 0.186240 0.121753 0.439308 0.082200 9.210824 4.738382 
1.043197 0.145648 0.234934 5.791252 0.301411 0.568396 0.083331 0.166646 9.049743 0.651298 
0.201579 2.124178 0.660574 4.789271 0.232540 0.497054 0.335075 0.841686 11.385751 0.182055 
0.238199 2.041851 1.687655 0.152153 4.138137 0.183988 0.387991 5.954192 11.235119 0.103576 
0.106016 0.128203 0.113611 0.099907 8.179628 0.105767 0.899741 0.115672 10.649664 0.333538 
1.401887 0.174512 0.288640 0.104144 0.250231 6.728890 0.078404 0.168413 9.055241 0.075324 
0.132474 0.740319 3.528605 0.169401 0.143830 7.207622 0.440646 0.191605 9.842994 0.112962 
0.088174 0.256333 1.009016 4.609763 0.237415 7.115799 0.442795 0.159590 10.086309 0.105665 
0.185936 0.490598 0.110682 0.101826 6.069713 6.415083 0.151884 0.106248 10.761896 0.591888 
0.284645 0.890531 0.231454 0.229961 0.098764 10.887334 0.169940 0.610226 6.666952 0.102967 
1.214148 0.188562 0.283546 0.322653 0.210683 0.158498 8.001273 0.783199 11.488113 0.352912 
0.226627 2.194112 0.144653 0.284416 0.160802 0.090592 7.917114 1.033442 11.440525 0.153844 
0.097071 0.205621 2.332632 0.100682 0.097486 0.099040 10.761938 0.625163 9.020387 3.595553 
0.108013 0.154068 0.727230 3.227426 3.399790 0.200307 7.605685 0.110077 12.035731 0.931174 
0.080134 0.097937 0.086855 0.077423 5.638198 0.081386 8.323861 0.128121 10.627798 0.227145 
0.101680 0.130857 0.100709 0.100278 0.100504 0.103852 12.973607 0.204585 7.147818 0.727558 
0.252373 2.786603 0.295861 0.122520 1.047965 0.153185 0.523745 8.733634 8.934734 0.105853 
0.090879 0.151853 0.083488 0.180942 0.081436 4.115874 5.249521 10.451979 10.415025 0.232780 
1.166557 0.260983 0.127592 0.445355 0.493222 0.405860 0.336712 0.658424 15.397817 0.353272 
0.267715 1.917823 0.387314 0.176373 0.676035 0.261610 0.301814 0.131200 16.030835 0.339581 
0.100024 0.538473 3.011270 0.139044 0.215102 0.101843 0.291152 0.149850 15.645451 0.105519 
0.141712 0.095133 1.075036 0.115655 3.488842 0.264534 0.249164 4.390106 16.033564 0.117876 
0.104338 0.083457 0.452211 0.120835 0.085081 0.093398 5.963245 0.137239 16.370167 0.105224 
0.690015 0.212498 0.142159 0.884246 0.345210 0.296738 0.396189 7.177968 15.415422 0.385115 
1.975313 0.648661 0.164210 0.493523 0.122780 0.136022 0.944526 0.114582 0.169595 6.477982 
1.068852 0.275424 4.061357 0.165695 0.494041 0.109742 0.477781 0.195035 0.137541 11.140483 
0.227457 2.152860 4.225880 0.409217 0.216788 0.537706 0.521239 0.909031 0.182594 10.267618 
0.166412 0.483527 5.734058 0.495687 0.337210 0.144500 1.395842 0.227199 0.153606 6.484785 
0.251461 2.502041 0.132256 3.992463 0.129277 0.194571 0.417157 0.149873 0.146603 12.501521 
0.228929 0.677858 0.120177 0.107208 8.845922 0.150502 0.158278 2.260565 0.260629 8.765257 
1.337625 0.358130 0.145936 0.112942 0.163370 5.689747 0.083175 5.797712 0.172255 10.183705 
0.273488 2.519835 0.147296 0.367280 0.246300 7.206155 0.110763 0.725084 0.150546 10.383677 
0.092429 0.246603 2.294759 0.215336 0.125995 9.224864 0.428731 0.132454 0.158093 10.674492 
0.080477 0.125953 1.091921 0.138975 0.077362 10.497870 0.705032 0.103923 0.149564 9.328621 
0.189667 1.964088 0.257707 1.620289 0.128740 0.131702 7.101642 0.186338 4.328193 13.425598 
0.738683 0.166347 4.146148 0.116552 0.119260 0.270739 5.982871 0.125348 0.339280 10.118530 
1.620637 0.679206 0.159786 0.405002 0.181570 0.463845 0.450415 5.760827 0.155304 10.182142 
0.081256 0.096408 0.094163 1.053472 6.882303 0.106234 0.658639 8.317224 0.367772 10.187342 
0.153977 0.847400 0.711536 0.101398 0.109513 0.140936 8.991973 8.504893 0.199316 10.507418 
0.149436 0.181400 0.142361 1.844703 0.688777 0.119406 0.286586 13.022264 0.716144 11.028157 
1.076972 0.210789 1.671045 0.243692 0.223842 0.405551 0.330237 0.118997 7.428859 14.418222 
0.112968 0.325827 4.673133 0.123225 0.278519 0.114799 0.082768 0.104908 8.024430 9.334012 
0.076320 0.116344 0.966480 0.118020 0.073578 9.241230 0.145284 0.096593 7.688860 9.325348 
0.099260 0.255722 1.489231 0.159574 0.113931 0.212623 0.093157 0.097695 14.815321 10.562417 
0.154686 1.630685 0.097616 0.104001 0.200824 0.174521 0.211431 0.369021 0.108708 18.498706 
0.237136 0.091262 3.638124 0.131737 0.121368 0.381596 0.104264 0.420583 0.152114 16.115067 
0.080006 0.164365 1.146760 2.172990 0.158909 0.122975 0.112670 0.078824 0.076955 19.031886 
0.077740 0.186356 0.071815 0.070862 0.069755 6.685446 0.125586 0.087873 5.470387 15.625680 
2.060154 0.387213 0.131626 0.634448 0.847516 0.274646 0.118838 0.159878 3.660661 1.065376 
0.380355 4.032291 0.393629 0.459016 0.124643 0.160309 0.207394 0.261208 0.175672 2.436598 
1.626038 0.347773 3.780919 0.625039 0.839928 0.265673 0.165988 0.149365 3.453711 0.169041 
1.191584 0.335065 0.767399 6.259666 0.806903 0.154334 0.790969 1.501077 4.497145 0.150062 
0.435404 0.191670 4.713500 5.000862 0.187889 0.595902 0.305031 2.063063 0.228480 0.352814 
0.261044 0.158442 0.846217 8.052601 0.267276 0.688327 0.596012 1.002345 0.305405 0.351222 
0.278754 3.092249 0.145107 0.182627 6.005047 0.221061 0.833000 4.259842 0.094202 0.136522 
0.154713 0.945482 2.679485 2.345750 7.954975 3.325196 0.559070 0.920093 0.263376 0.334528 
1.278557 0.298906 0.200044 0.124256 0.077889 9.053618 3.738090 1.382173 0.148537 0.080741 
0.159224 1.492105 2.226754 6.075742 0.665312 4.850958 2.100803 0.310920 0.352165 0.102298 
0.197461 0.563560 0.239448 0.114192 6.967196 8.682470 0.177499 0.111443 0.111645 0.602460 
1.558084 0.465889 0.139424 0.081916 0.257418 4.448678 6.485637 1.063324 5.677052 0.121084 
0.174672 1.537996 3.172947 2.107784 0.138129 0.142083 9.509246 0.688951 5.766188 0.156962 
0.079105 0.069398 0.078049 0.066372 6.914978 0.176173 10.258905 0.108791 0.481724 0.215944 
0.129394 0.979658 1.246888 0.108011 7.658392 2.662622 0.141645 8.658591 0.188929 0.588077 
0.229962 0.121229 4.686217 0.284642 0.199522 0.617362 0.402477 0.115758 11.491398 0.839077 
0.116922 0.102370 0.672059 2.688617 2.618375 7.412659 0.681040 0.103721 12.164007 0.137894 
0.117427 0.284027 2.357422 2.090263 3.792214 0.212742 8.497627 0.185945 9.942928 0.932270 
0.460135 0.818430 0.121337 0.250580 0.774840 0.095724 0.203226 10.814833 12.548470 0.334801 
1.120660 0.289409 0.153036 0.323286 0.123724 3.467539 5.097343 4.181936 0.130978 13.382148 
0.507997 0.128352 2.699521 0.107472 3.847202 5.941153 6.340273 1.029894 0.356263 8.584416 
0.515860 0.162449 0.092821 0.220673 0.091458 1.515904 9.880225 0.177096 0.131342 13.382511 
0.149171 0.194127 0.106601 2.492896 0.894291 0.106869 0.338074 12.548157 0.508200 11.014558 
