2.296162 2.374133 1.004773 1.006526 1.011134 1.020394 1.014933 0.999921 
2.178306 2.243922 1.018381 1.027624 1.702633 1.060748 1.063857 0.991632 
1.182118 4.591096 1.006511 1.010969 1.014393 1.017518 1.021793 0.997106 
1.165138 4.167664 1.069823 1.110292 1.151408 1.192890 1.238895 0.970378 
1.238381 2.631021 3.747758 1.017307 1.020942 1.025771 1.030131 0.998287 
0.943423 2.337747 3.569010 1.219208 1.315638 1.419212 1.597505 1.100352 
1.116941 0.996754 6.585133 1.011904 1.016981 1.019325 1.023083 0.997039 
0.990247 1.231476 6.344757 1.032569 1.042084 1.329219 1.088045 0.989965 
1.227650 2.518794 1.001339 4.992272 1.012550 1.015412 1.016903 0.997349 
1.025127 1.786788 1.004108 4.233810 1.453615 1.629990 2.401560 0.855178 
1.209029 0.998139 3.545647 4.717781 1.011238 1.012850 1.015887 1.002399 
1.018126 0.962304 3.098778 5.370721 1.153505 1.195145 1.245016 1.008830 
1.093727 0.996655 0.996610 8.553277 1.017731 1.019994 1.024518 0.996169 
1.099348 0.984421 0.999033 8.168401 1.077347 1.097852 1.119439 1.108017 
2.140360 1.003378 1.007767 1.025362 5.022623 1.051240 1.064723 0.989758 
2.058848 1.002409 1.006488 1.355041 5.022619 1.051244 1.064728 0.989757 
1.238499 2.467380 1.001966 1.005500 6.044381 1.019460 1.024175 0.996830 
1.227430 2.412389 1.046507 1.008995 6.075535 1.038743 1.047477 0.992934 
1.198702 0.997001 3.445165 1.004123 5.851904 1.019079 1.023031 0.996709 
1.082915 0.923646 2.950470 1.085268 5.312442 1.468031 1.597153 0.901010 
1.160333 0.994947 0.995267 4.534039 5.664676 1.031832 1.038384 0.993697 
1.120699 0.988334 0.985097 5.052491 4.949995 1.094023 1.152920 0.981004 
1.029056 0.958652 0.960224 0.962322 10.111752 1.219198 1.270332 0.954997 
1.008782 1.013491 0.992536 0.975692 10.363576 1.138603 1.169132 0.971863 
2.107256 1.001311 1.004667 1.007669 1.009772 6.218172 1.030397 0.995302 
2.066328 1.001821 1.009465 1.016835 1.047722 6.168396 1.075988 1.072719 
1.230363 2.432098 1.002142 1.004654 1.007299 7.199954 1.029724 0.995138 
1.233741 2.468938 1.005392 1.013293 1.015644 6.930725 1.061306 0.989874 
1.177458 0.997272 3.459999 1.003624 1.006540 6.935978 1.021553 0.999557 
1.165367 0.989801 3.416197 1.012554 1.020153 6.901530 1.077361 0.987852 
1.082177 0.955002 0.959075 4.354946 1.081472 6.511789 1.314007 0.947874 
1.018401 0.981333 0.981657 4.612859 1.031152 7.020246 1.116835 1.115997 
1.011452 0.900871 0.909986 0.920231 5.161264 6.163689 1.686954 0.887081 
1.005710 0.887736 0.899544 0.913033 5.000631 6.105915 1.790535 0.868367 
0.967157 0.889408 0.896318 0.904128 0.912969 11.449593 1.735142 0.877774 
1.003851 0.914386 0.920024 0.926623 0.939735 11.592626 1.574957 0.904223 
2.282352 1.000699 1.002047 1.007374 1.005248 1.005979 5.949172 1.001126 
2.143634 1.006780 1.028059 1.053825 1.073358 1.096208 5.983465 0.966389 
1.312009 2.663484 1.002517 1.004664 1.007272 1.008378 6.898050 0.997148 
1.353037 2.879079 1.002802 1.004765 1.007324 1.008572 5.865663 0.997729 
1.241387 0.977886 3.633472 1.041841 1.061358 1.084920 6.429036 0.969728 
1.027843 0.995324 4.687263 1.097455 1.054882 1.015130 5.754862 1.116678 
0.948169 0.812742 0.847746 3.965571 1.462833 1.714850 5.397497 0.762931 
0.995395 0.846241 0.873602 4.281494 1.407671 1.603683 5.307129 0.806577 
0.827571 0.730591 0.782847 0.853774 4.823727 2.007373 5.309598 0.665430 
0.900668 0.781610 0.822433 0.875072 5.269518 1.849449 5.154912 0.726314 
0.773172 0.685597 0.765141 0.879267 1.040876 5.919303 5.300412 0.599230 
0.869360 0.793347 0.812520 0.836312 0.865821 8.289412 4.791934 0.769885 
0.853255 0.734342 0.810282 0.915041 1.056853 1.247736 10.688027 0.647691 
0.869758 0.744554 0.817653 0.920239 1.052213 1.230735 10.758004 0.659922 
0.076580 0.115852 0.235117 0.533885 1.219157 3.258953 6.642865 0.280018 
0.105224 0.139962 0.283718 0.621083 1.380996 3.050676 6.635747 0.062128 
2.560528 1.002579 1.004377 1.005650 1.009263 1.009649 1.011620 4.385597 
2.489798 1.024900 1.009178 1.012863 1.037953 1.022978 1.028590 4.674744 
1.478750 3.008749 1.004021 1.008765 1.009995 1.011364 1.016244 4.989038 
1.368893 2.613339 1.033419 1.060918 1.086464 1.964631 1.163086 4.954490 
1.429188 0.998010 4.225891 1.008404 1.011361 1.018978 1.017642 4.803188 
1.403915 0.989730 4.106028 1.036353 1.050470 1.069542 1.079892 4.788826 
0.927400 2.052590 3.060483 1.189532 1.283241 1.386204 1.499711 3.685196 
0.929670 2.064398 3.077746 1.185456 1.276474 1.375884 1.485392 3.688069 
1.405069 0.997652 0.998472 5.452064 1.012688 1.014417 1.017578 4.722111 
1.397812 0.995075 0.996792 5.412642 1.024774 1.029930 1.036537 4.717773 
0.938249 2.062871 0.995244 4.133899 1.243929 1.329378 1.420517 3.755455 
0.939154 2.067502 0.995451 4.141668 1.241030 1.325153 1.414794 3.756663 
1.372170 0.996934 0.998209 0.998903 6.755727 1.018058 1.021842 4.675906 
1.279840 0.991940 1.017068 0.995294 7.036632 1.045754 1.055825 4.696741 
1.265889 0.954341 0.967969 0.982462 0.997924 7.678994 1.315154 4.390887 
1.086904 1.407381 0.983463 0.990016 0.996763 8.034340 1.157161 4.425987 
1.112544 0.852372 0.929785 1.027697 1.149944 1.302089 6.610936 4.217666 
1.611124 0.990124 1.018608 1.060700 1.108863 1.161867 6.013469 3.819003 
0.900250 2.067485 1.010186 1.079681 1.160104 1.251754 6.029897 3.764753 
0.940045 2.293522 1.070068 1.060824 1.109242 1.162547 6.018122 3.818486 
0.915361 0.981025 3.215904 1.058405 1.102670 1.150692 5.938198 3.845030 
0.919510 0.981876 3.214633 1.054530 1.095910 1.140743 6.015086 3.849332 
0.212242 0.256019 0.433294 0.574941 1.002073 3.702483 4.915339 2.888985 
0.280056 0.328295 0.531268 0.611975 0.960764 4.105591 4.475706 3.274467 
0.147664 0.194854 0.296080 0.533110 1.044743 2.112784 6.753761 2.507226 
0.313774 0.399376 0.462689 0.641122 0.976664 1.640945 7.833769 2.732177 
1.710446 0.999033 1.000286 1.004040 1.003214 1.004331 1.006371 11.212896 
1.686433 0.998766 1.000181 1.004018 1.003426 1.004715 1.164398 11.212316 
0.948908 2.406863 1.019059 1.058368 1.102490 1.148744 1.199332 9.200410 
0.956573 2.463635 1.018191 1.051925 1.091824 1.128679 1.170951 9.251664 
0.097321 0.125978 0.197033 0.376460 0.774687 1.635633 4.656760 6.339988 
0.223131 0.269950 0.318100 0.463593 0.747389 1.295557 4.958079 7.110693 
0.030749 0.030754 0.030770 0.030809 0.030911 0.031117 0.031590 16.028757 
0.195361 0.198101 0.210876 0.246902 0.314097 0.385757 0.575908 15.123938 
2.702932 1.003244 1.006083 1.129303 1.321225 1.582421 1.518249 1.125151 
1.993017 1.041771 1.534758 1.275100 1.417073 1.585071 1.719484 1.844938 
1.464933 2.945902 1.095715 1.161235 1.453785 1.738351 1.522298 1.119209 
1.755217 1.871930 1.350247 1.449322 1.410890 1.551142 1.703437 0.896455 
0.999543 4.625393 1.014328 1.036039 1.053906 1.080594 1.048061 1.965448 
0.992094 4.176451 1.072493 1.127404 1.160659 1.247192 1.337134 1.927159 
1.449963 0.968106 4.258519 1.170009 1.305528 1.682942 1.417895 1.093076 
1.309234 0.966511 5.051148 1.137679 1.318250 1.253512 1.314587 1.213510 
0.912972 2.155043 3.300482 1.295609 1.439543 1.602952 1.787773 1.053874 
0.890393 2.147610 2.751481 1.341439 1.528629 1.746047 2.340206 0.832568 
0.937400 1.045273 6.028037 1.169221 1.237418 1.310440 1.387448 0.935647 
0.915972 1.052494 5.642792 1.213779 1.306205 1.406787 1.559079 1.086258 
1.398964 0.957360 0.982418 5.573391 1.379913 1.555834 1.517622 1.046394 
0.977992 1.243689 0.981022 4.776493 4.696241 1.109796 1.169910 1.921659 
0.910648 2.106960 1.009356 4.450308 1.449482 1.610375 1.797099 1.005481 
0.889967 1.990203 1.003222 4.234107 1.510716 1.808163 1.952857 0.977139 
0.848502 0.952310 2.925325 4.101145 1.507465 1.707669 1.936831 0.844978 
0.707533 0.863342 2.163897 2.805459 1.721410 2.805634 2.851509 0.753975 
0.895834 0.905051 1.147673 7.346872 1.364760 1.493129 1.628247 0.895681 
0.933106 0.936693 1.108396 7.905554 1.246939 1.326534 1.405090 0.932875 
1.414511 0.965045 0.984769 1.088561 7.016339 1.682372 1.418856 1.141090 
1.160306 0.866931 0.990068 1.352232 3.780087 2.320306 2.830539 0.698364 
0.900288 2.113920 1.017062 1.097413 5.325111 1.684702 1.906419 0.935738 
0.795396 1.587413 0.964996 1.096438 4.703338 2.132938 2.630339 0.906621 
0.819037 0.938968 2.830083 1.119780 4.899485 1.828985 2.120858 0.868215 
0.887338 0.975455 3.231353 1.088079 5.280670 1.532002 1.686694 1.019512 
0.783901 0.799789 1.015838 3.644001 4.688949 1.940416 2.297566 0.839227 
0.838524 0.979749 1.047041 4.071893 4.385284 1.754155 2.042049 0.831854 
0.844971 0.846415 0.874283 1.339824 8.681644 1.703436 1.930764 0.844992 
0.938715 0.942829 1.139613 0.947407 9.891972 1.292508 1.383901 1.061980 
1.420117 0.962303 0.985338 1.097081 1.375589 8.307409 1.465654 1.054990 
2.033763 1.002201 1.032011 1.027911 1.040058 6.160679 1.133011 1.004246 
0.882980 2.024127 1.014405 1.100688 1.205326 6.501284 2.036644 0.960439 
0.874268 1.830515 0.983713 1.297921 1.171491 6.009123 1.926370 2.346761 
0.785191 0.921009 2.717482 1.143742 1.293715 5.843782 2.337849 0.839992 
0.920789 0.980408 3.183345 1.280926 1.106809 5.848918 1.429813 2.450461 
0.742571 0.764414 1.007087 3.484715 1.327662 5.709945 2.548048 0.804566 
0.823949 0.848273 1.254966 3.656876 1.244416 6.008872 2.059153 0.886662 
0.705002 0.711150 0.775025 1.111796 4.438010 5.583463 2.758322 0.839009 
0.726314 0.716630 1.014831 0.793640 4.416026 5.608809 2.716438 0.846019 
0.730178 0.733098 0.766033 1.077450 1.387228 9.655092 2.609887 0.822781 
0.962427 0.962468 0.966907 1.149538 0.967049 12.381311 1.295264 0.962981 
1.461252 0.950460 1.014060 1.159127 1.387542 1.507485 7.612644 1.182248 
0.714434 1.482785 1.006279 1.269296 1.636146 2.143363 5.211510 0.911250 
0.698024 1.453245 1.227780 1.407043 1.881107 2.521806 3.716330 0.587791 
0.639206 0.828236 2.285317 1.276346 1.641015 2.142390 5.198221 0.833574 
0.989172 1.008973 4.771349 1.026737 1.067456 1.032100 5.761863 1.110833 
0.592096 0.641002 0.986558 3.169672 1.654223 2.207224 5.325671 0.765653 
0.975328 0.970635 1.026086 5.612152 1.059281 1.082028 6.428402 0.970809 
0.466928 0.492821 0.611942 1.204880 3.944281 2.574071 5.002907 0.815814 
0.807549 0.716496 0.771884 0.848095 4.706875 2.048185 5.351468 0.648950 
0.323546 0.371783 0.607048 0.809631 1.083838 5.220440 5.019733 0.845073 
0.463429 0.486072 0.625357 1.281220 1.013901 6.491817 4.178956 0.998889 
0.312811 0.367740 0.615138 0.758524 1.074991 1.750900 9.020548 0.832366 
0.704913 0.678782 0.693384 0.726564 0.743158 3.391166 10.795222 0.660892 
1.582285 0.971901 1.060937 1.309303 1.538334 1.775712 1.689237 5.292630 
1.472145 0.965602 0.993849 1.024478 4.056578 1.585420 1.350075 5.376176 
0.907663 2.555923 1.099197 1.228971 1.379709 1.549203 1.754195 4.767205 
0.948357 1.872473 0.983372 3.701337 1.143565 1.198281 1.250780 6.299290 
0.807976 0.980125 3.501718 1.251951 1.427763 1.637866 1.888710 4.487468 
0.936424 0.992683 3.536380 1.055109 1.090440 1.127635 5.446351 3.864417 
0.757352 0.783609 1.092651 4.442746 1.488112 1.756508 2.086240 4.324327 
0.832014 0.901623 0.968471 4.476478 1.297340 1.442969 4.024909 3.618170 
0.706571 0.716115 0.807103 1.222014 5.516112 1.877276 2.310652 4.259836 
0.904013 0.889547 1.751207 0.960536 6.107686 1.376502 1.491984 4.603436 
0.641346 0.646638 0.690486 0.985576 1.260371 6.819623 2.572892 4.350690 
0.767885 0.970735 0.805186 2.827992 1.221641 4.879311 2.185509 3.556749 
0.328357 0.386130 0.635340 0.853342 1.117768 1.794390 6.122649 3.936104 
0.352346 0.428334 0.816806 0.884269 1.406366 2.265556 3.879813 4.697104 
0.481181 0.528846 0.784365 1.012037 1.380710 1.615771 2.119750 9.354715 
