1.164876 4.628443 1.012365 1.008476 1.011588 1.013936 1.017116 1.000803 
1.025222 4.423812 1.037624 1.057954 1.483569 1.107141 1.129461 1.342586 
2.216460 1.001616 3.293367 1.009335 1.012761 1.015812 1.019863 0.997159 
2.173475 1.003279 3.237087 1.036035 1.048794 1.061325 1.075004 1.048630 
1.266694 2.546280 3.798422 1.017364 1.018270 1.022390 1.027063 0.999154 
1.001653 3.066601 3.790057 1.021498 1.023842 1.029403 1.034740 0.994529 
1.108482 0.997832 6.613793 1.012028 1.015805 1.018695 1.021477 0.997505 
0.966693 1.035630 6.345236 1.097217 1.220115 1.169507 1.203866 1.120016 
2.170421 1.000523 1.002854 4.262464 1.011587 1.014503 1.013902 0.998263 
2.116134 1.000505 1.003241 4.008124 1.014119 1.017730 1.018044 1.907585 
1.259661 2.452102 1.002559 4.980176 1.014808 1.018074 1.021427 0.997601 
0.992153 3.121555 1.055405 4.054621 1.127266 1.162503 1.195447 0.967686 
0.894403 2.129332 1.035380 3.641370 1.569338 1.794203 2.064485 0.887810 
1.216932 0.997799 3.480691 4.768822 1.011677 1.015197 1.017612 0.998010 
0.940603 0.999033 3.411081 4.702012 1.218920 1.287550 1.355483 1.193719 
1.086953 0.997028 0.997218 8.593976 1.013200 1.016642 1.019933 0.997928 
1.001496 0.959737 0.960770 7.998015 1.152344 1.198930 1.242728 1.554724 
1.234188 2.488440 1.002083 1.013680 6.031294 1.015281 1.015604 0.998339 
1.140081 1.896758 2.169675 1.013904 6.030659 1.014358 1.017433 0.997424 
1.208904 0.998450 3.450606 1.004621 5.779313 1.021800 1.025469 0.996767 
0.964659 0.932923 3.663845 1.086300 5.314086 1.335095 1.418240 0.932214 
1.128293 0.989360 0.990553 4.559785 5.681739 1.063492 1.075725 0.988761 
0.992597 0.993047 1.145902 4.765295 5.942886 1.037891 1.046218 0.992587 
1.042541 0.969562 0.970977 0.972271 10.242104 1.162220 1.198018 0.967260 
1.043190 0.971418 0.972719 0.973898 10.273090 1.152311 1.185651 0.969331 
1.231629 2.457484 1.001901 1.002981 1.005333 7.159447 1.019597 0.997195 
0.948300 2.401404 1.018937 1.063175 1.103656 6.584479 1.483642 1.625596 
1.170940 0.997691 3.458626 1.003070 1.004420 6.993308 1.017745 0.997285 
0.934362 0.883719 2.939922 1.076084 1.284026 6.555662 1.733373 1.237848 
1.094452 0.959024 0.962973 4.312676 1.073988 6.578728 1.288155 0.952262 
1.031924 0.912223 0.917213 3.955455 1.159174 6.348124 1.656632 0.890846 
1.031099 0.911531 0.916613 3.950763 1.160240 6.345143 1.661526 0.890025 
0.995252 0.907261 0.913621 0.920665 5.273726 6.325043 1.621829 0.896768 
0.929999 0.911369 1.167246 0.930027 5.221329 6.498762 1.542940 0.932324 
0.962356 0.906032 0.911884 0.914327 5.432608 6.268672 1.760382 0.907973 
0.969825 0.894313 0.900626 0.907753 0.916068 11.525775 1.698742 0.884519 
0.962550 0.884166 0.891681 0.906015 0.910797 11.379089 1.770501 0.872557 
2.318254 1.001238 1.005217 1.005146 1.007004 1.010858 5.677239 0.997457 
2.178713 1.004156 1.017541 1.027456 1.039329 1.053280 6.197393 0.981817 
1.302233 2.626544 1.004931 1.008567 1.011625 1.014906 7.021009 0.993942 
1.247024 2.382205 1.017931 1.046642 1.055104 1.281309 6.964612 1.335610 
1.291068 2.587043 1.010127 1.018363 1.026073 1.034117 7.020812 0.986050 
1.251575 0.987835 3.743240 1.023624 1.034005 1.044582 6.435956 0.983363 
1.062825 1.263819 3.853426 1.041815 1.059862 1.082068 6.205921 0.971385 
1.046218 0.884479 0.903293 4.347056 1.285283 1.412129 5.921098 0.857072 
1.001129 1.224840 0.965487 5.136474 1.105155 1.140490 5.853405 0.955100 
0.861798 0.769346 0.801476 0.841741 5.170072 1.772249 5.809289 0.726386 
0.871919 0.794787 0.816387 0.839416 5.245370 1.614806 6.378666 0.766394 
0.743456 0.661410 0.806196 1.039088 1.367824 5.086441 4.134647 0.657893 
1.107506 1.518778 0.990031 0.995809 1.002359 5.907380 6.201843 0.983907 
0.877644 0.746667 0.825516 0.933488 1.082116 1.277192 10.424463 0.716710 
1.088892 0.930199 1.412655 0.978782 1.090156 1.023314 11.956074 0.916262 
0.074619 0.111246 0.231318 0.528097 1.210723 3.209539 6.593784 0.424271 
0.123986 0.168724 0.285485 0.573920 1.207904 3.502131 6.329039 0.469780 
2.534472 1.002348 1.004855 1.005873 1.007905 1.010823 1.012087 4.590826 
2.417962 1.010382 1.057584 1.021412 1.156133 1.039813 1.047896 4.822329 
1.498094 2.902578 1.003639 1.007773 1.006953 1.012340 1.011436 5.282955 
1.184367 1.915441 1.151815 1.248945 1.415864 1.616930 2.178833 3.983226 
1.427732 0.998450 4.168014 1.006030 1.008270 1.014076 1.012582 5.013675 
1.226805 0.941199 3.180286 1.172877 1.353048 1.631954 1.503144 4.743599 
0.961422 2.144763 3.300427 1.114807 1.165494 1.219491 1.275507 4.187829 
0.964438 2.161071 3.325820 1.107963 1.155033 1.205015 1.256586 4.191962 
1.413167 0.998418 0.999604 5.342016 1.009501 1.012528 1.014165 4.899048 
1.328531 0.991135 0.993380 4.553471 1.029929 2.507666 1.059973 4.888377 
1.366093 0.996521 0.997577 0.998601 6.678719 1.021380 1.025278 4.826438 
1.365634 0.996360 0.997649 0.998537 6.676511 1.022286 1.026386 4.826182 
1.384082 0.992990 0.995373 0.997738 6.564379 1.043520 1.052422 4.693470 
1.257840 0.956982 0.968757 0.981426 0.994853 7.650832 1.283377 4.639559 
1.271121 0.963841 0.973719 0.984121 1.005178 7.721108 1.238724 4.649755 
1.266332 0.961858 0.972250 0.983231 1.004913 7.689425 1.269779 4.646905 
1.110234 0.851700 0.929713 1.027278 1.152164 1.303096 6.442461 4.414619 
1.162598 0.916005 0.942308 0.976000 2.957650 1.263705 5.926098 3.793907 
0.894948 2.043155 1.024399 1.084218 1.170136 1.269777 5.928935 3.782239 
0.897026 2.049015 1.024090 1.086429 1.170293 1.263194 5.910976 3.833392 
0.894579 2.041121 1.024276 1.084338 1.170547 1.270560 5.928874 3.781624 
0.210406 0.249365 0.410752 0.562891 1.002339 3.603571 4.856585 3.111586 
0.306257 0.351535 0.546429 0.625590 0.977910 4.271424 4.402733 3.207782 
1.691853 0.999063 1.000880 1.001907 1.002833 1.005165 1.005729 11.364306 
1.390373 0.948648 0.982895 1.020300 1.061620 1.108513 1.158634 11.289314 
0.102654 0.117898 0.214661 0.367575 0.743590 1.548853 4.412922 6.871138 
0.266044 0.273231 0.424994 0.502731 0.770168 1.266015 5.156709 7.029028 
0.093392 0.115443 0.205996 0.361269 0.743338 1.566422 4.389880 6.843938 
0.019740 0.019772 0.019901 0.020220 0.020962 0.022872 0.026708 16.003383 
0.230737 0.231704 0.236945 0.249266 0.269308 0.309332 0.382744 15.771047 
2.674021 1.011451 1.026393 1.167140 1.257361 1.597466 1.193699 1.374250 
2.548813 1.055454 1.025982 1.039583 1.083264 1.071994 1.143391 3.472436 
1.495945 2.947856 1.071489 1.121362 1.450434 1.757073 1.447085 1.475136 
1.013251 3.927984 1.039768 1.095292 1.088072 1.364828 1.143255 3.460470 
1.008105 4.305128 1.008547 1.011637 1.016960 1.022188 1.022853 3.484990 
1.004885 4.157261 1.027930 1.042626 1.059783 1.077152 1.090254 3.471263 
1.412672 0.962719 4.175781 1.187071 1.383005 1.695562 1.447588 1.295028 
1.255962 0.937816 3.391512 1.181031 1.275962 2.175930 1.569911 3.358271 
0.917622 2.116856 3.321769 1.265952 1.393243 1.770681 1.716181 1.315358 
0.996457 1.973048 4.475278 1.022165 1.029711 1.039378 1.043814 3.480721 
0.932801 1.054127 5.883925 1.179304 1.257400 1.335100 1.415540 1.082789 
0.923746 1.056980 5.743800 1.198525 1.286969 1.373778 1.469826 1.114052 
1.416539 0.965111 0.986263 5.527084 1.359535 1.577548 1.484812 1.358326 
1.617240 0.977147 1.015278 4.235462 1.601889 1.643289 1.515121 1.354233 
0.915786 2.080121 1.003673 4.565642 1.407893 1.555935 1.721387 1.297227 
0.780049 1.566310 0.974683 3.142669 1.787833 2.239413 2.818223 0.698417 
0.852404 0.952805 2.905962 4.087734 1.486305 1.679040 1.894828 1.102128 
0.885513 1.365704 2.685363 3.496072 1.719305 1.644035 1.839679 0.944614 
0.917622 1.056721 0.925071 7.553059 1.318242 1.419817 1.518353 0.979225 
0.940582 1.026040 0.930883 7.654879 1.299364 1.377526 1.475602 0.989827 
1.398967 0.959966 0.982698 1.019179 6.995549 1.582236 1.468315 1.326922 
0.841218 0.755504 0.788562 3.010771 4.211701 2.273634 2.730167 0.713176 
0.891849 1.979120 1.001408 1.071108 5.519750 1.695182 1.935365 1.164272 
0.878792 1.708902 0.963838 1.018127 6.346751 1.703415 1.947569 1.162183 
0.829443 0.940821 2.821939 1.106417 4.963681 1.770037 2.034243 1.142248 
0.843175 1.172614 2.455430 1.105650 4.977396 1.760429 2.020434 1.144730 
0.790449 0.805112 1.011971 3.606304 4.711315 1.898815 2.236689 1.085011 
0.950866 1.148428 0.956313 4.245659 5.183413 1.443965 1.298290 1.661185 
0.858755 0.865512 0.884082 1.318788 8.779330 1.646895 1.844238 0.986069 
0.849103 0.865915 0.850758 1.350667 8.682538 1.686810 1.906531 0.899327 
1.404665 0.960392 0.983798 1.046534 1.317593 8.366619 1.470185 1.260360 
1.005213 1.102831 1.137449 0.989127 0.990148 11.656073 1.086010 1.591232 
0.874419 1.939537 1.003782 1.093398 1.192766 6.497945 2.057078 1.250041 
0.881367 2.010211 1.012890 1.103354 1.202885 6.317048 2.023673 1.255792 
0.783618 0.915145 2.642729 1.132547 1.277373 5.895714 2.326834 1.036826 
0.892835 1.007096 3.085503 1.079855 1.136885 6.618396 1.647043 1.252629 
0.741442 0.763033 1.006402 3.464992 1.326859 5.535116 2.521453 1.100806 
0.755984 0.773825 0.987060 3.205945 1.245720 5.131100 2.251919 2.812535 
0.697538 0.703038 0.754780 1.135202 4.388902 5.393352 2.766962 1.101294 
0.875565 0.811046 0.826929 0.840906 4.665016 5.732994 2.190878 1.459603 
0.724546 0.728398 0.769164 1.104194 1.324219 9.438011 2.611473 1.087761 
0.864475 0.864982 0.867586 0.928482 1.424572 11.013666 1.791381 1.237924 
1.367975 0.925815 1.022782 1.142181 1.285867 1.558594 6.962625 1.273283 
1.619580 1.061442 1.001376 1.176488 1.008692 4.643838 5.687335 0.989844 
0.728262 1.526776 1.011556 1.260793 1.606126 2.075459 5.230473 1.081565 
0.999287 2.852990 1.060548 1.033534 1.051671 1.070411 5.381095 3.494374 
0.596278 0.783084 2.069583 1.276471 1.699720 2.305031 4.728771 1.132011 
0.877853 1.100906 3.252507 1.129454 1.384128 1.328730 6.303656 1.335535 
0.516445 0.577054 0.931199 2.780929 1.756221 2.501921 4.537581 1.150106 
0.609019 0.666992 1.078391 3.729583 1.827218 2.440270 3.291096 1.246381 
0.468137 0.504369 0.704553 1.058713 3.925673 2.583730 4.822285 0.999908 
0.842513 0.764321 0.791035 0.826675 5.288068 1.776173 5.811186 0.727179 
0.325274 0.360285 0.567642 0.891417 1.086529 5.232913 4.989327 0.888987 
0.559279 0.551915 0.875478 0.718882 3.441724 4.833369 3.718499 0.937575 
0.305223 0.349375 0.538200 0.868523 1.108113 1.748286 8.932654 0.940698 
0.677194 0.694041 0.835249 0.725711 0.761425 1.983615 11.910102 1.327473 
1.666097 0.981142 1.051691 1.290281 1.354280 1.849174 1.556116 5.765284 
1.216788 2.169028 1.001636 1.012716 1.006335 1.010787 5.485144 5.279564 
0.910681 2.566289 1.095296 1.216888 1.358112 1.522416 1.711672 4.982538 
0.985813 2.323813 1.001279 1.012360 1.016659 5.978260 1.097376 4.541164 
0.822387 0.985366 3.580595 1.233898 1.393814 1.578157 1.797144 4.761832 
1.045314 1.209080 3.268942 1.027987 1.043091 1.061347 5.167884 4.144473 
0.748609 0.777616 1.082259 4.321013 1.489912 1.768321 2.112449 4.443349 
0.751579 0.772788 0.986365 3.319991 1.274736 1.469735 3.658190 5.751238 
0.703597 0.717653 0.823044 1.175748 5.449382 1.876153 2.310992 4.359344 
0.960841 0.938958 1.243651 0.953994 6.571163 1.196450 1.231434 6.199022 
0.652041 0.656863 0.693234 0.919996 1.323659 6.827037 2.495704 4.559250 
1.042009 0.947952 0.949772 1.220536 0.967935 8.883575 1.267189 4.492778 
0.335647 0.390831 0.644521 0.693172 0.993825 1.552518 6.436479 4.501581 
0.954670 1.752579 2.531633 1.057575 1.091497 1.127677 4.805649 4.188133 
0.470993 0.521739 0.801980 1.167427 1.092920 1.487539 2.100376 9.523296 
0.288289 0.294078 0.451603 0.512846 0.762968 2.964153 3.269346 7.059467 
