2.050610 0.051220 0.050772 0.051290 0.050952 0.050761 0.050941 0.050722 
1.839426 1.839506 0.050855 0.050868 0.051327 0.052920 0.055637 0.053494 
0.942544 3.631288 0.051538 0.056885 0.050929 0.053215 0.052099 0.053704 
0.050997 4.050691 0.051956 0.050733 0.051530 0.052000 0.051064 0.050723 
1.839266 0.051593 2.738186 0.051627 0.052497 0.051977 0.053386 0.058596 
1.204570 2.366071 3.514260 0.059155 0.052071 0.052461 0.052085 0.054412 
0.051332 3.627118 2.737826 0.050770 0.051530 0.051448 0.051376 0.054277 
0.944804 0.050935 5.417696 0.051348 0.050831 0.051288 0.051493 0.050699 
0.051600 1.842678 5.415936 0.057639 0.052153 0.051977 0.054378 0.051368 
0.050854 0.051456 6.050845 0.050886 0.051702 0.051749 0.051217 0.050877 
1.839573 0.050868 0.052749 3.627296 0.050666 0.052990 0.055624 0.050650 
1.206790 2.362064 0.051843 4.663995 0.052374 0.052076 0.051367 0.054128 
0.051448 3.627224 0.051392 3.632985 0.051780 0.055826 0.052309 0.060073 
1.206888 0.051835 3.518370 4.664295 0.052206 0.052141 0.052390 0.054455 
0.052361 2.362486 3.518649 4.664575 0.052485 0.052420 0.052670 0.054743 
0.050556 0.051172 5.417761 3.626530 0.050701 0.051158 0.050922 0.050576 
0.944023 0.050921 0.050971 7.208643 0.051671 0.053440 0.051056 0.052480 
0.050996 1.838188 0.050843 7.207438 0.051543 0.053977 0.054302 0.052663 
0.051303 0.051610 2.733843 7.206744 0.051616 0.053787 0.051423 0.054033 
0.050845 0.052266 0.050618 8.050616 0.052295 0.053022 0.051831 0.052741 
1.839622 0.051130 0.053011 0.050848 4.520407 0.052570 0.051446 0.059355 
1.204704 2.364596 0.053740 0.053025 5.826897 0.052815 0.052694 0.061026 
0.050736 3.628543 0.050830 0.057496 4.520400 0.052950 0.051942 0.054462 
1.206278 0.051564 3.509889 0.050697 5.827027 0.051171 0.052949 0.052682 
0.051295 2.362494 3.510400 0.057494 5.827539 0.051494 0.054096 0.055097 
0.051166 0.050930 5.419125 0.051106 4.517487 0.051647 0.053257 0.059754 
1.205623 0.051034 0.052152 4.672770 5.818866 0.053192 0.052219 0.052987 
0.051082 2.358674 0.052139 4.678891 5.816924 0.051607 0.052496 0.054110 
0.051474 0.050886 3.514069 4.664757 5.831978 0.053362 0.053921 0.051026 
0.051347 0.050601 0.050602 7.206872 4.520600 0.052630 0.051506 0.053468 
0.945553 0.051137 0.050899 0.051023 8.993987 0.053711 0.051178 0.052879 
0.050812 1.840168 0.050679 0.052952 8.993771 0.053811 0.051196 0.057946 
0.050910 0.050764 2.731301 0.052391 8.997321 0.051425 0.051881 0.054661 
0.051057 0.051063 0.050938 3.630334 8.994123 0.052227 0.051607 0.058015 
0.050610 0.050623 0.050473 0.050472 10.050472 0.052405 0.050849 0.050563 
1.839853 0.050747 0.051862 0.050369 0.051050 5.408712 0.051431 0.052428 
1.204831 2.363126 0.050966 0.051169 0.051274 6.974316 0.052690 0.051303 
0.051988 3.630255 0.051015 0.054203 0.055157 5.406890 0.052079 0.050806 
1.206264 0.051214 3.513762 0.054400 0.051241 6.980167 0.052895 0.053621 
0.050885 2.361770 3.512059 0.051137 0.050770 6.979361 0.055075 0.057334 
0.051321 0.050499 5.419102 0.050549 0.051230 5.408892 0.051611 0.053482 
1.206219 0.051041 0.050666 4.671457 0.051285 6.969756 0.050738 0.052182 
0.051498 2.362678 0.051374 4.672310 0.051457 6.970566 0.051688 0.053008 
0.050899 0.050769 3.514335 4.677444 0.051935 6.968131 0.054566 0.053695 
0.052162 0.053351 0.050659 7.209472 0.051522 5.406989 0.051843 0.058412 
1.205621 0.050907 0.050806 0.051972 5.821927 6.979111 0.052169 0.054208 
0.052900 2.362535 0.053456 0.054282 5.825471 6.980795 0.054373 0.056481 
0.050799 0.051897 3.515801 0.050981 5.822000 6.979462 0.054184 0.057232 
0.051600 0.051561 0.053230 4.673569 5.825304 6.974640 0.058190 0.051612 
0.051196 0.050682 0.051135 0.050805 8.998009 5.409899 0.051087 0.059025 
0.943799 0.050569 0.050727 0.051084 0.052047 10.787028 0.053216 0.051759 
0.051016 1.837490 0.051216 0.053496 0.051511 10.787426 0.053498 0.053865 
0.051249 0.050777 2.730656 0.051665 0.051322 10.787297 0.054643 0.056534 
0.051037 0.050865 0.050858 3.627224 0.052953 10.784991 0.053349 0.050971 
0.050720 0.050526 0.050527 0.051274 4.531272 10.778480 0.050691 0.053450 
0.050476 0.050449 0.050598 0.050381 0.050342 12.050334 0.050666 0.050683 
1.839957 0.050951 0.051016 0.054373 0.054703 0.052714 6.308838 0.054793 
1.205228 2.362174 0.051213 0.051436 0.051872 0.053927 8.129834 0.053337 
0.052569 3.628903 0.052566 0.054144 0.056020 0.050676 6.307927 0.052612 
1.206419 0.051447 3.513179 0.054123 0.052063 0.051411 8.132954 0.056700 
0.051477 2.362816 3.511949 0.051051 0.051750 0.051508 8.133140 0.053143 
0.051402 0.053207 5.418593 0.054849 0.053929 0.051968 6.309162 0.051480 
1.206241 0.050830 0.051659 4.667115 0.051343 0.052775 8.129058 0.053609 
0.050845 2.363772 0.050822 4.664683 0.051831 0.051575 8.129353 0.050841 
0.051492 0.051005 3.518339 4.671745 0.052239 0.052837 8.122025 0.053091 
0.050794 0.050885 0.050794 7.207275 0.052004 0.051351 6.308054 0.050927 
1.206935 0.051617 0.051023 0.055588 5.825987 0.053115 8.122344 0.053771 
0.050940 2.360945 0.052242 0.052719 5.822417 0.050711 8.133043 0.052799 
0.051347 0.050620 3.517276 0.052925 5.824456 0.052701 8.127087 0.052739 
0.051270 0.051282 0.051261 4.673232 5.823690 0.051908 8.130055 0.053139 
0.050858 0.050439 0.050415 0.050421 8.996017 0.051144 6.307676 0.052367 
1.204399 0.050843 0.051420 0.050616 0.051340 6.987696 8.129175 0.052681 
0.050917 2.363480 0.051822 0.053713 0.052012 6.968301 8.132577 0.052617 
0.051220 0.050880 3.520493 0.053119 0.051362 6.968820 8.132875 0.053604 
0.050988 0.050926 0.050860 4.677983 0.051632 6.970251 8.129463 0.053231 
0.050504 0.051067 0.050599 0.050530 5.832061 6.971948 8.129803 0.053394 
0.050585 0.050713 0.050527 0.050509 0.050485 10.785605 6.306797 0.051617 
0.945206 0.050669 0.050843 0.052382 0.052048 0.051942 12.572200 0.051913 
0.051952 1.840029 0.051126 0.052693 0.051307 0.052215 12.572472 0.053211 
0.051023 0.050934 2.734028 0.054241 0.051006 0.051851 12.572493 0.053502 
0.050878 0.050774 0.050581 3.629080 0.050709 0.051456 12.571517 0.052517 
0.050592 0.050612 0.051257 0.050592 4.523402 0.051100 12.572100 0.052683 
0.050757 0.050917 0.050757 0.050762 0.050757 5.416907 12.572978 0.053693 
0.050430 0.050324 0.050324 0.050626 0.050684 0.050356 14.050324 0.050491 
1.839789 0.051264 0.050894 0.050833 0.051016 0.052908 0.050959 7.204387 
1.204165 2.361441 0.051541 0.051632 0.051519 0.052320 0.051254 9.297826 
0.053289 3.629321 0.051698 0.056525 0.052980 0.053473 0.053638 7.204953 
1.205026 0.050774 3.514888 0.050857 0.050664 0.051334 0.051482 9.289552 
0.050951 2.364546 3.513632 0.057169 0.051629 0.051074 0.052088 9.274082 
0.050574 0.051101 5.416841 0.050860 0.051304 0.051972 0.051568 7.207450 
1.205051 0.052132 0.052177 4.679153 0.052668 0.053466 0.052005 9.284076 
0.051634 2.357407 0.051302 4.678277 0.054766 0.052591 0.051129 9.283201 
0.051287 0.050568 3.510246 4.671493 0.051657 0.050793 0.052772 9.295698 
0.050532 0.050910 0.051119 7.205915 0.051681 0.051706 0.051553 7.205788 
1.205660 0.051835 0.051275 0.051353 5.820292 0.052964 0.051433 9.295963 
0.052454 2.360980 0.052024 0.054171 5.820756 0.053795 0.052444 9.297395 
0.050801 0.050611 3.515892 0.050716 5.822183 0.051689 0.051165 9.288158 
0.050985 0.050615 0.051263 4.669022 5.819744 0.050714 0.050965 9.295751 
0.051494 0.052813 0.050880 0.050391 8.989223 0.052804 0.051049 7.223112 
1.204723 0.051227 0.052405 0.051330 0.051567 6.976335 0.052062 9.300755 
0.051214 2.362618 0.053918 0.054161 0.051325 6.975954 0.052152 9.282791 
0.050733 0.051464 3.515865 0.052809 0.053166 6.970765 0.051678 9.296329 
0.050623 0.050664 0.055983 4.670781 0.053033 6.970632 0.051545 9.296196 
0.050476 0.050847 0.051041 0.050474 5.820247 6.982242 0.058198 9.289287 
0.050610 0.050403 0.050466 0.050404 0.050404 10.783143 0.051248 7.206851 
1.205945 0.050967 0.051087 0.051475 0.051924 0.052328 8.134539 9.285441 
0.050710 2.361513 0.050718 0.054095 0.052435 0.051802 8.120408 9.297290 
0.051824 0.051100 3.513568 0.051622 0.052073 0.051292 8.130321 9.297263 
0.050704 0.050842 0.050677 4.667270 0.051155 0.052049 8.129876 9.296909 
0.050747 0.050777 0.050742 0.057015 5.815899 0.052373 8.134678 9.300421 
0.051279 0.052498 0.051372 0.051284 0.052758 6.978333 8.127624 9.297896 
0.050503 0.050475 0.050475 0.050716 0.050804 0.051043 12.569763 7.212044 
0.944659 0.050840 0.050932 0.050638 0.050817 0.052496 0.051083 14.362687 
0.051282 1.839268 0.051086 0.051081 0.051137 0.052991 0.051437 14.363194 
0.051211 0.050671 2.735375 0.050785 0.052438 0.051900 0.051865 14.359564 
0.050720 0.050721 0.051646 3.630351 0.052254 0.052312 0.051266 14.359632 
0.050907 0.050925 0.051245 0.050771 4.525309 0.051350 0.051932 14.359683 
0.050388 0.050730 0.050346 0.052299 0.050344 5.419742 0.051442 14.359286 
0.050480 0.050434 0.050434 0.050435 0.050677 0.050457 6.299470 14.368092 
0.050652 0.050328 0.050436 0.051781 0.050278 0.050861 0.052158 16.050277 
1.979204 0.478278 0.694862 0.898921 1.131166 1.253030 1.550782 1.755855 
1.386761 2.725107 0.857965 1.115351 1.369288 1.659404 1.922944 2.244953 
0.266855 3.897499 0.694714 0.890929 1.120315 1.259439 1.528219 1.742213 
1.386900 0.587039 4.075230 1.121613 1.387384 1.651706 1.925498 2.204040 
0.315685 2.717171 4.072258 1.118484 1.382895 1.645819 1.922126 2.200855 
0.266845 0.479160 5.817076 0.901344 1.116598 1.296088 1.537416 1.755376 
1.384673 0.586523 0.898283 5.417877 1.415738 1.653127 1.903443 2.155414 
0.324244 2.731289 0.828408 5.408264 1.414032 1.654678 1.905741 2.157176 
0.315908 0.588577 4.063012 5.406518 1.339973 1.656150 1.925246 2.130493 
0.262935 0.480826 0.696049 7.732894 1.084549 1.311749 1.545849 1.761464 
1.386709 0.589031 0.864828 1.110896 6.751750 1.662953 1.921262 2.186627 
0.315379 2.714414 0.887476 1.101734 6.771001 1.668724 1.918539 2.193997 
0.315611 0.585468 4.066925 1.098853 6.739653 1.649765 1.894759 2.206655 
0.325085 0.577394 0.851862 5.408688 6.712074 1.675478 1.902008 2.224719 
0.255605 0.476694 0.690916 0.901030 9.668541 1.264674 1.536662 1.756229 
1.387742 0.585531 0.838369 1.113931 1.370189 8.080088 1.941361 2.151072 
0.315651 2.730597 0.851548 1.114971 1.342139 8.078401 1.904053 2.165045 
0.319115 0.568179 4.068593 1.127381 1.382195 8.081053 1.934902 2.235237 
0.321251 0.574625 0.836069 5.358675 1.361307 8.157885 1.981809 2.197855 
0.315551 0.581573 0.849891 1.075660 6.747972 8.079200 1.904912 2.218153 
0.259841 0.475944 0.698476 0.914584 1.112733 11.567941 1.531516 1.776243 
1.390837 0.580869 0.855117 1.118912 1.391319 1.629665 9.412590 2.189390 
0.328455 2.724925 0.884696 1.124562 1.359333 1.640176 9.425560 2.164786 
0.320717 0.581397 4.061857 1.104949 1.390331 1.671683 9.430262 2.194921 
0.317028 0.583440 0.848966 5.438661 1.393647 1.658142 9.362463 2.196112 
0.317930 0.578373 0.857556 1.120409 6.740889 1.637032 9.433866 2.181757 
0.307525 0.573656 0.837108 1.113051 1.362666 8.090078 9.429414 2.199262 
0.266928 0.479293 0.692426 0.883540 1.081670 1.337309 13.522722 1.730113 
1.402815 0.587563 0.823268 1.030948 1.392508 1.659898 1.484310 10.838493 
0.310602 2.731008 0.840276 1.122100 1.379897 1.649363 1.915884 10.749805 
0.315484 0.579646 4.053712 1.127183 1.386640 1.666836 1.849877 10.784747 
0.311512 0.582865 0.840563 5.411931 1.365211 1.672643 1.885384 10.751216 
0.317770 0.592070 0.860333 1.105649 6.727217 1.647476 1.934971 10.750066 
0.314548 0.593543 0.871114 1.118864 1.396921 8.031680 2.050240 10.759863 
0.319722 0.583241 0.844134 1.114320 1.392388 1.660353 9.395780 10.760296 
0.261575 0.472846 0.674056 0.887060 1.101082 1.319452 1.524126 15.423777 
