2.015330 0.016605 0.016954 0.021812 0.023090 
1.975890 0.782153 0.013476 0.014141 0.025691 
1.803913 1.813049 0.020053 0.018221 0.018440 
1.426901 2.844025 0.016016 0.014264 0.014371 
0.903064 3.587529 0.016091 0.014718 0.009888 
0.398486 3.940459 0.015473 0.014845 0.014939 
0.013003 4.009792 0.011352 0.030495 0.010384 
1.975119 0.015034 1.198913 0.017823 0.014920 
1.905551 0.946896 1.422904 0.020816 0.017587 
1.615362 2.164070 1.600253 0.023402 0.017430 
1.084708 3.222224 1.622493 0.025139 0.020570 
0.481422 3.798729 1.434818 0.023479 0.022566 
0.014375 3.935048 1.179314 0.024169 0.012091 
1.812647 0.028409 2.709376 0.032945 0.033482 
1.615886 1.140728 3.200524 0.016651 0.026713 
1.175124 2.327600 3.504950 0.023715 0.024256 
0.531798 3.287291 3.125431 0.020733 0.025426 
0.012320 3.585825 2.694037 0.017704 0.018143 
1.428928 0.016465 4.261023 0.015723 0.019000 
1.084837 1.084887 4.824583 0.015598 0.023620 
0.531455 2.142691 4.834014 0.008942 0.011279 
0.011107 2.842988 4.243512 0.029304 0.032711 
0.907803 0.012297 5.375863 0.017242 0.012328 
0.485798 0.958998 5.669835 0.014361 0.022170 
0.016795 1.791058 5.384304 0.011400 0.025555 
0.402282 0.015374 5.901841 0.018490 0.016853 
0.015485 0.788981 5.901514 0.015457 0.018068 
0.011021 0.012796 6.010795 0.012999 0.014363 
1.976791 0.015796 0.017383 1.558151 0.015724 
1.901170 0.953545 0.014020 1.878171 0.015597 
1.621161 2.170764 0.019119 2.119355 0.020697 
1.084513 3.220860 0.019020 2.118808 0.016274 
0.484357 3.803256 0.023980 1.888277 0.025703 
0.016701 3.938120 0.028097 1.560834 0.022239 
1.901726 0.017564 1.436375 1.898522 0.020712 
1.751503 1.163099 1.742512 2.351377 0.019865 
1.273592 2.600998 1.904175 2.400111 0.017876 
0.589467 3.481687 1.740004 2.333129 0.019691 
0.016269 3.790503 1.401954 1.887986 0.019589 
1.630271 0.033672 3.268211 2.176443 0.048280 
1.276854 1.282503 3.814594 2.550425 0.016673 
0.649934 2.559291 3.847998 2.417879 0.033963 
0.027954 3.212951 3.277292 2.159760 0.027460 
1.076775 0.022523 4.867088 2.137875 0.039437 
0.595234 1.166518 5.209824 2.338972 0.030749 
0.021527 2.149419 4.839428 2.148701 0.020446 
0.487308 0.016839 5.672042 1.887181 0.022669 
0.013441 0.958665 5.670244 1.885382 0.016153 
0.012272 0.014266 5.901520 1.542137 0.015822 
1.804785 0.015641 0.014578 3.555808 0.012363 
1.619108 1.084018 0.016474 4.284666 0.017752 
1.174996 2.334423 0.021933 4.638073 0.025077 
0.521827 3.242261 0.019455 4.306873 0.019300 
0.016293 3.599560 0.019659 3.557619 0.022462 
1.621174 0.016541 1.604885 4.288875 0.017303 
1.303902 1.312182 1.824026 5.101121 0.033232 
0.646208 2.549605 1.909049 5.087763 0.018775 
0.018631 3.218833 1.601237 4.317729 0.022968 
1.168351 0.013051 3.466014 4.639973 0.013054 
0.664819 1.296831 3.820134 5.028425 0.023421 
0.020184 2.313175 3.506049 4.635578 0.025618 
0.547956 0.023374 4.866568 4.221190 0.021087 
0.021111 1.088926 4.831370 4.288471 0.043340 
0.015817 0.016141 5.380568 3.595564 0.018319 
1.432023 0.014527 0.014365 5.655921 0.016740 
1.089013 1.075273 0.020749 6.444786 0.024824 
0.543634 2.153299 0.022644 6.459223 0.021175 
0.010786 2.833292 0.009620 5.672702 0.009104 
1.077012 0.016703 1.598554 6.460992 0.024598 
0.600424 1.180334 1.750965 6.953169 0.025449 
0.015320 2.153266 1.636301 6.415788 0.020023 
0.549061 0.026025 3.226119 6.461001 0.026174 
0.016453 1.072802 3.220237 6.440208 0.022533 
0.014781 0.016194 4.261807 5.665697 0.018312 
0.894105 0.016655 0.015803 7.202860 0.024772 
0.471937 0.935489 0.029932 7.590231 0.018794 
0.013540 1.834904 0.011446 7.131041 0.011069 
0.483878 0.021673 1.438363 7.565983 0.021144 
0.019742 0.969435 1.438041 7.555133 0.038414 
0.017814 0.012829 2.724810 7.144713 0.019831 
0.402978 0.011460 0.012745 7.856640 0.012545 
0.010585 0.792679 0.009894 7.854805 0.011316 
0.009965 0.014816 1.188332 7.853751 0.010304 
0.010246 0.010323 0.012724 8.010238 0.010851 
1.976397 0.012892 0.013165 0.015623 1.906522 
1.900522 0.967509 0.018695 0.021877 2.379275 
1.626558 2.149906 0.020118 0.020335 2.675041 
1.084695 3.218803 0.014891 0.023787 2.700953 
0.473859 3.786859 0.014771 0.013114 2.386342 
0.011775 3.930746 0.033987 0.011488 1.971383 
1.895707 0.011373 1.430850 0.018801 2.352897 
1.751204 1.142572 1.738319 0.021783 2.932806 
1.281504 2.546651 1.896293 0.016502 3.186146 
0.585097 3.496310 1.729583 0.021311 2.899297 
0.018768 3.791723 1.405838 0.027459 2.369696 
1.613901 0.018445 3.268449 0.018775 2.667565 
1.282977 1.277039 3.803982 0.017741 3.183272 
0.640009 2.543783 3.814384 0.016438 3.194116 
0.019831 3.205485 3.264521 0.015887 2.677061 
1.074769 0.015462 4.839982 0.018296 2.710651 
0.592755 1.170004 5.222170 0.023376 2.931664 
0.014185 2.130601 4.834498 0.014758 2.729614 
0.471067 0.017015 5.686199 0.016974 2.374681 
0.014310 0.947240 5.676442 0.022561 2.353944 
0.009892 0.011632 5.890335 0.013884 1.994190 
1.904959 0.020659 0.024539 1.889769 2.400659 
1.755330 1.134973 0.014716 2.284376 2.905508 
1.275336 2.555058 0.016894 2.558607 3.184985 
0.594453 3.491126 0.019883 2.236007 2.972924 
0.016315 3.785921 0.015736 1.889878 2.368726 
1.749055 0.014378 1.721823 2.305867 2.884918 
1.428640 1.437802 2.150100 2.897359 3.503158 
0.711442 2.874495 2.124118 2.871177 3.601237 
0.024467 3.516103 1.672097 2.274774 2.885681 
1.278570 0.026458 3.812334 2.535614 3.207341 
0.715668 1.401518 4.298938 2.914505 3.566701 
0.015896 2.564962 3.831518 2.527442 3.008151 
0.608430 0.026012 5.234524 2.288341 2.839225 
0.012527 1.164543 5.209774 2.303467 2.915445 
0.012686 0.017400 5.659428 1.900448 2.432992 
1.623798 0.014361 0.016816 4.273433 2.629422 
1.281436 1.286418 0.016649 5.077719 3.160978 
0.646712 2.550906 0.022777 5.079992 3.233800 
0.018709 3.224511 0.016987 4.284241 2.701808 
1.280250 0.018582 1.908873 5.084882 3.200690 
0.687582 1.384852 2.141155 5.757819 3.645500 
0.019328 2.525569 1.975683 5.059993 3.243799 
0.642071 0.019387 3.818221 5.083980 3.192712 
0.019065 1.266902 3.821487 5.059832 3.243639 
0.017207 0.015684 4.826285 4.281827 2.699466 
1.086256 0.024543 0.011580 6.394349 2.728465 
0.577078 1.161686 0.018238 6.967609 2.937295 
0.019868 2.151863 0.031160 6.429945 2.715330 
0.592258 0.022933 1.737251 6.972254 2.895815 
0.015728 1.192983 1.754237 6.930717 2.872979 
0.017832 0.021690 3.219391 6.430259 2.715645 
0.481865 0.020074 0.019844 7.576372 2.351535 
0.015377 0.966079 0.025140 7.545603 2.400955 
0.011554 0.011902 1.434730 7.544932 2.398569 
0.012797 0.015314 0.015738 7.856254 1.981338 
1.798686 0.011276 0.011597 0.010733 4.486476 
1.620452 1.025998 0.015411 0.016716 5.414730 
1.168689 2.320623 0.013956 0.015623 5.779140 
0.545057 3.216381 0.018269 0.023209 5.412103 
0.010854 3.579192 0.011022 0.008448 4.514505 
1.620576 0.017443 1.615624 0.017626 5.350544 
1.268452 1.275111 1.901944 0.016162 6.389009 
0.637690 2.535663 1.959812 0.018725 6.354639 
0.019210 3.221242 1.638829 0.021455 5.354865 
1.173681 0.022535 3.481816 0.025228 5.816578 
0.645125 1.259952 3.838936 0.022225 6.347782 
0.013764 2.313700 3.465256 0.016679 5.822516 
0.550926 0.016425 4.829038 0.016300 5.350601 
0.015796 1.086903 4.829460 0.016016 5.351023 
0.009333 0.011182 5.374746 0.013817 4.485207 
1.618944 0.020424 0.020878 2.144864 5.392716 
1.277915 1.262006 0.024102 2.539512 6.433481 
0.644787 2.549169 0.019621 2.448439 6.415728 
0.019302 3.220431 0.024010 2.114219 5.400006 
1.274765 0.019425 1.993118 2.512438 6.348163 
0.714125 1.422366 2.165228 2.817495 7.127634 
0.015444 2.524450 1.902924 2.509874 6.412022 
0.626489 0.021951 3.822651 2.551344 6.385568 
0.013834 1.228882 3.812665 2.543248 6.379203 
0.012662 0.013145 4.828362 2.158091 5.340741 
1.165661 0.015810 0.015542 4.626000 5.821021 
0.631598 1.247041 0.014199 5.092242 6.383176 
0.013381 2.331413 0.012435 4.663316 5.717037 
0.646232 0.017045 1.938046 5.031487 6.374592 
0.012204 1.284447 1.915165 5.023971 6.378023 
0.012332 0.011288 3.478649 4.599782 5.813873 
0.538981 0.013733 0.014913 6.431762 5.373428 
0.015875 1.084693 0.020681 6.407035 5.401170 
0.019065 0.018694 1.645016 6.419698 5.366188 
0.009051 0.010453 0.009773 7.163610 4.483325 
1.430182 0.023159 0.016679 0.015961 7.084835 
1.096246 1.084886 0.024683 0.025461 8.030932 
0.535625 2.159815 0.027088 0.027291 8.085190 
0.015364 2.843193 0.015090 0.014193 7.083261 
1.081601 0.016382 1.606873 0.022527 8.053047 
0.588177 1.164784 1.732194 0.030097 8.750937 
0.013052 2.148498 1.652921 0.023964 8.008570 
0.534265 0.018140 3.242064 0.019654 8.045948 
0.021076 1.073522 3.238606 0.028913 8.040572 
0.013772 0.014318 4.258910 0.015480 7.079057 
1.100311 0.026529 0.027102 2.119791 8.043812 
0.589470 1.171832 0.018439 2.343295 8.676863 
0.012639 2.131699 0.011503 2.133426 8.064534 
0.588277 0.017886 1.727408 2.305249 8.710364 
0.015185 1.147960 1.739413 2.307822 8.701457 
0.015375 0.015904 3.199566 2.104488 8.071502 
0.548027 0.015607 0.016366 4.266189 8.057898 
0.015177 1.081146 0.016169 4.282121 8.041025 
0.017025 0.018564 1.583703 4.267659 8.075834 
0.011844 0.011974 0.011969 5.661070 7.092231 
0.901039 0.015550 0.015616 0.015731 8.981528 
0.474914 0.944262 0.013882 0.014789 9.460171 
0.012927 1.816825 0.023011 0.016734 8.934957 
0.469170 0.019744 1.413812 0.016457 9.472420 
0.013970 0.963605 1.425310 0.013749 9.437477 
0.010769 0.012509 2.680404 0.009408 8.963625 
0.486405 0.013592 0.014458 1.896897 9.438868 
0.010808 0.932538 0.012322 1.884928 9.455490 
0.021289 0.017783 1.438224 1.901747 9.443717 
0.012648 0.013100 0.012878 3.576286 8.965692 
0.415635 0.013380 0.013410 0.013509 9.808897 
0.011915 0.804103 0.011144 0.015080 9.812237 
0.012666 0.018008 1.179577 0.016694 9.821698 
0.009786 0.009236 0.013142 1.529692 9.826783 
0.014521 0.012352 0.013766 0.015751 10.010643 
