2.065378 0.072398 0.092606 0.066973 0.085475 0.099277 0.101131 0.087216 
1.840921 2.009133 0.128204 0.107842 0.225183 0.284662 0.136801 0.218192 
0.930900 3.734063 0.136521 0.154695 0.138412 0.229951 0.327363 0.155365 
0.114881 4.061158 0.116527 0.077771 0.099487 0.126050 0.331157 0.205180 
1.823965 0.105714 2.937055 0.153724 0.075448 0.099507 0.084082 0.118315 
1.180395 2.389654 3.682948 0.078320 0.114071 0.187487 0.136696 0.097704 
0.173494 3.556749 2.838998 0.144991 0.072950 0.141788 0.109256 0.243741 
0.851599 0.099605 5.564008 0.065632 0.080817 0.206980 0.079156 0.096102 
0.118184 1.799576 5.438048 0.124061 0.050204 0.120623 0.077677 0.204685 
0.051882 0.095426 6.048362 0.078500 0.156878 0.085771 0.284599 0.118842 
1.856598 0.123204 0.106493 3.754828 0.118997 0.126523 0.117946 0.267450 
1.175761 2.508574 0.104108 4.653762 0.076176 0.127742 0.111943 0.191642 
0.167615 3.610185 0.149654 3.526611 0.106672 0.028394 0.057489 0.299703 
1.183660 0.132311 3.807989 4.531079 0.123781 0.210714 0.088949 0.082429 
0.141788 2.381806 3.581436 4.509657 0.114206 0.066510 0.089873 0.193960 
0.055220 0.339493 5.525782 3.229229 0.042181 0.183449 0.129397 0.157107 
0.908236 0.086436 0.079824 7.326370 0.097089 0.154965 0.129644 0.237479 
0.120807 1.917648 0.060455 7.111269 0.086527 0.052164 0.184511 0.235061 
0.070129 0.213436 2.744316 7.213596 0.111006 0.222067 0.089991 0.222092 
0.049720 0.053416 0.122875 8.047922 0.141504 0.166172 0.108025 0.168129 
1.842007 0.083859 0.068695 0.055036 4.521860 0.114682 0.126972 0.066793 
1.192799 2.465377 0.175699 0.081826 5.877323 0.230471 0.104731 0.123323 
0.185174 3.644290 0.090885 0.052528 4.324348 0.163178 0.054761 0.130476 
1.189566 0.102869 3.694052 0.141224 5.727536 0.194683 0.120800 0.140200 
0.142756 2.433166 3.625933 0.123785 5.397558 0.073515 0.172343 0.143460 
0.058947 0.331720 5.502734 0.155420 4.120593 0.226033 0.250539 0.176665 
1.215574 0.076451 0.084021 4.809887 5.764895 0.155879 0.389919 0.107268 
0.135295 2.393082 0.051368 4.621146 5.735712 0.168403 0.204994 0.175984 
0.040588 0.222110 3.641541 4.600750 5.596103 0.146991 0.264790 0.243483 
0.090815 0.054712 0.055876 7.225460 4.477972 0.151402 0.168494 0.312040 
0.946103 0.077723 0.081298 0.064677 9.014672 0.138440 0.098567 0.077857 
0.113063 1.935823 0.065717 0.047769 8.831303 0.100003 0.063556 0.320745 
0.055268 0.202709 2.950595 0.105508 8.791760 0.108987 0.117911 0.279343 
0.082320 0.062538 0.135608 3.759194 8.927217 0.105082 0.236272 0.254941 
0.052310 0.081884 0.050269 0.084263 10.049408 0.123661 0.124092 0.122293 
1.852158 0.076937 0.120580 0.107339 0.255939 5.318308 0.396971 0.111263 
1.213211 2.435549 0.079348 0.135978 0.166117 6.973712 0.105290 0.145780 
0.178031 3.629798 0.069698 0.071274 0.141134 5.234748 0.128589 0.247563 
1.187088 0.080719 3.767876 0.080179 0.124508 6.790578 0.229821 0.242365 
0.123290 2.318096 3.680855 0.047503 0.102715 6.597798 0.316174 0.377035 
0.058595 0.084895 5.526024 0.061103 0.083315 4.993320 0.173288 0.116478 
1.198802 0.092819 0.079193 4.776804 0.105168 7.093434 0.108861 0.172830 
0.144268 2.478664 0.089040 4.624430 0.118707 6.636377 0.059674 0.108449 
0.048696 0.236082 3.768368 4.416483 0.183110 6.735150 0.161608 0.224451 
0.087137 0.093157 0.198683 7.324039 0.275812 5.183385 0.370912 0.250268 
1.252937 0.129162 0.130844 0.148450 5.685113 7.028823 0.153335 0.082887 
0.130949 2.383263 0.080395 0.079967 5.629166 7.045313 0.073363 0.042152 
0.042464 0.223226 3.582450 0.059475 5.732213 6.852723 0.411309 0.166341 
0.112056 0.051419 0.211850 4.698320 5.804855 6.870641 0.121324 0.215397 
0.058120 0.086686 0.056999 0.057370 9.148025 5.053168 0.129219 0.210755 
0.968811 0.084836 0.113585 0.097797 0.110680 10.785795 0.082061 0.301708 
0.110010 1.864128 0.083877 0.041195 0.194146 10.698695 0.159295 0.073079 
0.049435 0.192864 2.863221 0.121776 0.200026 10.622972 0.137501 0.192091 
0.078310 0.084527 0.082597 3.755856 0.219830 10.730990 0.281381 0.203462 
0.057646 0.149459 0.060063 0.173269 4.361502 10.849087 0.046538 0.128161 
0.041897 0.051402 0.103224 0.042772 0.041747 12.039460 0.250058 0.084699 
1.857444 0.078877 0.071559 0.073651 0.103546 0.138763 6.244970 0.194053 
1.246183 2.509238 0.106318 0.163686 0.105365 0.224645 7.937298 0.157555 
0.057958 3.660205 0.146187 0.140982 0.170821 0.097644 6.089068 0.282926 
1.231776 0.085074 3.703345 0.069256 0.114591 0.081007 7.645846 0.205700 
0.134721 2.432829 3.602711 0.072878 0.064207 0.046170 7.538182 0.149850 
0.057360 0.074577 5.417981 0.173857 0.099016 0.058145 6.334738 0.287080 
1.227924 0.073427 0.084539 4.798488 0.124172 0.117801 7.907508 0.076685 
0.131128 2.393750 0.090226 4.644871 0.123290 0.154210 7.939141 0.276628 
0.046285 0.231636 3.631348 4.651468 0.137382 0.180098 7.777014 0.334293 
0.064416 0.096221 0.063537 7.274747 0.203098 0.067425 6.108933 0.460106 
1.223134 0.071159 0.100432 0.172064 5.844930 0.095540 8.124754 0.314084 
0.088243 2.438436 0.112902 0.291611 5.818644 0.280827 7.998310 0.385008 
0.128695 0.061263 3.757642 0.284007 5.626694 0.181543 7.649906 0.206511 
0.112817 0.064854 0.212450 4.650403 5.743621 0.057600 8.191263 0.203791 
0.084387 0.096477 0.084274 0.084379 9.024610 0.190380 6.352948 0.169382 
1.264197 0.081742 0.101526 0.091373 0.074396 7.123370 7.716190 0.131397 
0.094320 2.484105 0.101081 0.090764 0.081291 7.049486 7.730264 0.106779 
0.044486 0.063134 3.643967 0.164155 0.088410 7.080694 7.656644 0.199540 
0.050494 0.211498 0.143564 4.721378 0.099676 7.148564 7.762287 0.246274 
0.059071 0.152649 0.057564 0.059073 5.980330 7.012657 7.855084 0.726300 
0.131812 0.078026 0.078483 0.247981 0.079659 10.922520 6.043977 0.261714 
0.958765 0.068655 0.057879 0.086670 0.154642 0.059709 12.552693 0.177689 
0.110884 1.929047 0.089710 0.038983 0.052317 0.117020 12.357838 0.071370 
0.073096 0.097592 3.010856 0.153235 0.154925 0.144140 12.275701 0.091231 
0.088257 0.096184 0.088068 3.846467 0.197093 0.137277 12.445219 0.182991 
0.060230 0.075396 0.059804 0.072259 4.735828 0.095547 12.432698 0.289169 
0.073084 0.095948 0.072153 0.072919 0.072893 5.582556 12.508226 0.169759 
0.055566 0.057745 0.062613 0.055747 0.064621 0.058032 14.055393 0.104037 
1.856838 0.090829 0.082477 0.062427 0.069348 0.083790 0.123117 7.120494 
1.193333 2.559652 0.144275 0.089088 0.147892 0.114885 0.096839 8.982270 
0.125564 3.727426 0.107235 0.206387 0.408198 0.263017 0.127898 6.668980 
1.157110 0.072462 3.857079 0.128870 0.165932 0.153555 0.091656 8.673770 
0.126316 2.393908 3.697770 0.154786 0.034621 0.156476 0.117861 8.411766 
0.050966 0.332870 5.525448 0.112277 0.109003 0.246621 0.073510 6.386362 
1.217565 0.070457 0.079202 4.764937 0.083484 0.116848 0.102442 9.147800 
0.126942 2.482555 0.079209 4.576763 0.099448 0.128055 0.163139 8.764328 
0.044525 0.232264 3.767261 4.564915 0.138221 0.148761 0.249629 8.655586 
0.084216 0.078678 0.078744 7.238579 0.104218 0.100974 0.090406 7.215608 
1.232038 0.089843 0.102215 0.108734 5.940055 0.096429 0.153625 9.196744 
0.131742 2.466047 0.039956 0.216725 5.745078 0.116244 0.147931 8.813687 
0.139886 0.064766 3.787306 0.088000 5.689662 0.042107 0.120931 8.634285 
0.052081 0.049965 0.113126 5.018484 5.700957 0.121963 0.053603 8.735342 
0.080195 0.105674 0.121912 0.079086 9.023361 0.168611 0.107004 7.230241 
1.225944 0.061455 0.080034 0.130018 0.080219 7.158507 0.075344 8.953276 
0.138258 2.421133 0.049912 0.134555 0.110235 7.002884 0.264207 8.910591 
0.059629 0.248314 3.754785 0.158707 0.166639 6.702243 0.310204 8.944758 
0.055282 0.062418 0.147139 4.909437 0.152011 7.041468 0.055046 8.708144 
0.052564 0.150747 0.048879 0.049974 5.853135 7.021397 0.530562 9.147213 
0.072315 0.073939 0.072198 0.076092 0.072295 11.024341 0.331929 6.604238 
1.228987 0.053115 0.070711 0.078683 0.062758 0.068028 7.976771 9.229513 
0.140304 2.495230 0.053087 0.057965 0.058832 0.139698 7.968916 8.812743 
0.050215 0.053628 3.722277 0.220684 0.260699 0.143107 7.779887 9.095487 
0.107769 0.106500 0.106509 4.903681 0.119929 0.329556 8.064352 9.114451 
0.111362 0.099226 0.099762 0.099208 6.069692 0.289324 8.012507 9.202241 
0.051085 0.057660 0.050954 0.051534 0.083819 7.693333 7.864057 8.561102 
0.071401 0.055567 0.056241 0.124302 0.149535 0.057073 12.661765 7.009029 
0.975456 0.086219 0.093047 0.111168 0.069786 0.115516 0.117507 14.287926 
0.109594 1.953070 0.063420 0.042721 0.077631 0.065667 0.038980 14.058916 
0.066372 0.069376 2.943784 0.132896 0.099103 0.138628 0.106155 14.104997 
0.058800 0.064006 0.058774 3.790270 0.062611 0.093635 0.081001 14.211134 
0.050526 0.075662 0.049994 0.049497 4.701877 0.059626 0.092265 14.211935 
0.063912 0.099363 0.062483 0.063360 0.064023 5.696566 0.065713 14.188479 
0.041308 0.098337 0.040105 0.039547 0.040705 0.040407 6.502359 14.229698 
0.044566 0.044564 0.044669 0.044568 0.044718 0.044564 0.044798 16.044563 
1.961014 0.491294 0.792536 0.952052 1.098336 1.327750 1.466731 1.706194 
1.307026 2.880292 0.784513 1.040627 1.247941 1.585435 1.946478 2.100297 
0.240679 3.949685 0.624190 0.919840 1.153894 1.299061 1.480262 1.641658 
1.352575 0.654729 4.290577 0.975548 1.115522 1.628316 1.771143 1.850761 
0.280442 2.718750 4.259267 1.078875 1.230790 1.512845 1.862066 1.924938 
0.229952 0.433708 5.882735 0.816510 0.973700 1.201754 1.400296 1.551999 
1.406052 0.597911 0.983715 5.663915 1.484797 1.644327 1.899245 2.166372 
0.346446 2.814214 0.828227 5.355197 1.360081 1.731076 1.823431 2.044689 
0.212099 0.639930 4.256581 5.544511 1.218435 1.149739 1.569757 1.958849 
0.258425 0.431369 0.750856 7.846282 1.012787 1.383333 1.504291 1.757494 
1.404411 0.620983 0.891188 1.183388 6.763687 1.724061 1.984800 2.154687 
0.314674 2.841588 0.825472 1.020221 6.554480 1.807542 1.971662 2.030051 
0.293927 0.581877 4.234156 1.015817 6.580431 1.580968 1.775345 2.061465 
0.310330 0.638017 1.031108 5.512150 6.788478 1.615444 1.843026 2.001640 
0.246909 0.523190 0.748970 0.945357 9.646791 1.363291 1.419226 1.723012 
1.420043 0.591713 0.967046 1.006304 1.500874 8.306038 1.993553 2.517198 
0.285166 2.825319 0.832474 1.186171 1.444040 7.952646 1.891892 2.061683 
0.291189 0.533513 4.375485 0.984703 1.168391 7.667306 1.882248 2.232666 
0.299338 0.614830 0.969106 5.447111 1.257964 8.276078 1.896550 2.006525 
0.322240 0.724311 0.871922 1.225265 6.835599 8.126025 2.023904 2.319713 
0.265688 0.478396 0.817886 0.901816 1.045417 11.590576 1.578048 1.811417 
1.421312 0.579801 0.998700 1.119483 1.270731 1.589020 9.286973 2.258498 
0.286387 2.928621 0.860230 1.217000 1.376929 1.673716 8.894137 2.219571 
0.302865 0.562718 4.333170 1.062864 1.318501 1.575740 8.921834 2.111774 
0.359254 0.685354 0.969150 5.594886 1.554945 1.749069 9.227380 2.404737 
0.323201 0.749672 0.872832 1.202115 6.911394 1.509637 9.405241 2.259543 
0.309304 0.636987 0.938884 1.250391 1.204788 8.243615 9.174499 2.003133 
0.309189 0.552753 0.904537 1.099410 1.129103 1.180411 13.482497 1.660950 
1.439686 0.689770 0.945091 1.180180 1.413511 1.772844 2.106676 10.563486 
0.305035 2.901372 0.920277 1.108847 1.313001 1.611234 1.974180 10.282886 
0.318083 0.583074 4.392460 1.100142 1.332550 1.655425 1.816369 10.137743 
0.332569 0.650800 0.917377 5.620736 1.553676 1.763404 1.952905 10.486693 
0.306941 0.620300 0.885623 1.270193 6.939634 1.732592 1.969018 10.540108 
0.334939 0.556570 0.911760 1.167135 1.375343 8.435588 1.734123 10.334497 
0.351007 0.616707 1.017495 0.926277 1.562762 1.876944 9.793881 10.996556 
0.286073 0.557212 0.721188 1.004711 1.079308 1.464068 1.540258 15.357218 
