0.436293 0.027865 0.114571 0.121015 0.088665 0.094253 0.072945 0.272155 0.088842 0.018221 
0.215985 0.232546 0.114287 0.111564 0.103415 0.100020 0.064869 0.410664 0.092518 0.266792 
0.022169 0.544800 0.538227 0.090033 0.027821 0.111357 0.057600 0.334511 0.054129 0.021160 
0.016669 0.016924 2.186243 0.159866 0.101625 0.109010 0.087524 0.245785 0.026218 0.123345 
0.135975 0.145644 0.064534 0.614260 0.101981 0.128398 0.065330 0.413752 0.093189 0.034827 
0.031829 0.333660 0.215026 0.438455 0.132204 0.119915 0.048896 0.384097 0.071302 0.262572 
0.113696 0.029006 0.412064 0.928845 0.089493 0.151767 0.091278 0.212601 0.027340 0.267507 
0.023612 0.208459 0.574991 0.641448 0.081933 0.164953 0.070659 0.160663 0.032349 0.023696 
0.019587 0.021463 1.377487 0.568387 0.076382 0.086452 0.061295 0.305633 0.095295 0.022544 
0.124299 0.032440 0.439335 1.244560 0.061907 0.159187 0.029836 0.217128 0.031008 0.248468 
0.045774 0.063765 0.440897 1.203869 0.061011 0.142495 0.033900 0.246495 0.070155 0.049957 
0.018595 0.083540 0.027537 2.805651 0.078287 0.057222 0.060346 0.202203 0.092051 0.019621 
0.123170 0.191645 0.060862 0.066822 1.313521 0.148232 0.041222 0.284610 0.089807 0.039866 
0.139599 0.040338 0.530015 0.083695 0.740780 0.116279 0.106810 0.235460 0.080733 0.045266 
0.043161 0.209960 0.523320 0.084051 0.766821 0.119079 0.108152 0.234560 0.081852 0.046384 
0.025741 0.025896 1.343093 0.120733 0.791893 0.117930 0.096607 0.254755 0.035294 0.130510 
0.027580 0.205952 0.047747 0.660193 0.612746 0.097971 0.082097 0.395955 0.076217 0.281050 
0.043524 0.043260 0.591501 0.781165 0.736461 0.127714 0.076306 0.239754 0.094656 0.307334 
0.042876 0.041854 0.050934 1.998600 0.720713 0.127244 0.051918 0.287700 0.099399 0.256651 
0.149863 0.020281 0.149646 0.048545 1.190055 0.165780 0.066735 0.297040 0.057436 0.069581 
0.087568 0.214670 0.082309 0.035619 1.260780 0.095726 0.075807 0.341559 0.033605 0.061485 
0.038429 0.071666 0.554397 0.036930 1.268842 0.096998 0.077046 0.344760 0.030783 0.075792 
0.047210 0.043775 0.128317 0.462488 1.420340 0.145129 0.047332 0.204431 0.032147 0.234015 
0.323259 0.029319 0.050524 0.063319 0.063617 0.892733 0.064870 0.231352 0.160422 0.088521 
0.104916 0.212673 0.089643 0.095344 0.098943 0.986546 0.037559 0.321682 0.067741 0.023892 
0.048434 0.408729 0.058480 0.342339 0.070831 0.856707 0.088784 0.418062 0.046031 0.075512 
0.031333 0.030298 1.562374 0.123891 0.067905 1.045745 0.030175 0.181774 0.092531 0.063678 
0.135846 0.016963 0.025539 0.679422 0.059961 0.920972 0.077633 0.237429 0.067002 0.083123 
0.019504 0.216916 0.026220 0.653666 0.048017 1.055278 0.077013 0.239081 0.067651 0.082695 
0.018087 0.012525 0.646514 0.782254 0.023460 1.042888 0.011534 0.166921 0.046669 0.045158 
0.177989 0.037304 0.046635 0.054546 0.830677 0.954032 0.077286 0.267648 0.088947 0.039006 
0.025611 0.032141 0.593077 0.049237 0.870272 0.848788 0.070240 0.327869 0.047664 0.029563 
0.035800 0.051348 0.037691 0.626005 0.909891 1.318729 0.048195 0.338649 0.069457 0.102113 
0.152047 0.030258 0.040876 0.029617 0.073059 2.792338 0.066238 0.291064 0.073059 0.092532 
0.034123 0.242213 0.059119 0.228184 0.053151 1.637967 0.077813 0.388900 0.082186 0.059426 
0.013856 0.014601 1.005596 0.045546 0.041024 1.673687 0.064776 0.325986 0.060348 0.018279 
0.026859 0.051382 0.029818 0.968969 0.180027 1.758808 0.071250 0.215628 0.080871 0.290426 
0.035893 0.035859 0.106220 0.092293 1.178621 2.426311 0.070475 0.242458 0.045582 0.299983 
0.027574 0.048671 0.064800 0.253426 0.087844 3.005712 0.059166 0.286704 0.030296 0.075993 
0.337300 0.047948 0.069577 0.184849 0.058728 0.111106 0.756827 0.269857 0.085338 0.049950 
0.179941 0.195570 0.107125 0.176587 0.048173 0.091021 0.834439 0.171925 0.077864 0.038272 
0.044082 0.640356 0.109770 0.078226 0.036979 0.081303 0.819369 0.161591 0.068256 0.260913 
0.142915 0.027638 0.625931 0.042029 0.063637 0.080386 0.755207 0.330835 0.072743 0.282996 
0.027345 0.238583 0.543096 0.045120 0.104169 0.075491 0.786747 0.181555 0.072516 0.081412 
0.034060 0.255690 0.051879 0.614824 0.128469 0.083058 0.811430 0.211840 0.069277 0.284903 
0.011086 0.010933 0.743745 0.680927 0.103004 0.076276 0.592808 0.202653 0.033642 0.270601 
0.020694 0.020243 0.025122 1.228441 0.489999 0.092813 0.751805 0.334143 0.072797 0.021799 
0.188796 0.038393 0.050932 0.057266 0.901975 0.109020 0.755943 0.268351 0.089649 0.039708 
0.034552 0.288989 0.067951 0.054508 0.969081 0.086425 0.782276 0.291724 0.038506 0.035361 
0.013625 0.014734 0.694233 0.035699 0.913014 0.055530 0.700486 0.282136 0.064634 0.019434 
0.013841 0.020332 0.022070 0.811334 0.854933 0.088083 0.723050 0.398111 0.059925 0.016869 
0.058729 0.026048 0.079455 0.027882 1.932322 0.082492 0.759045 0.333584 0.074707 0.181399 
0.121015 0.091646 0.089025 0.050692 0.046460 0.637629 0.724616 0.388108 0.073014 0.029222 
0.009793 0.010841 0.673336 0.031172 0.026662 1.113830 0.927401 0.278875 0.061159 0.014448 
0.020247 0.015664 0.026265 1.018682 0.020143 1.229460 0.852378 0.159897 0.066124 0.131480 
0.027663 0.023333 0.053066 0.102276 0.045373 1.895502 0.894139 0.268632 0.063103 0.037592 
0.116545 0.089857 0.083939 0.144828 0.078609 0.058999 1.227091 0.272297 0.043830 0.017838 
0.019044 0.189876 0.053291 0.190166 0.035090 0.544784 1.175411 0.268721 0.064150 0.019225 
0.024644 0.017314 0.768204 0.082596 0.028886 0.050455 2.121383 0.318236 0.051225 0.041794 
0.036536 0.077027 0.124970 0.503524 0.161896 0.113900 1.149033 0.274194 0.031175 0.073144 
0.268162 0.029581 0.089047 0.075269 0.092339 0.065751 0.045633 1.853554 0.049641 0.063074 
0.114850 0.240460 0.089046 0.209458 0.024111 0.073943 0.055335 1.306378 0.076378 0.023132 
0.112331 0.018743 0.502160 0.055383 0.093715 0.056466 0.059757 1.539318 0.097673 0.017285 
0.016269 0.018219 1.427396 0.055365 0.051592 0.039594 0.041318 2.113432 0.091975 0.019224 
0.158929 0.023884 0.076949 0.752311 0.021395 0.074935 0.037764 1.317699 0.060882 0.274823 
0.016810 0.016833 0.593594 0.495684 0.163852 0.067434 0.051527 1.811215 0.071870 0.058158 
0.043894 0.028847 0.033007 1.575316 0.048157 0.089700 0.205813 1.600437 0.113004 0.038456 
0.112823 0.025325 0.112728 0.044406 0.815808 0.123630 0.056724 1.650614 0.064177 0.076321 
0.026800 0.269294 0.041524 0.036696 1.032350 0.075307 0.030291 1.926641 0.064369 0.044961 
0.030289 0.033098 0.036797 0.771768 0.849829 0.098705 0.052299 1.538089 0.174255 0.032881 
0.027610 0.027713 0.111296 0.129647 1.882084 0.051726 0.052427 2.185123 0.073346 0.056190 
0.038639 0.243575 0.050716 0.050413 0.073647 1.088412 0.045938 2.366583 0.085311 0.149327 
0.021130 0.024681 0.516155 0.069538 0.022395 0.589094 0.030403 3.033927 0.073959 0.028177 
0.012406 0.013292 0.036253 0.794488 0.071348 0.782619 0.045181 1.994352 0.054900 0.066540 
0.048738 0.065039 0.089973 0.128541 0.525016 0.602522 0.082399 1.946178 0.095363 0.043918 
0.039829 0.025024 0.024755 0.100552 0.395513 1.473243 0.042884 1.992845 0.032983 0.285994 
0.045760 0.190806 0.057421 0.425842 0.107546 0.077826 0.554510 1.612781 0.084235 0.299861 
0.058474 0.051370 0.053056 1.387822 0.084610 0.101978 0.595429 1.968792 0.053423 0.057986 
0.020975 0.093284 0.025376 0.023941 0.319909 0.761788 0.505932 1.920803 0.061660 0.042025 
0.130965 0.023366 0.222203 0.062809 0.077862 0.054112 0.050287 2.953767 0.050970 0.029697 
0.044331 0.128168 0.225686 0.045870 0.073330 0.051060 0.054125 2.924019 0.090026 0.018889 
0.029267 0.032956 0.547056 0.250394 0.083905 0.084805 0.045037 2.888391 0.096223 0.037699 
0.023251 0.055796 0.093652 0.053968 0.572376 0.063747 0.051150 2.930657 0.087286 0.065343 
0.034201 0.070811 0.113113 0.034877 0.047718 0.781245 0.078932 2.955791 0.096403 0.026091 
0.038483 0.064866 0.128332 0.202867 0.064455 0.065074 0.400743 2.923008 0.071140 0.144988 
0.160654 0.301566 0.086385 0.078425 0.047663 0.120150 0.091835 0.219423 1.026640 0.073174 
0.026735 0.541497 0.094439 0.060008 0.048694 0.085998 0.069579 0.208169 1.036172 0.050916 
0.134622 0.020598 0.590995 0.042959 0.100822 0.096606 0.051856 0.204639 0.939975 0.046293 
0.087457 0.207960 0.487919 0.118534 0.038327 0.096714 0.086676 0.152395 0.779651 0.034462 
0.014003 0.026624 1.674184 0.106454 0.021961 0.083238 0.007995 0.130336 0.757592 0.012402 
0.100759 0.110142 0.062704 0.712748 0.069263 0.111415 0.061048 0.229407 0.892354 0.045467 
0.010815 0.010862 0.673662 0.822913 0.054194 0.070284 0.057818 0.177090 0.972380 0.096343 
0.055538 0.056431 0.092334 1.624962 0.181354 0.130825 0.087127 0.236318 1.041415 0.295380 
0.148680 0.022482 0.044546 0.075318 0.925193 0.098426 0.049739 0.249732 0.876895 0.037185 
0.044714 0.303081 0.068385 0.060242 0.865532 0.115079 0.068611 0.234527 1.063421 0.055712 
0.072423 0.102552 0.122039 0.069718 2.142355 0.144139 0.085624 0.296305 0.946113 0.100808 
0.146700 0.029364 0.037495 0.209373 0.097721 0.777773 0.056426 0.243473 1.017880 0.064512 
0.036200 0.282748 0.043074 0.231937 0.051340 0.648681 0.061316 0.293758 1.021000 0.067534 
0.045441 0.063979 0.047671 0.740618 0.158502 1.323398 0.088654 0.186736 0.967336 0.049187 
0.033834 0.033840 0.060862 0.472354 0.683269 0.977566 0.043035 0.199863 1.013890 0.100178 
0.097032 0.021323 0.104365 0.209991 0.076529 0.059932 0.666718 0.284713 0.931130 0.239047 
0.030330 0.188956 0.124574 0.238766 0.082500 0.076081 0.530801 0.295054 0.930394 0.267576 
0.019485 0.016393 0.021772 0.934601 0.378419 0.057024 0.564304 0.251412 0.907940 0.019546 
0.071711 0.026823 0.044690 0.115310 0.618788 0.068121 0.676083 0.306003 0.946258 0.026812 
0.020325 0.020406 0.199320 0.041298 0.363709 0.040851 1.878440 0.250862 0.991249 0.026884 
0.157177 0.032771 0.082287 0.113154 0.090153 0.068103 0.049163 1.327228 0.982137 0.028690 
0.012384 0.242675 0.055522 0.210669 0.063354 0.046855 0.040532 1.452607 0.973491 0.065355 
0.029966 0.030291 0.636934 0.065741 0.199106 0.064680 0.041338 2.003669 0.963754 0.134921 
0.040824 0.038083 0.042959 0.820873 0.057816 0.059508 0.319595 2.107101 0.929721 0.041327 
0.035648 0.055388 0.086781 0.135845 0.621630 0.063550 0.057895 1.494548 0.795563 0.029054 
0.062705 0.025000 0.091697 0.043267 0.052821 0.689801 0.034651 2.092491 0.915111 0.026721 
0.031669 0.202062 0.135090 0.261222 0.088334 0.081469 0.041306 0.245359 2.154769 0.267658 
0.022128 0.022638 0.761418 0.335218 0.052066 0.094714 0.047263 0.092555 2.590931 0.025128 
0.037196 0.024668 0.027433 0.963565 0.376282 0.070130 0.048762 0.128415 2.326507 0.288645 
0.092116 0.078211 0.050265 0.064744 0.778955 0.096082 0.055173 0.042217 2.447418 0.217573 
0.035337 0.054478 0.082600 0.044053 0.071072 1.848940 0.139318 0.141399 2.494490 0.223117 
0.385501 0.042650 0.127206 0.233404 0.059780 0.130745 0.067305 0.273667 0.075179 3.726720 
0.158227 0.302388 0.133094 0.239289 0.065669 0.136632 0.073194 0.279552 0.081068 3.735896 
0.038163 0.679904 0.124089 0.231413 0.055948 0.127777 0.063557 0.272127 0.058806 3.722520 
0.044839 0.336389 0.763798 0.069392 0.151492 0.090552 0.072406 0.185982 0.083003 6.691002 
0.213439 0.044054 0.068637 0.849509 0.177049 0.112085 0.084063 0.211976 0.074082 3.673210 
0.061029 0.059978 0.088371 2.425418 0.209434 0.187141 0.079145 0.298748 0.110807 6.697127 
0.118562 0.098342 0.061264 0.101357 1.212079 0.132076 0.067915 0.276415 0.063077 3.749162 
0.021065 0.321342 0.048998 0.089872 1.200012 0.119887 0.055718 0.264242 0.050921 3.714635 
0.052249 0.052431 1.323902 0.070203 0.858295 0.143887 0.043789 0.259324 0.044700 7.039852 
0.234267 0.031146 0.080296 0.085240 0.125379 0.890469 0.071211 0.308244 0.065462 4.136073 
0.038173 0.232542 0.049537 0.058202 0.072404 1.094458 0.040512 2.026752 0.085678 7.054395 
0.050925 0.050430 0.063209 1.113981 0.428136 0.902978 0.122739 0.289916 0.103896 3.721660 
0.031864 0.037697 0.079630 0.110662 0.435537 2.728428 0.072483 0.293184 0.036099 3.775955 
0.023760 0.266697 0.057055 0.097236 0.444192 0.085919 0.866967 0.323494 0.054692 3.372686 
0.037404 0.049649 0.137669 0.202808 0.884746 0.100865 0.063537 1.754640 0.036770 3.776625 
0.062258 0.118218 0.061671 0.069552 0.076324 0.818566 0.078911 2.824515 0.097367 3.668352 
0.029256 0.029762 0.787139 0.252126 0.088616 0.080030 0.043863 0.163070 0.685528 4.158712 
0.028385 0.021353 0.022258 1.154182 0.068820 0.054063 0.039148 1.262202 0.910126 6.697835 
0.034860 0.034913 0.106800 0.092139 1.082629 0.086091 0.052732 0.135815 1.863559 7.131145 
0.029864 0.029921 0.116107 0.056471 0.195983 0.856881 0.417977 0.163941 0.680737 4.159333 
0.036888 0.034897 0.274808 0.279323 0.026300 0.066936 0.655344 0.187097 0.899518 3.351439 
0.028740 0.073739 0.077429 0.363797 0.178013 0.060478 0.044645 0.124700 1.789476 4.483886 
0.032791 0.073279 0.265288 0.925396 0.125512 0.095130 0.052824 0.285804 0.065285 12.390805 
0.148881 0.022306 0.148669 0.049944 1.172079 0.164820 0.067816 0.122387 0.064831 13.298830 
0.026029 0.057051 0.093135 0.054903 0.523649 0.047419 0.050171 2.752601 0.083669 12.129731 
0.056476 0.218179 0.501407 0.453213 0.160864 0.149124 0.078736 0.435190 0.108149 0.293132 
0.052417 0.052457 1.829947 0.097183 0.257406 0.140140 0.294005 0.235957 0.125225 0.093751 
0.049591 0.381407 0.076950 0.892335 0.187885 0.100407 0.062764 0.325985 0.082130 0.297755 
0.023686 0.308144 0.062851 0.093039 1.192005 0.124097 0.098302 0.200548 0.090410 0.019831 
0.187724 0.053761 0.049306 0.055930 0.386785 0.899858 0.072769 0.239096 0.170202 0.096838 
0.228469 0.036281 0.449017 0.112614 0.042414 0.084910 0.876644 0.238275 0.046088 0.147958 
0.068965 0.358112 0.127020 0.359978 0.096043 0.120867 1.395511 0.118682 0.111452 0.064144 
0.038856 0.050579 0.288407 0.508327 0.176414 0.080048 0.064148 1.822877 0.084482 0.083469 
0.102207 0.112047 0.507832 0.112809 0.182163 0.133595 0.092271 0.343691 1.048121 0.302453 
0.114543 0.090880 0.129178 0.093345 1.492269 0.143785 0.640358 0.321488 0.971275 0.126659 
0.017529 0.017606 0.349628 0.154671 0.030796 0.049724 0.028664 1.663649 2.586321 0.020517 
0.387086 0.031849 0.114410 0.252337 0.027695 0.119308 0.055138 0.251668 0.065970 12.337068 
0.094771 0.094465 0.532932 0.061185 0.776232 0.127639 0.084207 0.256487 0.037688 7.032832 
0.033508 0.173242 0.378090 0.044643 0.084472 0.055343 0.046669 2.635844 0.097716 6.686793 
0.039471 0.261806 0.247357 0.466977 0.077739 0.085391 0.061906 0.256790 0.092095 14.301564 
