2.223814 0.224331 0.227997 0.238523 0.230969 
2.186162 0.818805 0.211796 0.210266 0.213319 
2.049741 1.784739 0.211322 0.214623 0.213300 
1.655795 2.883503 0.181372 0.182284 0.183152 
1.097721 3.701371 0.164182 0.164482 0.167505 
0.496526 4.109145 0.170280 0.165090 0.169094 
0.114986 4.114865 0.116628 0.115198 0.121438 
2.192029 0.222369 1.076452 0.218779 0.222255 
2.149929 0.916713 1.258785 0.213061 0.212523 
1.853476 2.189561 1.453951 0.178698 0.182540 
1.289339 3.339142 1.563812 0.165844 0.168507 
0.579508 3.922996 1.389529 0.122703 0.125591 
0.114997 4.053027 1.137623 0.116155 0.113676 
2.064408 0.212401 2.476616 0.218217 0.213390 
1.868715 1.096120 3.018085 0.177492 0.173782 
1.409164 2.439192 3.386349 0.168852 0.167035 
0.677490 3.400321 3.121854 0.120707 0.122011 
0.118875 3.760243 2.601810 0.119835 0.123569 
1.717343 0.188515 4.055763 0.206146 0.212686 
1.337788 1.180022 4.769038 0.162446 0.166458 
0.693155 2.333559 4.822149 0.123603 0.123699 
0.070804 2.998191 4.157083 0.071808 0.072052 
1.157123 0.163826 5.365611 0.163183 0.163559 
0.632966 1.073544 5.733259 0.117666 0.121656 
0.074440 1.951688 5.372509 0.074477 0.078722 
0.608122 0.165333 6.012461 0.163772 0.168608 
0.068900 0.875098 5.945229 0.069396 0.071312 
0.032647 0.037494 6.032603 0.033113 0.034966 
2.186254 0.215935 0.210972 1.419167 0.210457 
2.135592 0.960367 0.208522 1.728811 0.210509 
1.855234 2.123362 0.171781 2.000626 0.171923 
1.293777 3.326157 0.167862 2.093391 0.167418 
0.570871 3.913789 0.119706 1.879741 0.120120 
0.112150 4.049927 0.112699 1.502787 0.111843 
2.138752 0.211920 1.335088 1.738199 0.215123 
1.997873 1.165761 1.618335 2.104047 0.183881 
1.518270 2.643794 1.816944 2.440781 0.167620 
0.715692 3.641046 1.686644 2.271566 0.126949 
0.117985 3.931233 1.383101 1.843538 0.118540 
1.877115 0.183168 3.045432 2.007817 0.184914 
1.553709 1.358050 3.688458 2.445046 0.165001 
0.802452 2.739927 3.778975 2.569335 0.136126 
0.075394 3.390384 3.080853 2.070799 0.079976 
1.345561 0.162036 4.766432 2.134781 0.165371 
0.751846 1.283532 5.268452 2.347485 0.119214 
0.072711 2.328049 4.762470 2.189141 0.095001 
0.616018 0.114798 5.752928 1.958619 0.127373 
0.028976 1.044079 5.662530 1.887446 0.029183 
0.031088 0.035336 5.915000 1.593275 0.036262 
2.055111 0.212000 0.211667 3.297681 0.211196 
1.868470 1.086409 0.171977 3.982929 0.174780 
1.408519 2.414765 0.168630 4.539337 0.168862 
0.664007 3.386625 0.117862 4.177969 0.127199 
0.113346 3.715185 0.112883 3.584053 0.115482 
1.873387 0.182453 1.467061 4.070897 0.186745 
1.547638 1.342851 1.866729 4.934858 0.166627 
0.798322 2.723434 1.888416 5.010849 0.119828 
0.074878 3.365776 1.583998 4.152660 0.082498 
1.441061 0.167703 3.415547 4.555583 0.171500 
0.797859 1.374227 3.771616 5.064960 0.081634 
0.074969 2.496041 3.428216 4.601132 0.082954 
0.708686 0.118847 4.891427 4.352644 0.120871 
0.052991 1.187009 4.813754 4.360998 0.053792 
0.044167 0.046456 5.406410 3.631596 0.045067 
1.683987 0.177361 0.176703 5.427800 0.176669 
1.323252 1.172089 0.163744 6.358291 0.165054 
0.667191 2.326297 0.114013 6.396724 0.116672 
0.077159 2.993277 0.085005 5.551565 0.078983 
1.336372 0.164453 1.626326 6.346609 0.167744 
0.735944 1.260004 1.745781 6.920867 0.087680 
0.063363 2.305918 1.578840 6.368839 0.062487 
0.692736 0.118933 3.221375 6.569501 0.122088 
0.061655 1.188889 3.234353 6.465877 0.071067 
0.031886 0.034234 4.257903 5.705009 0.040452 
1.134601 0.166344 0.166284 7.163370 0.171016 
0.616906 1.026784 0.112963 7.634550 0.113299 
0.074611 1.946130 0.075162 7.144863 0.076921 
0.608123 0.116854 1.453397 7.663391 0.121123 
0.058962 1.035979 1.415911 7.600886 0.074778 
0.052421 0.052725 2.698997 7.231303 0.061800 
0.527510 0.171334 0.164204 8.024662 0.164364 
0.070973 0.891566 0.071451 7.899833 0.078177 
0.054338 0.054319 1.179485 7.912101 0.057899 
0.038098 0.038047 0.046775 8.038013 0.055227 
2.187787 0.213227 0.213702 0.226358 1.786487 
2.135628 0.962065 0.212196 0.213708 2.193519 
1.834515 2.158169 0.170546 0.164933 2.470637 
1.292203 3.322503 0.163890 0.165596 2.574669 
0.569270 3.914631 0.114959 0.114977 2.258608 
0.115593 4.050530 0.117553 0.122600 1.910531 
2.141163 0.211639 1.191738 0.212380 2.273895 
1.987007 1.165137 1.598242 0.174935 2.646738 
1.519071 2.638989 1.831058 0.165481 3.024505 
0.712865 3.627387 1.700745 0.120036 2.801837 
0.115219 3.933450 1.399819 0.150398 2.184321 
1.874758 0.181176 3.027345 0.178533 2.527254 
1.558521 1.351629 3.689555 0.171059 3.093314 
0.809734 2.724840 3.761230 0.128557 3.127595 
0.073445 3.376056 3.115706 0.073986 2.537639 
1.328769 0.159133 4.782084 0.159839 2.694846 
0.745622 1.282007 5.267410 0.118713 2.939186 
0.073503 2.346952 4.772454 0.076529 2.566551 
0.616219 0.111437 5.745536 0.113525 2.445575 
0.038545 1.038719 5.673715 0.038644 2.391989 
0.033733 0.037966 5.911598 0.038536 2.036463 
2.135915 0.214351 0.212332 1.688892 2.173609 
1.970395 1.151753 0.163086 2.139166 2.625334 
1.519654 2.634320 0.167102 2.432613 3.018441 
0.715467 3.630754 0.121373 2.239512 2.715682 
0.117433 3.918832 0.117153 1.847366 2.345514 
1.970482 0.168530 1.668142 2.141098 2.623018 
1.702594 1.455562 2.044309 2.680001 3.409307 
0.877764 3.024531 2.091668 2.805869 3.430041 
0.075464 3.614914 1.679587 2.282987 2.708682 
1.552577 0.164752 3.699712 2.486806 3.075188 
0.874185 1.594886 4.276350 2.808775 3.552950 
0.079652 2.726044 3.740566 2.525684 3.146043 
0.757006 0.118343 5.269421 2.383713 2.959873 
0.056056 1.294567 5.226196 2.362240 2.855703 
0.034167 0.036242 5.687651 1.929338 2.394595 
1.855622 0.169228 0.167448 3.998191 2.557677 
1.539289 1.369876 0.163957 4.903624 3.064938 
0.801714 2.718398 0.125289 5.019417 3.124548 
0.069398 3.348224 0.080482 4.184831 2.580091 
1.555077 0.170489 1.861069 4.943413 3.029718 
0.890981 1.532347 2.124777 5.611249 3.566947 
0.066001 2.700116 1.886091 4.982791 3.173179 
0.824028 0.120538 3.840229 5.158884 3.196113 
0.078688 1.404027 3.858803 5.121788 3.175398 
0.033846 0.034740 4.835609 4.319403 2.717817 
1.344289 0.164962 0.164273 6.303995 2.648280 
0.744671 1.276358 0.118909 7.004597 2.903026 
0.073951 2.337169 0.077432 6.356900 2.584635 
0.751807 0.120337 1.767494 7.027511 2.939225 
0.071516 1.293786 1.751437 6.975089 2.959810 
0.045065 0.044798 3.205467 6.505772 2.682472 
0.605541 0.123452 0.121548 7.643186 2.431046 
0.033588 1.050302 0.064815 7.524089 2.370129 
0.031717 0.030363 1.449267 7.577850 2.354198 
0.034528 0.039017 0.034029 7.879636 1.988909 
2.056037 0.210239 0.210719 0.213651 4.054410 
1.881473 1.084535 0.179547 0.178669 4.908588 
1.411723 2.439973 0.168968 0.167721 5.554472 
0.673085 3.384174 0.121510 0.122161 5.196531 
0.117748 3.733203 0.116780 0.121510 4.385147 
1.862261 0.172300 1.590812 0.176496 4.965003 
1.535969 1.337856 1.859625 0.151970 6.083996 
0.802589 2.735223 1.902361 0.131511 6.263999 
0.072905 3.374194 1.539508 0.076586 5.156489 
1.446156 0.165846 3.403438 0.164512 5.617494 
0.804973 1.394697 3.823921 0.098237 6.290198 
0.075993 2.510283 3.435698 0.080611 5.697790 
0.702300 0.114721 4.879074 0.114590 5.435095 
0.047227 1.185809 4.834149 0.046358 5.356971 
0.048258 0.048461 5.421240 0.049819 4.498610 
1.864390 0.169230 0.167148 1.994261 4.930390 
1.552711 1.348054 0.171458 2.490930 6.075290 
0.796141 2.715265 0.119848 2.528767 6.231520 
0.070478 3.344839 0.071590 2.146647 5.192010 
1.559294 0.168177 1.844876 2.482548 6.118174 
0.889982 1.539773 2.095476 2.850592 6.958630 
0.066314 2.732840 1.891498 2.445752 6.186704 
0.808471 0.114356 3.859722 2.571118 6.401930 
0.079527 1.428205 3.846120 2.575907 6.360067 
0.041472 0.041629 4.851672 2.196285 5.376670 
1.434021 0.167423 0.166449 4.523201 5.650584 
0.788047 1.385357 0.106647 5.040416 6.316056 
0.080439 2.503509 0.080441 4.586110 5.700200 
0.795817 0.086771 1.944086 5.070817 6.329289 
0.086563 1.414433 1.947570 5.145229 6.356283 
0.041431 0.040586 3.501392 4.681620 5.789454 
0.684377 0.119838 0.118897 6.526465 5.392790 
0.047098 1.186998 0.046481 6.452426 5.314063 
0.051967 0.051555 1.637440 6.469463 5.404602 
0.032872 0.033373 0.032698 7.191415 4.496575 
1.706046 0.194151 0.192868 0.191845 6.722972 
1.343988 1.178556 0.163702 0.164266 7.825149 
0.694744 2.332273 0.119992 0.124048 7.938181 
0.066803 2.986800 0.077812 0.106248 6.900755 
1.340983 0.164585 1.599918 0.165064 7.889764 
0.728688 1.252469 1.712911 0.079699 8.650820 
0.073073 2.322475 1.597138 0.077103 7.942061 
0.710816 0.125053 3.273794 0.126307 8.117415 
0.064121 1.204566 3.239225 0.080845 8.055079 
0.034943 0.035090 4.282409 0.061769 7.097420 
1.338952 0.164337 0.164650 2.082535 7.893225 
0.727273 1.266127 0.071249 2.328213 8.576928 
0.073185 2.311224 0.071940 2.200630 7.918711 
0.723997 0.079214 1.751049 2.367350 8.625916 
0.096944 1.270767 1.793901 2.391058 8.766070 
0.040023 0.039260 3.245779 2.128629 8.076548 
0.689753 0.119460 0.120491 4.381217 8.087418 
0.066473 1.190050 0.067692 4.316830 8.057229 
0.064094 0.063703 1.657797 4.318219 8.104758 
0.033422 0.034615 0.032099 5.691584 7.099868 
1.129492 0.164574 0.163058 0.162788 8.914168 
0.616187 1.061885 0.121869 0.122027 9.518058 
0.075054 1.952924 0.075045 0.088385 8.904432 
0.623033 0.116286 1.475483 0.120652 9.519991 
0.058084 1.055489 1.442801 0.059699 9.463040 
0.045095 0.045113 2.723655 0.055508 8.993112 
0.629458 0.113380 0.113244 1.894627 9.512630 
0.056692 1.043380 0.057413 1.926065 9.461701 
0.068778 0.068380 1.477784 1.948026 9.500327 
0.044870 0.044797 0.042675 3.661670 8.960701 
0.519618 0.162290 0.162433 0.166679 10.001064 
0.066549 0.892559 0.067131 0.065987 9.850097 
0.039306 0.039119 1.229866 0.041339 9.839991 
0.043308 0.043227 0.043138 1.623385 9.846105 
0.034736 0.034913 0.034738 0.034739 10.034734 
