2.050652 0.050684 0.051894 0.053720 0.051652 0.052199 0.052949 0.052808 
1.840091 1.840478 0.051733 0.052878 0.054700 0.054055 0.054334 0.055138 
0.942426 3.631119 0.051285 0.051901 0.050970 0.054595 0.052792 0.053594 
0.052198 4.051208 0.052477 0.054350 0.052210 0.055100 0.053507 0.052336 
1.838888 0.051039 2.739070 0.053584 0.052285 0.052829 0.052434 0.053051 
1.207632 2.366524 3.525077 0.055557 0.056138 0.057647 0.057234 0.056196 
0.052192 3.629268 2.733835 0.054474 0.054895 0.055199 0.053590 0.052463 
0.944135 0.052214 5.418693 0.052224 0.057614 0.053506 0.052871 0.063794 
0.052103 1.833918 5.423175 0.055064 0.057281 0.053130 0.053970 0.051783 
0.051695 0.051023 6.051021 0.052340 0.056518 0.053130 0.053018 0.052813 
1.839109 0.052081 0.054800 3.642555 0.052570 0.054031 0.054945 0.061832 
1.204727 2.364647 0.052773 4.670502 0.055759 0.054308 0.054103 0.051923 
0.053467 3.631265 0.054110 3.624034 0.052797 0.055497 0.054827 0.053453 
1.204419 0.051666 3.518514 4.670923 0.052424 0.053057 0.053418 0.051152 
0.052279 2.359945 3.515657 4.671095 0.058015 0.053509 0.054308 0.053124 
0.054496 0.053299 5.422017 3.625239 0.058625 0.056633 0.055072 0.054890 
0.945033 0.052028 0.052012 7.207210 0.053042 0.051870 0.052897 0.051158 
0.051336 1.838639 0.051898 7.207432 0.052957 0.052360 0.053286 0.051098 
0.050725 0.051203 2.741497 7.201113 0.061444 0.055027 0.052449 0.053684 
0.051025 0.051025 0.053153 8.051024 0.054617 0.053348 0.054090 0.052835 
1.840114 0.054340 0.053439 0.052060 4.520289 0.052532 0.053172 0.052845 
1.205504 2.361881 0.053606 0.052856 5.825788 0.053771 0.054524 0.053897 
0.052206 3.631003 0.053608 0.053361 4.515797 0.053692 0.052792 0.054115 
1.207038 0.052051 3.520093 0.056971 5.810534 0.053392 0.052409 0.054199 
0.052566 2.363211 3.520368 0.057246 5.810809 0.053669 0.052671 0.054262 
0.051196 0.050816 5.419696 0.052917 4.514780 0.052686 0.052476 0.054104 
1.206052 0.051989 0.052093 4.668375 5.824711 0.052765 0.052205 0.054091 
0.052335 2.361523 0.052516 4.668816 5.825177 0.056274 0.054427 0.057867 
0.053069 0.051303 3.515577 4.669166 5.825618 0.053061 0.054222 0.054164 
0.050990 0.050995 0.056760 7.209255 4.515975 0.052888 0.052131 0.053115 
0.944124 0.051676 0.051793 0.052265 9.000574 0.053365 0.054146 0.051887 
0.051719 1.836668 0.051793 0.052266 9.000579 0.053370 0.054152 0.051892 
0.051967 0.051375 2.735867 0.056288 8.994634 0.055258 0.053555 0.051628 
0.051446 0.050660 0.050677 3.633064 8.991994 0.052340 0.052218 0.050734 
0.050910 0.050882 0.050892 0.050803 10.050794 0.052524 0.051598 0.050878 
1.840479 0.052073 0.052434 0.052665 0.053577 5.417266 0.053860 0.058040 
1.205785 2.369392 0.052757 0.055710 0.058516 6.962666 0.053212 0.053711 
0.052791 3.630613 0.051839 0.054449 0.057106 5.405792 0.053204 0.051043 
1.205788 0.050894 3.524411 0.057540 0.053108 6.957275 0.052477 0.054892 
0.052252 2.365951 3.515556 0.052557 0.053979 6.962866 0.052932 0.051896 
0.052546 0.051358 5.421043 0.052572 0.054602 5.405399 0.054376 0.052012 
1.205365 0.052485 0.052756 4.672533 0.054081 6.986528 0.054363 0.052279 
0.052694 2.361642 0.052508 4.678836 0.053835 6.966623 0.057311 0.051980 
0.051784 0.051573 3.514085 4.675456 0.053981 6.975300 0.054591 0.053180 
0.050981 0.052187 0.050973 7.206788 0.051416 5.416341 0.054110 0.050982 
1.207264 0.052768 0.052288 0.057670 5.824063 6.976124 0.054733 0.053542 
0.051324 2.362937 0.051102 0.051446 5.820103 6.975656 0.052855 0.067187 
0.051088 0.051150 3.517712 0.052560 5.823393 6.975436 0.054490 0.053164 
0.051774 0.051774 0.052950 4.672255 5.826340 6.976180 0.054848 0.054582 
0.050940 0.050938 0.050938 0.051664 9.000249 5.405391 0.053302 0.050948 
0.946525 0.051772 0.051073 0.051848 0.053156 10.779781 0.053677 0.056243 
0.051985 1.842979 0.052999 0.052309 0.052255 10.780448 0.053411 0.055582 
0.052373 0.051038 2.738390 0.052379 0.052724 10.780075 0.052517 0.051237 
0.052052 0.051146 0.051162 3.634389 0.053461 10.780075 0.051921 0.051448 
0.051189 0.051204 0.050821 0.050665 4.518883 10.786138 0.052583 0.052867 
0.051497 0.050776 0.050763 0.050769 0.052598 12.050761 0.052678 0.052614 
1.839923 0.051598 0.052653 0.052389 0.055194 0.054624 6.306912 0.052881 
1.202868 2.366827 0.051952 0.053002 0.053080 0.055188 8.133443 0.057102 
0.052980 3.630824 0.053192 0.052576 0.056889 0.055368 6.300913 0.054189 
1.204200 0.052385 3.526217 0.054037 0.054184 0.053798 8.130628 0.052534 
0.051946 2.364493 3.518598 0.052411 0.056895 0.055466 8.114553 0.053045 
0.051057 0.052185 5.417995 0.052509 0.053118 0.052864 6.309817 0.052341 
1.207875 0.053313 0.052131 4.660784 0.055743 0.053419 8.139904 0.052939 
0.051879 2.362209 0.051988 4.664977 0.056697 0.053018 8.139426 0.054217 
0.050833 0.050789 3.519001 4.672719 0.051969 0.052449 8.118602 0.057141 
0.052867 0.051613 0.051584 7.208269 0.057055 0.055942 6.308090 0.053703 
1.205666 0.053959 0.052523 0.054347 5.827246 0.053654 8.137662 0.052818 
0.051765 2.367756 0.051727 0.054485 5.820257 0.054630 8.113967 0.052596 
0.051457 0.051421 3.514751 0.052377 5.823345 0.055057 8.138235 0.053056 
0.052184 0.052213 0.056168 4.669782 5.824311 0.055779 8.138988 0.053672 
0.051078 0.050962 0.051088 0.050962 9.000013 0.055108 6.298547 0.051571 
1.206185 0.053434 0.054551 0.052047 0.054044 6.979159 8.136658 0.056623 
0.052044 2.364915 0.052576 0.051686 0.054965 6.964148 8.138287 0.051793 
0.051435 0.051117 3.535705 0.051916 0.054756 6.960904 8.107485 0.052703 
0.051749 0.051734 0.053994 4.668730 0.054112 6.977602 8.140517 0.052229 
0.051523 0.051466 0.051466 0.051466 5.823203 6.977923 8.138878 0.051594 
0.051651 0.051399 0.051039 0.050806 0.050806 10.783181 6.313542 0.053050 
0.943951 0.052159 0.051484 0.052003 0.055662 0.052616 12.578688 0.051202 
0.051399 1.842885 0.054492 0.052823 0.053754 0.052143 12.568383 0.053437 
0.051273 0.051869 2.739186 0.051808 0.052755 0.052021 12.567834 0.051461 
0.051849 0.051783 0.055811 3.634499 0.056116 0.052668 12.569371 0.052123 
0.050911 0.050887 0.051075 0.053380 4.522327 0.051490 12.572881 0.052783 
0.051179 0.051254 0.053663 0.051303 0.056413 5.420028 12.571823 0.051356 
0.051405 0.050517 0.050519 0.052181 0.052833 0.050516 14.050513 0.050837 
1.839800 0.050909 0.053546 0.050911 0.052914 0.052758 0.052445 7.205206 
1.204108 2.368898 0.053804 0.054402 0.053281 0.054794 0.053538 9.274803 
0.051976 3.629966 0.054620 0.052178 0.051715 0.055398 0.053543 7.200919 
1.206596 0.051984 3.517340 0.052850 0.053368 0.056593 0.052657 9.280953 
0.052574 2.361800 3.517420 0.053077 0.054719 0.056725 0.052454 9.281033 
0.051691 0.051093 5.421149 0.056094 0.054990 0.055598 0.057701 7.187807 
1.205798 0.051962 0.052421 4.673876 0.054261 0.053003 0.052553 9.283717 
0.051149 2.359948 0.052477 4.673717 0.054734 0.052607 0.052143 9.282349 
0.052156 0.052678 3.518683 4.673469 0.053685 0.053153 0.053368 9.277227 
0.052685 0.050748 0.050811 7.208808 0.051044 0.052841 0.052311 7.195558 
1.206041 0.051151 0.051588 0.051765 5.826375 0.052691 0.052091 9.283234 
0.052559 2.366804 0.052261 0.052007 5.811600 0.054923 0.053050 9.287756 
0.052364 0.052291 3.511218 0.052883 5.829496 0.054241 0.055084 9.297697 
0.051853 0.051204 0.051055 4.677455 5.813151 0.052290 0.052181 9.290877 
0.051481 0.051434 0.051306 0.051374 8.992916 0.052891 0.054006 7.215219 
1.206995 0.052752 0.051778 0.054098 0.053743 6.972657 0.060277 9.289600 
0.053585 2.364658 0.053918 0.055664 0.058870 6.986528 0.055805 9.276241 
0.051349 0.053005 3.519673 0.051677 0.053552 6.974962 0.053826 9.283773 
0.051740 0.050784 0.052063 4.671611 0.054872 6.982276 0.051969 9.279926 
0.051332 0.052312 0.051291 0.057737 5.826571 6.974699 0.053139 9.292418 
0.051818 0.051265 0.051090 0.051136 0.051351 10.785024 0.052658 7.204351 
1.207691 0.052289 0.052899 0.052521 0.053663 0.053460 8.142828 9.275052 
0.051598 2.364521 0.051774 0.053542 0.054489 0.053810 8.133072 9.274769 
0.051733 0.052007 3.522629 0.052509 0.053475 0.052742 8.125861 9.281220 
0.052346 0.051278 0.052007 4.676393 0.057933 0.052203 8.121016 9.291270 
0.051452 0.051448 0.052226 0.053049 5.838266 0.052583 8.128567 9.274288 
0.053079 0.053429 0.052954 0.052947 0.052946 6.989254 8.121081 9.296591 
0.052495 0.052016 0.051828 0.051533 0.055515 0.050736 12.573662 7.203957 
0.945548 0.051426 0.051466 0.051532 0.052718 0.053775 0.051720 14.361060 
0.052391 1.845073 0.052158 0.052063 0.052711 0.054154 0.053339 14.354410 
0.051363 0.051282 2.742182 0.052046 0.053037 0.052324 0.052306 14.351941 
0.051873 0.051120 0.051113 3.637538 0.053580 0.051975 0.051844 14.353214 
0.051540 0.051576 0.051565 0.051748 4.526997 0.052357 0.052544 14.359716 
0.051198 0.051195 0.051204 0.051195 0.052850 5.418513 0.051758 14.361526 
0.051641 0.050579 0.050885 0.050724 0.050578 0.050815 6.328428 14.351758 
0.051459 0.050961 0.052138 0.050965 0.051513 0.051027 0.053225 16.050959 
1.971009 0.489727 0.733257 0.920255 1.130299 1.332593 1.607125 1.771918 
1.389939 2.731613 0.852450 1.127647 1.391053 1.658844 1.900059 2.200533 
0.260853 3.904168 0.657483 0.884859 1.061918 1.306757 1.537456 1.647716 
1.387231 0.588474 4.091070 1.108017 1.351050 1.632055 1.898377 2.159939 
0.320675 2.730149 4.076722 1.093777 1.400020 1.669017 1.902058 2.181233 
0.249159 0.473885 5.830963 0.880724 1.095499 1.369434 1.465701 1.714309 
1.390734 0.592062 0.858677 5.399954 1.366063 1.634861 1.896610 2.180427 
0.324807 2.726562 0.854428 5.398859 1.368712 1.614687 1.912479 2.179372 
0.306510 0.553660 4.086733 5.424592 1.316690 1.649946 1.889192 2.260465 
0.265434 0.480768 0.682166 7.752775 1.122842 1.344207 1.573811 1.755554 
1.390381 0.591414 0.849970 1.114847 6.754396 1.640272 1.969774 2.192754 
0.314283 2.733651 0.840283 1.091094 6.778417 1.659011 1.921766 2.188663 
0.319149 0.589168 4.056810 1.113465 6.749141 1.631886 1.927051 2.211763 
0.317131 0.582045 0.857601 5.405578 6.732752 1.647001 1.927023 2.197609 
0.265643 0.475053 0.686889 0.903797 9.645082 1.332062 1.558362 1.768937 
1.393465 0.584343 0.863947 1.105831 1.378805 8.084230 1.919534 2.235439 
0.318031 2.729622 0.849264 1.111719 1.376386 8.077342 1.954958 2.213995 
0.312660 0.575733 4.070329 1.123245 1.411081 8.100739 1.921229 2.240606 
0.323720 0.588397 0.860300 5.413991 1.374321 8.067953 1.890118 2.193084 
0.317280 0.592936 0.857138 1.125607 6.774405 8.048896 1.915547 2.140790 
0.266975 0.479735 0.694944 0.913202 1.117062 11.565223 1.543951 1.757057 
1.391262 0.592564 0.830737 1.132821 1.403281 1.669450 9.382232 2.204640 
0.317779 2.727535 0.845694 1.113276 1.361893 1.640984 9.450473 2.210937 
0.323267 0.597509 4.073916 1.129804 1.374071 1.677334 9.484509 2.199035 
0.317537 0.589388 0.862473 5.410467 1.397305 1.634406 9.395418 2.198633 
0.315209 0.584503 0.848631 1.115155 6.757259 1.639670 9.408253 2.154465 
0.319566 0.590226 0.840810 1.108870 1.330840 8.084134 9.430377 2.170912 
0.262426 0.472599 0.681719 0.904087 1.117039 1.373291 13.520635 1.777678 
1.391053 0.593611 0.842102 1.113380 1.395846 1.664603 1.902871 10.766738 
0.317225 2.731304 0.834170 1.113832 1.396702 1.634274 1.886782 10.776213 
0.315684 0.588365 4.074759 1.110656 1.387274 1.679661 1.932254 10.748718 
0.313387 0.577804 0.836987 5.407934 1.371015 1.634242 1.902285 10.770716 
0.311909 0.584423 0.848508 1.124821 6.747770 1.676315 1.916859 10.745513 
0.321650 0.590412 0.870420 1.131154 1.392973 8.126144 1.898134 10.760483 
0.319283 0.586557 0.855207 1.118668 1.384622 1.700981 9.414050 10.791417 
0.266156 0.478357 0.689898 0.908682 1.111794 1.342390 1.573168 15.396960 
