1.803612 0.005744 0.006345 0.006391 0.006526 0.008281 0.012961 0.012595 
0.712819 0.687360 0.014350 0.008275 0.016292 0.014879 0.009232 0.008266 
0.372731 1.364335 0.012104 0.008304 0.006422 0.017595 0.008879 0.009571 
0.005417 3.689292 0.006391 0.005605 0.005392 0.008455 0.007794 0.015990 
0.679447 0.012610 0.950475 0.005320 0.015503 0.024141 0.006945 0.010304 
0.283427 0.540144 0.777594 0.005979 0.006829 0.007630 0.010706 0.006691 
0.007254 1.446523 1.030053 0.005715 0.016317 0.006393 0.006488 0.008122 
0.363512 0.010580 2.036659 0.006936 0.008965 0.008609 0.009503 0.006625 
0.009700 0.661980 1.892748 0.017766 0.006699 0.015868 0.012147 0.006819 
0.006176 0.007091 5.194184 0.009694 0.005553 0.010921 0.005870 0.006602 
0.724212 0.009761 0.007965 1.449751 0.007277 0.009643 0.008368 0.018331 
0.242771 0.461325 0.018460 0.944443 0.013812 0.037964 0.009102 0.008046 
0.014302 1.276837 0.020386 1.336786 0.008624 0.013978 0.012791 0.009667 
0.277713 0.007226 0.777732 1.104624 0.005488 0.007137 0.006777 0.014470 
0.007241 0.533288 0.773497 1.111533 0.008051 0.014885 0.009164 0.013222 
0.007734 0.009623 1.919656 1.377616 0.007054 0.027743 0.012770 0.008521 
0.355121 0.013307 0.009947 2.810426 0.006427 0.006809 0.007923 0.007930 
0.010660 0.666541 0.013782 2.772967 0.006784 0.011057 0.011579 0.007602 
0.008574 0.011022 0.971037 2.784537 0.005301 0.007988 0.019097 0.005995 
0.004474 0.004825 0.004753 7.463995 0.004788 0.007342 0.006270 0.004550 
0.638286 0.013641 0.018953 0.020764 1.627447 0.008578 0.006686 0.007208 
0.263172 0.508670 0.008597 0.007594 1.321451 0.007981 0.006860 0.012119 
0.005415 1.438086 0.006763 0.007070 1.918898 0.011078 0.006015 0.006553 
0.254920 0.007994 0.709770 0.032453 1.296471 0.008482 0.021565 0.008972 
0.009027 0.489525 0.700718 0.013751 1.283480 0.003904 0.007224 0.007590 
0.009440 0.019288 1.899285 0.008013 1.747283 0.007441 0.007599 0.014521 
0.254914 0.012223 0.006831 0.996967 1.325533 0.015977 0.007430 0.009463 
0.009553 0.473942 0.006970 0.991550 1.276388 0.016290 0.010511 0.006738 
0.007393 0.009942 0.704194 1.016662 1.265407 0.012979 0.009146 0.006662 
0.007962 0.011307 0.018404 2.527934 1.617478 0.007156 0.017851 0.008309 
0.332143 0.012312 0.026898 0.008755 3.404558 0.016063 0.009374 0.011450 
0.007770 0.629851 0.025510 0.010691 3.314574 0.010334 0.010631 0.006553 
0.009572 0.012625 0.978777 0.006638 3.597164 0.010684 0.007719 0.007729 
0.009308 0.012599 0.009600 1.296756 3.333456 0.026052 0.006838 0.008347 
0.004520 0.004613 0.004619 0.004520 9.520014 0.005402 0.008506 0.004595 
0.517905 0.017833 0.039975 0.029958 0.036596 1.618886 0.017070 0.006644 
0.266175 0.507868 0.010849 0.009514 0.007249 1.654526 0.008718 0.007262 
0.009882 1.421583 0.008841 0.008155 0.011415 2.305293 0.008370 0.018752 
0.255593 0.006885 0.718724 0.027738 0.007043 1.600538 0.014023 0.013521 
0.006384 0.488088 0.711474 0.024304 0.006398 1.609599 0.018549 0.006234 
0.017498 0.028366 1.522685 0.016733 0.038458 1.714191 0.018182 0.009074 
0.262900 0.009627 0.005936 1.030179 0.006257 1.650279 0.007332 0.017159 
0.008300 0.504035 0.006725 1.018358 0.006307 1.635195 0.010539 0.007147 
0.007488 0.009154 0.734189 1.062291 0.005554 1.657545 0.005899 0.007427 
0.004436 0.004600 0.004440 3.021316 0.004689 2.399729 0.006887 0.007605 
0.239673 0.013266 0.009848 0.024153 1.174683 1.507815 0.013943 0.010414 
0.008696 0.464488 0.011419 0.018324 1.212465 1.526007 0.008116 0.006445 
0.011887 0.018473 0.652525 0.005712 1.193498 1.469187 0.014394 0.014480 
0.008002 0.010355 0.016472 0.945650 1.221478 1.541904 0.006200 0.006160 
0.006926 0.006907 0.007628 0.007192 3.758433 2.273904 0.015511 0.009852 
0.320929 0.006965 0.021493 0.009949 0.021311 4.000165 0.007392 0.008348 
0.009581 0.588236 0.026506 0.011012 0.018996 3.987752 0.008441 0.010260 
0.011848 0.016843 0.874757 0.008176 0.009524 4.059307 0.006805 0.007204 
0.004420 0.013652 0.011403 1.323758 0.007275 4.191836 0.008375 0.004428 
0.010442 0.014344 0.020365 0.030032 1.492723 3.680213 0.005537 0.008574 
0.004447 0.004447 0.004446 0.004446 0.004446 11.803225 0.005870 0.004524 
0.606395 0.030237 0.007042 0.007402 0.075653 0.006843 1.970607 0.006444 
0.273323 0.497615 0.005296 0.014747 0.005222 0.006041 1.841851 0.013551 
0.009261 1.144523 0.012607 0.070666 0.040767 0.008732 2.032786 0.009880 
0.247373 0.008983 0.727496 0.016459 0.007517 0.013216 1.897615 0.059367 
0.006903 0.541662 0.764442 0.007804 0.007427 0.013126 1.897526 0.059277 
0.016443 0.022786 1.497381 0.030221 0.039848 0.044866 1.875711 0.008233 
0.219513 0.009882 0.016160 0.902185 0.041240 0.049676 1.507336 0.007326 
0.009172 0.456701 0.017401 0.870944 0.042380 0.050914 1.462620 0.010439 
0.005843 0.030301 0.632502 0.884608 0.041122 0.047764 1.439866 0.008536 
0.005778 0.005795 0.008277 2.666449 0.079676 0.012384 2.243478 0.046413 
0.215542 0.020206 0.026314 0.025806 1.075914 0.131137 1.427003 0.017494 
0.007727 0.391802 0.019490 0.014108 1.050088 0.179403 1.428475 0.007424 
0.006025 0.043287 0.647930 0.037537 1.114965 0.007012 1.552412 0.022602 
0.010386 0.016905 0.023103 0.876707 1.134722 0.028426 1.439672 0.006733 
0.006602 0.005916 0.008477 0.005570 3.307098 0.138069 2.090061 0.014016 
0.235483 0.009398 0.024447 0.014556 0.029931 1.419223 1.397906 0.007627 
0.009001 0.424754 0.013071 0.060776 0.026259 1.323765 1.428966 0.006765 
0.011653 0.015684 0.565157 0.066612 0.047075 1.294922 1.378699 0.009730 
0.006830 0.006507 0.007542 1.028900 0.018439 1.624349 1.853895 0.008422 
0.008298 0.011680 0.011169 0.061500 1.081119 1.354497 1.514892 0.024019 
0.012650 0.012785 0.026510 0.025881 0.053649 3.985568 2.120545 0.015223 
0.329894 0.010394 0.006152 0.011430 0.062949 0.005371 4.501727 0.016555 
0.012532 0.542913 0.021559 0.080402 0.027080 0.016817 3.846204 0.013829 
0.008899 0.011049 0.842468 0.006173 0.030839 0.102621 4.102238 0.005392 
0.008972 0.007300 0.012615 1.235793 0.014946 0.101497 4.158759 0.014458 
0.008977 0.006939 0.013280 0.008432 1.664523 0.083076 4.411961 0.012263 
0.010770 0.015256 0.005355 0.033852 0.005368 2.041038 4.354598 0.014556 
0.004022 0.004174 0.004167 0.004738 0.011144 0.011521 12.513553 0.004949 
0.975754 0.010678 0.021517 0.017280 0.065744 0.007071 0.006729 4.146975 
0.383662 0.736868 0.007664 0.009144 0.007726 0.008869 0.007642 3.216698 
0.008103 1.530882 0.035407 0.026231 0.064647 0.009489 0.033880 3.408981 
0.376805 0.007083 1.044701 0.011083 0.007104 0.007574 0.008346 3.203346 
0.007504 0.749426 1.056758 0.007623 0.007426 0.019703 0.007543 3.223435 
0.016970 0.029101 2.235615 0.011865 0.050666 0.016449 0.025687 3.373389 
0.374135 0.017477 0.026551 1.503600 0.087710 0.049207 0.013032 3.176372 
0.011492 0.739657 0.023832 1.537513 0.086296 0.021232 0.016648 3.215632 
0.010158 0.013743 1.024059 1.460918 0.007293 0.007907 0.007545 3.187297 
0.010826 0.014093 0.006510 3.423489 0.049959 0.028722 0.052902 3.604281 
0.369494 0.008449 0.007176 0.012913 1.826724 0.006441 0.006572 3.186790 
0.007432 0.735063 0.013838 0.006780 1.834901 0.006771 0.007070 3.187770 
0.008499 0.009459 1.007006 0.014944 1.833662 0.007105 0.007306 3.190885 
0.006311 0.007059 0.005569 1.477798 1.867813 0.008420 0.005887 3.201473 
0.014625 0.022953 0.030369 0.034225 4.098457 0.009386 0.019875 3.244559 
0.362710 0.008765 0.005410 0.005612 0.005342 2.329346 0.006062 3.186840 
0.007103 0.727597 0.009948 0.006742 0.006873 2.384864 0.006872 3.200269 
0.007325 0.008569 1.038309 0.006187 0.006273 2.344013 0.008465 3.186478 
0.006278 0.006116 0.006137 1.539457 0.006493 2.410522 0.007371 3.214616 
0.005217 0.005364 0.005078 0.006621 1.895533 2.366582 0.005436 3.184869 
0.008252 0.012043 0.011826 0.024863 0.055707 5.079358 0.016203 3.361572 
0.344694 0.013558 0.024040 0.013852 0.009520 0.022579 2.127190 3.194651 
0.009798 0.661793 0.023794 0.013487 0.009518 0.021481 2.387752 3.191233 
0.021710 0.024588 1.012423 0.019154 0.019002 0.030716 2.409038 3.206068 
0.017692 0.018292 0.031704 1.413691 0.033377 0.026132 2.194229 3.212136 
0.013751 0.015783 0.026683 0.012399 1.782927 0.020421 2.188337 3.220826 
0.006426 0.016401 0.021248 0.027728 0.006378 2.146717 1.966217 3.212101 
0.013851 0.018626 0.034515 0.010606 0.062348 0.071195 5.357442 3.347554 
0.408287 0.024498 0.034290 0.016239 0.033090 0.013486 0.020486 6.875402 
0.013164 0.804208 0.027851 0.012452 0.055234 0.005691 0.012161 6.971407 
0.012619 0.016184 1.119759 0.020284 0.034953 0.022364 0.022909 6.819013 
0.007594 0.009137 0.005697 1.897606 0.021217 0.018202 0.033191 8.032097 
0.008906 0.011012 0.017800 0.011109 2.520058 0.018381 0.008481 8.371497 
0.009481 0.012568 0.013160 0.027352 0.055375 2.591821 0.009012 6.865770 
0.007835 0.008241 0.012663 0.006133 0.024131 0.039363 3.404220 8.481475 
0.004493 0.004532 0.004490 0.004491 0.004501 0.004682 0.004506 15.868158 
0.337151 0.080099 0.090537 0.139278 0.194847 0.253545 0.213406 0.333935 
0.172929 0.326783 0.097103 0.155356 0.173911 0.206025 0.185100 0.330537 
0.041194 0.635112 0.109416 0.165603 0.186530 0.250107 0.197493 0.310867 
0.169727 0.078791 0.482927 0.133232 0.187047 0.211874 0.186884 0.233787 
0.042826 0.332705 0.472416 0.151757 0.176851 0.227430 0.217569 0.315973 
0.045966 0.081728 0.998672 0.152634 0.189386 0.271165 0.184769 0.368692 
0.166995 0.061274 0.094652 0.646359 0.202337 0.198135 0.227490 0.310720 
0.033652 0.360868 0.084628 0.761376 0.185670 0.219840 0.193185 0.310396 
0.033098 0.056646 0.527607 0.727986 0.205106 0.260233 0.175355 0.335444 
0.044282 0.082203 0.123404 1.364470 0.205001 0.266255 0.219097 0.319305 
0.171312 0.065127 0.099158 0.146167 0.881591 0.241921 0.176739 0.324237 
0.034755 0.325285 0.097654 0.159845 0.883524 0.224970 0.181496 0.313516 
0.038286 0.071125 0.488499 0.130578 0.843877 0.246570 0.184596 0.335132 
0.044627 0.059501 0.092526 0.715555 0.878317 0.242216 0.237390 0.325339 
0.040233 0.075852 0.113135 0.154893 1.732074 0.244857 0.197531 0.310199 
0.172638 0.064166 0.098412 0.159072 0.142720 1.129246 0.172582 0.335641 
0.045353 0.345627 0.100490 0.138377 0.157441 1.152117 0.194129 0.331544 
0.041420 0.071585 0.500559 0.132452 0.178731 1.180403 0.186704 0.352646 
0.034650 0.068264 0.100823 0.732283 0.139598 1.156961 0.234663 0.322611 
0.034419 0.062045 0.098637 0.147198 0.936439 1.150066 0.199430 0.337248 
0.042340 0.072486 0.101665 0.162944 0.186530 2.170320 0.224013 0.335758 
0.175739 0.067211 0.102195 0.139918 0.182594 0.210889 1.151384 0.313817 
0.041455 0.326242 0.121284 0.144713 0.190663 0.208569 1.000849 0.316396 
0.044975 0.086618 0.512547 0.161357 0.160485 0.171784 1.008053 0.304138 
0.041728 0.077067 0.107740 0.749078 0.225646 0.240733 1.090124 0.336837 
0.046064 0.078294 0.119753 0.135407 0.946237 0.208849 1.168212 0.345439 
0.050232 0.077044 0.050307 0.126547 0.148159 1.269334 1.522215 0.072423 
0.038364 0.071367 0.115876 0.183250 0.195916 0.266695 2.119803 0.347491 
0.232374 0.088086 0.126553 0.174760 0.287335 0.269022 0.213017 1.959427 
0.049356 0.431956 0.148571 0.206141 0.247626 0.280375 0.181520 1.865794 
0.046396 0.094235 0.632387 0.198975 0.287836 0.305473 0.179025 1.867931 
0.049571 0.090139 0.127112 0.855235 0.240014 0.293225 0.248924 1.869481 
0.043195 0.098426 0.124389 0.178308 1.119125 0.349643 0.227254 1.990618 
0.055044 0.094500 0.128441 0.230417 0.258192 1.529772 0.208875 2.024846 
0.054161 0.105646 0.166638 0.214916 0.249613 0.215159 1.172894 1.826135 
0.048953 0.112534 0.145099 0.205638 0.284483 0.260854 0.170221 3.695662 
