2.003224 0.003388 0.004042 0.003281 0.004292 0.007810 0.004064 0.003555 
1.794438 1.786125 0.005332 0.004124 0.004191 0.005075 0.008690 0.004218 
0.902201 3.589472 0.010424 0.009973 0.010002 0.012878 0.012865 0.011119 
0.004106 4.004006 0.004254 0.006614 0.004960 0.004723 0.004957 0.004420 
1.793915 0.005638 2.684040 0.006589 0.005414 0.008971 0.005139 0.004785 
1.160665 2.317318 3.461839 0.008361 0.006653 0.009011 0.005319 0.008653 
0.004812 3.582820 2.684863 0.005621 0.004386 0.010398 0.010891 0.010535 
0.901069 0.003387 5.364180 0.003682 0.004704 0.013384 0.004350 0.004609 
0.004205 1.792834 5.370858 0.004675 0.005029 0.007705 0.011706 0.005464 
0.003425 0.003165 6.003085 0.003759 0.004091 0.003574 0.004389 0.004183 
1.794529 0.003734 0.003702 3.558930 0.004094 0.007346 0.003801 0.006073 
1.173053 2.332004 0.021692 4.645705 0.021573 0.024004 0.021682 0.034772 
0.003753 3.582902 0.004222 3.575218 0.003873 0.004699 0.007598 0.004061 
1.164675 0.006370 3.463924 4.616666 0.006847 0.010346 0.008128 0.006072 
0.006527 2.323306 3.465225 4.616160 0.006937 0.009375 0.013114 0.026866 
0.004402 0.004133 5.368360 3.588063 0.004865 0.007159 0.005405 0.004288 
0.900385 0.005782 0.006187 7.160434 0.006523 0.009646 0.006572 0.008140 
0.003576 1.792889 0.003720 7.158518 0.004044 0.012796 0.004745 0.004438 
0.004048 0.004620 2.676298 7.166799 0.004527 0.006669 0.005214 0.004635 
0.003728 0.003438 0.003457 8.003424 0.004038 0.007165 0.008127 0.005378 
1.794091 0.005033 0.004620 0.005005 4.466830 0.004340 0.005584 0.005045 
1.171623 2.330935 0.023785 0.022677 5.802220 0.023814 0.020871 0.022051 
0.006212 3.585275 0.008044 0.006052 4.470133 0.010020 0.006967 0.007320 
1.163306 0.009002 3.459214 0.010213 5.804081 0.015845 0.009627 0.009192 
0.006715 2.315260 3.462373 0.005882 5.789720 0.008752 0.005632 0.007790 
0.003938 0.005509 5.367669 0.005720 4.485212 0.004376 0.005052 0.005086 
1.157963 0.008350 0.007958 4.620346 5.786583 0.011093 0.015393 0.005638 
0.005787 2.321939 0.007308 4.611115 5.778351 0.006054 0.006561 0.009643 
0.012685 0.011935 3.484468 4.627436 5.775375 0.018746 0.012835 0.012586 
0.006355 0.005124 0.007665 7.160490 4.477280 0.005656 0.009251 0.006327 
0.902079 0.005295 0.009483 0.006521 8.942364 0.012504 0.006212 0.006440 
0.007269 1.796538 0.007477 0.008302 8.950752 0.011030 0.008105 0.007337 
0.004827 0.004739 2.695030 0.004845 8.943159 0.005136 0.005917 0.005778 
0.008869 0.008558 0.008557 3.599991 8.944229 0.014774 0.009684 0.010757 
0.003572 0.002956 0.002899 0.002958 10.002894 0.008035 0.007554 0.003583 
1.794288 0.005615 0.004398 0.004839 0.004538 5.356057 0.008356 0.004545 
1.169987 2.320775 0.015218 0.015888 0.015425 6.953725 0.024039 0.018796 
0.004361 3.578046 0.004741 0.004315 0.004828 5.393137 0.005181 0.017231 
1.164803 0.009412 3.468653 0.011040 0.008939 6.932210 0.008678 0.014304 
0.007165 2.319343 3.469261 0.009179 0.007308 6.927291 0.014594 0.007846 
0.004443 0.004186 5.371709 0.005621 0.004997 5.366853 0.004255 0.005237 
1.161174 0.013596 0.008123 4.637634 0.008807 6.928981 0.018756 0.008046 
0.009632 2.323139 0.008119 4.613991 0.008299 6.935762 0.023077 0.016259 
0.010599 0.009780 3.469241 4.637525 0.010744 6.933738 0.011246 0.012156 
0.004411 0.003535 0.003514 7.160699 0.004225 5.364335 0.011871 0.005915 
1.160694 0.009869 0.006569 0.012773 5.769611 6.946620 0.022582 0.006481 
0.005016 2.320393 0.006236 0.005808 5.773296 6.921230 0.014997 0.006827 
0.004756 0.003835 3.471014 0.004249 5.768401 6.936589 0.004173 0.007260 
0.008874 0.006900 0.006875 4.640034 5.769572 6.926444 0.008090 0.015522 
0.005660 0.005104 0.005133 0.005082 8.952756 5.363469 0.006326 0.006375 
0.902552 0.005473 0.005160 0.006211 0.005276 10.728797 0.006376 0.005105 
0.003940 1.796050 0.004970 0.003700 0.004384 10.731473 0.008059 0.005296 
0.007667 0.007544 2.696898 0.008692 0.007891 10.734584 0.011242 0.021046 
0.004965 0.004879 0.005153 3.584133 0.005889 10.736840 0.009021 0.005172 
0.005241 0.002734 0.002732 0.002732 4.474797 10.735879 0.003107 0.003637 
0.003706 0.003704 0.003704 0.003719 0.004150 12.003704 0.006618 0.003951 
1.794421 0.004189 0.004919 0.006059 0.004379 0.007459 6.234664 0.003682 
1.165572 2.323253 0.011146 0.011086 0.011765 0.015990 8.083998 0.011378 
0.003820 3.583413 0.005703 0.004345 0.004475 0.007466 6.250889 0.005717 
1.168234 0.011946 3.477400 0.015144 0.012116 0.015408 8.078647 0.017383 
0.006266 2.319200 3.466000 0.005227 0.005436 0.005135 8.076235 0.005926 
0.004668 0.004400 5.374216 0.007888 0.005224 0.005386 6.250180 0.005628 
1.161200 0.007833 0.004936 4.623356 0.007832 0.004515 8.068369 0.014746 
0.007125 2.318744 0.008481 4.626916 0.008057 0.008970 8.078608 0.011571 
0.008797 0.011556 3.470101 4.642825 0.008543 0.008831 8.068930 0.021079 
0.003224 0.002699 0.002698 7.162588 0.003436 0.006377 6.247991 0.015855 
1.166943 0.008500 0.008461 0.010597 5.783498 0.011607 8.058975 0.010929 
0.006359 2.315950 0.006508 0.006220 5.776446 0.009331 8.092247 0.018289 
0.005472 0.005408 3.465493 0.005556 5.792346 0.008633 8.078839 0.005925 
0.006414 0.006278 0.006278 4.629231 5.774963 0.006823 8.088653 0.016221 
0.006551 0.003340 0.004007 0.003343 8.953880 0.005707 6.246700 0.003590 
1.163938 0.007156 0.007362 0.007343 0.007123 6.920553 8.091081 0.008160 
0.007628 2.313030 0.011501 0.009345 0.008375 6.980040 8.051730 0.008051 
0.008569 0.009481 3.466009 0.009687 0.016636 6.949810 8.091497 0.010790 
0.006580 0.006435 0.007416 4.621582 0.007704 6.930586 8.100440 0.010114 
0.005678 0.004004 0.004005 0.004133 5.782658 6.942738 8.067266 0.006532 
0.004184 0.003683 0.003681 0.003681 0.003681 10.741795 6.253019 0.003734 
0.903052 0.007344 0.007714 0.007584 0.007239 0.006911 12.521386 0.006973 
0.004846 1.801674 0.004914 0.005049 0.005231 0.006687 12.512713 0.005224 
0.004122 0.003503 2.684098 0.004387 0.003922 0.004866 12.528611 0.003804 
0.004190 0.003927 0.003924 3.590908 0.004735 0.005900 12.517775 0.003987 
0.005541 0.003550 0.003689 0.003523 4.482824 0.005419 12.520474 0.003890 
0.004102 0.004098 0.004098 0.004098 0.004114 5.378793 12.521330 0.006776 
0.002598 0.002444 0.002444 0.002443 0.002444 0.002442 14.002442 0.002832 
1.798519 0.012814 0.008956 0.010652 0.009083 0.014179 0.008659 7.147490 
1.163976 2.318684 0.011278 0.009846 0.009956 0.012469 0.009502 9.247121 
0.006662 3.585158 0.007876 0.007066 0.011006 0.011627 0.007708 7.154728 
1.163356 0.008718 3.468260 0.008822 0.009674 0.012619 0.012291 9.253841 
0.006773 2.319799 3.471105 0.007649 0.009154 0.009498 0.006724 9.228836 
0.005222 0.006714 5.368149 0.004160 0.005046 0.007180 0.011280 7.170152 
1.160750 0.012853 0.012304 4.642010 0.013033 0.017588 0.012227 9.273726 
0.009766 2.327546 0.011186 4.607109 0.009823 0.011857 0.016083 9.254817 
0.009555 0.008687 3.484466 4.617239 0.008967 0.013734 0.009889 9.235566 
0.003792 0.003981 0.003768 7.159915 0.005727 0.008274 0.004473 7.156262 
1.161847 0.006997 0.007097 0.008515 5.772575 0.011419 0.007733 9.254494 
0.006055 2.320594 0.007825 0.007459 5.765051 0.014429 0.015294 9.245751 
0.007118 0.007058 3.472577 0.007764 5.786665 0.017392 0.014293 9.231082 
0.006557 0.005957 0.005950 4.630100 5.775124 0.008477 0.006188 9.239768 
0.007384 0.004140 0.004396 0.016737 8.947075 0.004530 0.010499 7.163679 
1.163010 0.008161 0.008398 0.010187 0.008312 6.937322 0.022253 9.241998 
0.004802 2.319173 0.005044 0.004756 0.005051 6.919937 0.007774 9.238723 
0.004476 0.004286 3.483052 0.004670 0.004732 6.907860 0.007231 9.235476 
0.005490 0.004851 0.004833 4.627389 0.005062 6.929835 0.004939 9.239179 
0.005265 0.004963 0.004925 0.004926 5.791424 6.921423 0.011645 9.237300 
0.005037 0.005037 0.005037 0.005392 0.005285 10.743601 0.005294 7.145933 
1.159934 0.006142 0.005141 0.005875 0.013559 0.005352 8.082179 9.246527 
0.005594 2.320879 0.006432 0.006632 0.007037 0.008606 8.100173 9.205767 
0.006118 0.006057 3.471718 0.011770 0.006350 0.012798 8.083435 9.245802 
0.005855 0.005363 0.005362 4.625839 0.006124 0.005702 8.092658 9.234585 
0.004059 0.015866 0.003931 0.004421 5.783778 0.006108 8.109364 9.205391 
0.006063 0.005753 0.005738 0.005723 0.005748 6.939434 8.086399 9.238521 
0.003417 0.004254 0.004460 0.003400 0.005974 0.003400 12.524659 7.160464 
0.905155 0.022143 0.022334 0.022962 0.022120 0.024173 0.021911 14.375812 
0.003888 1.796264 0.005071 0.004743 0.003896 0.005899 0.004170 14.307002 
0.004547 0.004414 2.689749 0.005841 0.004867 0.006192 0.004814 14.312508 
0.004413 0.003910 0.003894 3.585306 0.005056 0.005815 0.006038 14.311021 
0.005932 0.003373 0.004310 0.003307 4.469142 0.006121 0.007139 14.319141 
0.004456 0.004200 0.004225 0.004200 0.004200 5.367888 0.007042 14.316950 
0.004771 0.005016 0.008801 0.004549 0.004713 0.004546 6.255145 14.321305 
0.002888 0.002888 0.002888 0.002888 0.012091 0.002888 0.002891 16.002881 
1.929917 0.412395 0.677195 0.912451 1.138790 1.256692 1.581057 1.783022 
1.366931 2.757767 0.714929 1.162969 1.366701 1.680562 2.071627 2.181521 
0.223331 3.867457 0.635575 0.851667 1.090255 1.176607 1.488887 1.674190 
1.361080 0.517956 4.098733 0.189632 1.408627 1.614891 1.921612 2.183174 
0.280674 2.720824 4.062819 1.096844 1.316829 1.553738 1.928705 2.163963 
0.220215 0.428445 5.768339 0.808774 1.104100 1.304316 1.487668 1.711588 
1.345389 0.548034 0.798977 5.358998 1.331411 1.568139 1.925898 2.169581 
0.280028 2.695205 0.805012 5.391118 1.356557 1.661012 1.871371 2.169339 
0.276024 0.542779 4.090365 5.427474 1.338317 1.579555 1.931891 2.168513 
0.217804 0.445201 0.634854 7.788755 1.108074 1.210625 1.483631 1.671204 
1.344817 0.541590 0.826076 1.074527 6.734571 1.601413 1.845860 2.141993 
0.277814 2.702261 0.818086 1.090624 6.762247 1.642506 1.882869 2.078285 
0.265700 0.555806 4.066381 1.013575 6.862050 1.565856 1.913696 2.263444 
0.294024 0.554420 0.849447 5.433552 6.891989 1.734690 1.914583 2.080679 
0.211589 0.442070 0.654557 0.836500 9.667259 1.109782 1.473877 1.687019 
1.364070 0.567446 0.823741 1.075525 1.296685 8.137728 1.888936 2.140336 
0.277735 2.738822 0.842942 1.117916 1.335616 8.219993 1.832439 2.205367 
0.289105 0.568159 4.145096 1.073004 1.336014 8.253554 2.033448 2.176594 
0.265654 0.559788 0.819361 5.386583 1.276858 8.165527 1.824140 2.182902 
0.271929 0.544073 0.814563 1.014480 6.802928 8.177871 1.841345 2.093102 
0.207324 0.432119 0.613380 0.887608 1.108144 11.550311 1.523440 1.728979 
1.360049 0.547852 0.802272 1.080809 1.348224 1.598010 9.480478 2.122647 
0.278481 2.751597 0.858510 1.171732 1.327629 1.625664 9.585257 2.237621 
0.281992 0.531330 4.184012 1.108129 1.345609 1.642229 9.559734 2.168254 
0.299548 0.529330 0.836280 5.532229 1.326347 1.540445 9.512353 2.112845 
0.275057 0.531658 0.805951 1.126836 6.837650 1.608608 9.518762 2.255299 
0.278557 0.534554 0.841255 1.115582 1.368643 8.400475 9.687605 2.140870 
0.210956 0.418164 0.607624 0.867568 1.082430 1.337493 13.467470 1.745381 
1.352023 0.562778 0.762248 1.052734 1.344009 1.610498 1.824450 10.722527 
0.286821 2.759218 0.802846 1.137423 1.377198 1.651564 1.802089 10.924466 
0.282260 0.540333 4.097976 1.141778 1.308873 1.610157 1.837238 10.858624 
0.267516 0.542219 0.793429 5.455242 1.293069 1.512800 1.799789 10.974975 
0.280017 0.540794 0.824049 1.136427 6.851468 1.725138 1.834864 10.923096 
0.282109 0.556558 0.822640 1.130305 1.409957 8.232710 1.863888 10.977676 
0.278953 0.544699 0.767676 1.043762 1.344915 1.642858 9.492941 10.888927 
0.198482 0.442557 0.556307 0.855741 1.027166 1.317054 1.503596 15.395372 
