2.027836 0.088088 0.042519 0.071716 0.074210 0.171235 0.203659 0.049610 
1.837962 1.865076 0.061464 0.068157 0.092174 0.164388 0.078285 0.164058 
0.943477 3.629669 0.152909 0.078509 0.135056 0.083957 0.060038 0.134866 
0.085638 4.043135 0.049778 0.154389 0.238742 0.094829 0.114405 0.084190 
1.831430 0.103058 2.790381 0.207643 0.120659 0.132520 0.164324 0.254887 
1.189023 2.441769 3.558936 0.115675 0.140935 0.170229 0.146953 0.198164 
0.182783 3.610071 2.716835 0.058881 0.206608 0.139340 0.107543 0.213954 
0.945933 0.059317 5.432882 0.059074 0.092305 0.124089 0.105492 0.098948 
0.129225 1.855323 5.444565 0.418090 0.085839 0.220671 0.182769 0.085672 
0.060128 0.060218 6.055157 0.093822 0.122986 0.200068 0.118556 0.208724 
1.837990 0.079515 0.101371 3.862916 0.205191 0.110291 0.279731 0.092301 
1.191408 2.362666 0.107180 4.779064 0.199082 0.109034 0.197074 0.227503 
0.189575 3.633767 0.059787 3.544922 0.143565 0.213256 0.052399 0.328204 
1.163298 0.073494 3.616691 4.683243 0.352766 0.057539 0.287482 0.248609 
0.152742 2.282185 3.508756 4.860011 0.109913 0.153004 0.108463 0.269811 
0.068981 0.086902 5.328316 3.909034 0.149285 0.386212 0.151740 0.240246 
0.905124 0.060697 0.086638 7.273709 0.197049 0.215951 0.213994 0.285684 
0.135436 1.802218 0.124251 7.267103 0.146761 0.150598 0.268955 0.305193 
0.076768 0.112448 2.552405 7.360481 0.138674 0.107617 0.206722 0.192996 
0.059675 0.058651 0.128557 8.055476 0.213733 0.190342 0.155974 0.088137 
1.837299 0.089478 0.209191 0.177492 4.557748 0.133581 0.078821 0.221233 
1.229072 2.434446 0.139656 0.096209 5.872258 0.111973 0.324475 0.307228 
0.189088 3.576868 0.075303 0.103116 4.668843 0.239771 0.069665 0.335617 
1.203694 0.110341 3.588902 0.161038 5.984402 0.188410 0.136994 0.174507 
0.129995 2.257662 3.514385 0.041809 6.003583 0.085764 0.197582 0.245469 
0.082386 0.061114 5.367615 0.299543 4.694796 0.333969 0.304414 0.494783 
1.206176 0.122108 0.118083 4.711940 5.831719 0.091554 0.107751 0.060740 
0.146588 2.247449 0.057210 4.907555 5.772903 0.113498 0.091462 0.188420 
0.129177 0.049384 3.498529 4.723102 5.709225 0.141338 0.149614 0.210053 
0.071559 0.042974 0.048185 7.206253 4.480274 0.265417 0.359856 0.133085 
0.967262 0.093943 0.140211 0.126242 9.008033 0.108724 0.086136 0.219635 
0.114155 1.815434 0.088653 0.106380 8.994777 0.044291 0.178151 0.090827 
0.110846 0.048957 2.690110 0.065205 9.006153 0.081948 0.169358 0.047321 
0.097135 0.157740 0.061411 3.686846 8.938287 0.079658 0.086763 0.049773 
0.066088 0.123230 0.065106 0.065027 10.061305 0.145096 0.267294 0.104668 
1.861946 0.061563 0.067205 0.150695 0.163584 5.151418 0.056415 0.161056 
1.238619 2.489116 0.097060 0.164875 0.148762 6.818584 0.125262 0.095587 
0.178762 3.647906 0.072904 0.086999 0.132611 5.117082 0.083747 0.204955 
1.222692 0.080676 3.591027 0.123847 0.131996 6.871897 0.081891 0.266782 
0.143666 2.394193 3.670094 0.119668 0.166995 6.493518 0.164673 0.075646 
0.052849 0.084604 5.447509 0.265528 0.081975 5.282031 0.065637 0.341194 
1.205630 0.088688 0.081417 4.972983 0.185536 6.661011 0.148948 0.131932 
0.140998 2.361389 0.072552 4.880349 0.124456 6.596425 0.061252 0.410781 
0.102043 0.065869 3.521315 5.044274 0.328157 6.407805 0.073017 0.084789 
0.088721 0.183447 0.094507 7.261480 0.240559 5.370622 0.144980 0.338996 
1.217297 0.086580 0.140962 0.111888 6.163632 6.664066 0.194329 0.104542 
0.136205 2.433587 0.079576 0.087469 5.778594 6.734254 0.075862 0.064226 
0.145919 0.081013 3.618967 0.102731 5.885915 6.625589 0.228337 0.069315 
0.064999 0.063534 0.118636 4.879113 5.829551 6.687696 0.316786 0.137800 
0.104150 0.072484 0.074912 0.074887 9.028611 5.402831 0.174059 0.317328 
0.984991 0.079073 0.075653 0.069987 0.058364 10.675711 0.174564 0.093368 
0.130149 1.918042 0.125486 0.114305 0.111360 10.661092 0.210700 0.070250 
0.116445 0.052101 2.803738 0.050388 0.095846 10.685872 0.109934 0.254740 
0.100641 0.167427 0.070210 3.799424 0.130953 10.635203 0.067080 0.313978 
0.102510 0.048706 0.058848 0.276526 4.591026 10.726632 0.058324 0.243567 
0.079352 0.062850 0.064823 0.063498 0.105741 12.062125 0.069162 0.126755 
1.907739 0.100328 0.100920 0.242428 0.168233 0.096264 5.864538 0.202537 
1.240174 2.472149 0.117798 0.080994 0.132722 0.120760 7.693241 0.288860 
0.191614 3.656024 0.097128 0.129466 0.094635 0.067820 6.015605 0.051353 
1.239183 0.095988 3.603211 0.059179 0.121750 0.082588 7.690953 0.136034 
0.142551 2.370037 3.580377 0.063007 0.266735 0.095553 7.912879 0.111557 
0.186742 0.051661 5.456440 0.119263 0.070112 0.080676 6.005155 0.079609 
1.195478 0.105679 0.133537 4.866291 0.073715 0.084990 7.909129 0.119105 
0.152099 2.454931 0.163934 4.807586 0.103685 0.169727 7.507687 0.185608 
0.134234 0.074028 3.432389 5.011178 0.092467 0.145794 7.755904 0.250354 
0.121036 0.128481 0.121409 7.357121 0.151202 0.248508 6.087260 0.214529 
1.229979 0.083097 0.151181 0.131458 6.016473 0.086430 7.790944 0.131754 
0.128530 2.394257 0.070600 0.126795 5.972358 0.165911 7.670055 0.183650 
0.155808 0.066548 3.564550 0.094919 5.997327 0.174637 7.780918 0.093193 
0.089100 0.058412 0.060623 4.686603 6.163988 0.169150 7.618374 0.259960 
0.044890 0.042815 0.127835 0.043228 9.050030 0.496724 6.097226 0.084791 
1.253222 0.070686 0.074103 0.071761 0.076792 6.975367 7.814077 0.201601 
0.084241 2.452340 0.107316 0.070266 0.150243 6.868644 7.977059 0.059874 
0.132024 0.044895 3.533848 0.062435 0.098792 6.980987 7.972303 0.076009 
0.135479 0.047810 0.051868 4.872424 0.051974 6.834440 7.854802 0.088142 
0.134240 0.041392 0.050145 0.073705 5.892486 6.921352 8.030773 0.075618 
0.063117 0.061589 0.116928 0.061690 0.062962 10.775086 6.363118 0.301016 
1.005700 0.087757 0.118969 0.075565 0.137850 0.109460 12.465735 0.120831 
0.113680 1.919948 0.083148 0.137416 0.084974 0.120033 12.382341 0.119154 
0.113116 0.046204 2.944890 0.087566 0.194312 0.196625 12.266081 0.091536 
0.117865 0.053751 0.042958 3.840937 0.083982 0.084282 12.346102 0.082110 
0.051117 0.049806 0.049726 0.124874 4.857497 0.215023 12.322358 0.195117 
0.074421 0.070642 0.070496 0.095292 0.070605 5.668819 12.452553 0.194383 
0.063510 0.061086 0.063343 0.073086 0.061865 0.060966 14.060410 0.190654 
1.862549 0.061504 0.070383 0.124576 0.053332 0.056524 0.068853 6.669345 
1.220238 2.475901 0.068583 0.115652 0.099141 0.075853 0.159831 8.887873 
0.102863 3.672208 0.114397 0.225988 0.163989 0.169403 0.214372 6.712043 
1.235799 0.077415 3.644233 0.158540 0.167977 0.093981 0.131699 8.934337 
0.137112 2.430234 3.562070 0.083359 0.211593 0.220554 0.177774 8.762614 
0.084646 0.053278 5.483465 0.061576 0.099688 0.393410 0.156609 6.821695 
1.200880 0.082918 0.064466 4.874029 0.057779 0.056135 0.215707 8.892150 
0.139667 2.376850 0.087032 4.993769 0.077296 0.178065 0.096630 8.457233 
0.133789 0.050867 3.532415 4.831938 0.157174 0.186981 0.095087 8.779690 
0.098001 0.065319 0.065960 7.430303 0.195192 0.202723 0.202527 6.288954 
1.229695 0.053683 0.102723 0.093317 6.093019 0.094335 0.142185 8.627651 
0.141655 2.355955 0.088466 0.075901 6.085246 0.181317 0.240522 8.826644 
0.135649 0.057560 3.605724 0.067681 5.965158 0.070501 0.206969 8.717056 
0.132869 0.053036 0.071433 4.711876 5.992355 0.134441 0.064773 8.845685 
0.052795 0.051113 0.230417 0.048389 9.111838 0.205930 0.158624 6.786269 
1.246282 0.073960 0.154486 0.071635 0.205405 6.856984 0.258781 9.091215 
0.139855 2.486004 0.121797 0.047464 0.108519 6.824335 0.112543 8.833059 
0.128495 0.106028 3.601189 0.078000 0.150676 6.860004 0.218166 9.122692 
0.140563 0.060329 0.059556 4.893153 0.058592 6.919553 0.107665 8.841843 
0.060557 0.059070 0.059396 0.150874 6.285153 6.949698 0.172516 8.560477 
0.052977 0.053963 0.052575 0.106805 0.111626 10.772072 0.403958 7.230251 
1.261052 0.071589 0.164213 0.140179 0.086546 0.121728 8.028875 8.975696 
0.147973 2.543222 0.109651 0.087102 0.131099 0.053829 7.674981 8.989910 
0.114912 0.125055 3.627307 0.080642 0.046833 0.033902 8.037117 8.965549 
0.053364 0.053331 0.054719 4.969565 0.150793 0.473661 8.018392 8.778040 
0.059014 0.059089 0.059191 0.307367 6.030899 0.105097 8.078371 9.028373 
0.073180 0.051882 0.111758 0.054954 0.058749 7.181810 8.048526 9.109075 
0.054310 0.050224 0.050735 0.069067 0.050173 0.075090 12.784880 6.696843 
1.010234 0.063605 0.065133 0.095173 0.099597 0.074965 0.089438 14.134197 
0.124844 1.940904 0.073790 0.081404 0.087489 0.067209 0.085704 14.137643 
0.112743 0.047064 2.922113 0.060002 0.160065 0.156790 0.049923 14.049545 
0.119443 0.056478 0.073776 3.884794 0.075364 0.098680 0.119969 14.066146 
0.042948 0.042592 0.042623 0.071275 4.915105 0.129523 0.078679 14.013733 
0.072845 0.077455 0.070791 0.068812 0.089372 5.513581 0.212819 14.325156 
0.050535 0.048469 0.048635 0.167210 0.053284 0.048530 6.523100 14.232131 
0.063722 0.045770 0.046697 0.044694 0.049841 0.046677 0.046727 16.043587 
1.989404 0.436482 0.678234 0.944374 1.048520 1.414140 1.450848 1.590066 
1.402036 2.738108 0.889342 1.283482 1.385057 1.498167 1.724908 2.094204 
0.248259 3.922139 0.776221 0.901374 1.224770 1.074739 1.380720 1.403671 
1.396569 0.605019 4.089887 1.141352 1.390844 1.605003 1.698446 1.958569 
0.362067 2.824141 4.035247 1.074979 1.466117 1.554964 1.527110 2.198466 
0.265739 0.506453 5.847875 0.801888 1.152872 1.221960 1.449339 1.497625 
1.379554 0.521701 0.827013 5.596382 1.334275 1.445900 1.669642 1.996870 
0.330296 2.746917 0.769305 5.426395 1.520082 1.767520 1.847618 1.922335 
0.321726 0.596555 4.198950 5.506816 1.317283 1.721305 1.846686 2.119301 
0.266108 0.448435 0.661377 7.811818 1.107848 1.352206 1.344333 1.659964 
1.428203 0.578681 0.827505 1.191941 6.715543 1.646295 1.834169 1.998524 
0.315778 2.812150 0.808747 1.071457 6.866299 1.431105 2.032429 2.057324 
0.325020 0.605587 4.133437 1.146149 6.715359 1.603558 1.960245 2.079565 
0.283349 0.522125 0.821645 5.498706 6.767725 1.631749 1.575464 2.419560 
0.292287 0.484202 0.748954 0.903723 9.789583 1.231378 1.455684 1.316600 
1.430095 0.618647 0.832790 1.127860 1.492065 7.820637 1.973861 2.225045 
0.352963 2.881555 0.899667 1.217877 1.541825 8.109331 2.028497 1.821754 
0.367505 0.643191 4.311100 1.179996 1.493005 7.859813 1.917045 1.780939 
0.325357 0.619943 0.861926 5.775713 1.353435 7.789049 1.791314 2.068733 
0.263845 0.498976 0.977032 1.083501 7.013877 8.054649 1.912536 2.004764 
0.281591 0.476552 0.801906 0.933609 1.318762 11.621759 1.557289 1.792977 
1.485579 0.599540 0.781361 1.161193 1.563310 1.716160 9.494520 1.853052 
0.325526 2.829623 0.883276 0.989410 1.277767 1.525246 9.469264 1.917184 
0.333518 0.616635 4.291544 1.155492 1.370134 1.799465 9.106014 2.057848 
0.350462 0.614451 0.845854 5.681508 1.359047 1.642377 9.007175 2.041515 
0.314755 0.581278 0.705376 1.302222 7.088534 1.642675 9.272425 2.009077 
0.331378 0.536952 1.070583 1.093965 1.486182 8.392140 9.287323 2.374470 
0.234119 0.436012 0.497920 0.982453 1.173391 1.661497 13.640972 1.750713 
1.458047 0.671450 0.883331 1.192437 1.493867 1.764495 1.873874 10.536805 
0.384815 2.979463 0.947072 1.062937 1.431385 1.925155 2.270558 10.157061 
0.319693 0.669075 4.184294 1.162793 1.340220 1.348537 1.964253 10.511765 
0.350509 0.623248 0.801864 5.751121 1.406501 1.636753 1.596585 10.283048 
0.323387 0.524047 1.038668 1.378755 6.973893 1.833156 1.846573 10.507078 
0.335999 0.556215 0.914690 1.271792 1.508659 8.225869 2.006144 10.785133 
0.361131 0.573195 1.008936 1.271006 1.437608 1.788547 9.656419 11.063308 
0.291784 0.445036 0.892467 1.012284 1.102141 1.408865 1.506694 15.585317 
