2.308740 2.379560 1.000317 1.000467 1.001163 1.001053 1.000968 1.001094 1.001230 0.999909 
2.279689 2.348939 1.133379 1.000473 1.000623 1.001064 1.000982 1.001109 1.002170 0.999870 
1.156283 4.684784 1.000390 1.000415 1.000538 1.000767 1.000936 1.001567 1.001089 1.000160 
2.224974 1.000136 3.319343 1.000710 1.000909 1.001221 1.001556 1.001646 1.001806 0.999925 
1.265047 2.613648 3.780696 1.000446 1.000609 1.000782 1.001072 1.001114 1.001186 1.000089 
0.956498 2.143821 3.253632 1.119407 1.172630 1.229113 1.289127 1.353007 1.419877 4.000193 
1.124388 0.999791 6.620590 1.000741 1.001051 1.001322 1.001508 1.002080 1.002428 1.001087 
2.170167 1.000027 1.000138 4.314920 1.000584 1.000813 1.000903 1.001007 1.001157 0.999881 
1.252145 2.544422 1.000118 4.896515 1.000854 1.001061 1.001391 1.001485 1.001585 0.999877 
1.314722 2.813861 1.001256 4.021805 1.066123 1.007412 1.008891 1.010323 1.011732 0.998599 
1.213341 0.999847 3.570060 4.714219 1.000789 1.001018 1.001209 1.001742 1.001987 0.999824 
1.106158 0.999881 0.999893 8.571262 1.000674 1.000770 1.001010 1.001581 1.001083 1.000014 
2.139017 1.000017 1.000098 1.000196 5.300743 1.000683 1.000806 1.000786 1.000907 0.999919 
2.123566 1.000018 1.000109 1.000177 5.242568 1.000767 1.189701 1.000920 1.001060 0.999900 
1.243158 2.490850 1.000132 1.000743 6.048621 1.001227 1.001461 1.001646 1.001806 0.999840 
0.960188 2.349520 1.008349 1.034794 5.832587 1.278742 1.353237 1.422578 1.500929 0.978304 
1.201705 0.999846 3.529669 1.000214 5.768840 1.001069 1.001376 1.001357 1.002000 0.999956 
1.165120 0.999829 0.999840 4.565627 5.710949 1.001175 1.001491 1.001565 1.001881 0.999815 
1.085125 0.999771 0.999835 0.999795 10.567310 1.001325 1.001550 1.002060 1.002019 0.999750 
1.023225 0.998143 1.002939 0.998131 10.467348 1.009543 1.011883 1.013258 1.015185 1.713037 
2.122081 1.000084 1.000415 1.000796 1.001110 6.243989 1.003817 1.004240 1.004823 0.999440 
1.227410 2.480498 1.000077 1.000154 1.000236 7.187956 1.000989 1.001148 1.001462 0.999870 
1.145570 2.088157 1.316942 1.027865 1.153301 6.810160 1.211222 1.251939 1.294113 0.966746 
1.183845 0.999761 3.467823 1.000325 1.000498 6.950785 1.001944 1.002192 1.002456 0.999746 
1.156851 0.999545 0.999596 4.504136 1.000938 6.785472 1.003604 1.003906 1.004388 0.999487 
1.128838 0.998529 0.998639 0.998750 5.577642 6.687074 1.010203 1.011933 1.013626 0.998540 
1.125276 0.998135 0.998271 1.010893 5.573088 6.682811 1.013151 1.015046 1.017191 0.998090 
1.022891 0.973502 0.974252 0.975021 0.975815 12.153185 1.162422 1.192527 1.223546 0.972067 
1.011057 0.945503 0.947805 0.950239 0.952820 11.441279 1.330799 1.397321 1.469804 0.941285 
2.101125 1.000021 1.000187 1.000212 1.000295 1.000520 7.284360 1.001141 1.001906 1.000073 
1.230315 2.459856 1.000043 1.000093 1.000158 1.000588 8.273199 1.001322 1.000948 1.000047 
0.966022 2.197123 0.999725 1.018205 1.036604 1.056711 7.344842 1.307506 1.336709 3.846555 
1.181206 0.999679 3.487837 1.000411 1.000622 1.000839 7.911645 1.002879 1.003218 1.000380 
1.180911 0.999251 3.488253 1.000948 1.001424 1.001900 7.894129 1.006537 1.007402 0.999857 
1.156168 0.999793 0.999815 4.463270 1.000394 1.000639 7.837993 1.001727 1.002005 0.999787 
1.067889 0.968967 0.970872 0.973032 5.324580 1.069255 7.503075 1.237869 1.277290 0.965482 
0.982316 0.920235 0.923705 0.927517 0.931592 6.089778 7.129065 1.571826 1.687845 0.914106 
0.980870 0.926300 0.929031 0.931969 0.935164 0.938575 13.334558 1.525244 1.628505 0.921718 
0.990307 0.947444 0.948842 0.950316 0.951889 0.953514 13.817800 1.373770 1.441073 0.944897 
2.088486 1.000010 1.000130 1.000131 1.000173 1.000279 1.000351 8.286994 1.001210 1.000050 
1.203092 2.473682 1.000122 1.000264 1.000432 1.000588 1.000778 9.468413 1.002387 0.999767 
1.221496 2.640442 1.005937 1.011237 1.016686 1.022174 1.027756 8.230252 1.079164 1.009074 
1.156431 0.999878 3.429219 1.000149 1.000208 1.000421 1.000413 9.264319 1.002080 0.999882 
1.043364 0.982549 3.459018 1.014779 1.023549 1.032457 1.041490 9.452404 1.149338 0.982713 
1.145531 0.999653 0.999682 4.471266 1.000629 1.000898 1.001154 8.879591 1.003294 0.999817 
0.999533 0.923593 0.927700 0.932157 5.053011 1.157907 1.210441 8.213170 1.669411 0.916393 
0.787851 0.789414 0.810856 1.072826 3.896609 1.287630 1.441114 8.059162 2.697472 0.793305 
0.935077 0.874887 0.881110 0.888186 0.896195 5.857467 1.334837 7.842065 2.082683 0.864685 
0.891651 0.839244 0.847105 0.856347 0.867155 0.879769 6.837809 7.760207 2.383979 0.827286 
0.850863 0.868302 1.092826 0.878984 0.890243 0.903145 6.946346 7.662679 2.221680 0.866118 
0.932495 0.858943 0.868334 0.879214 0.891761 0.906185 0.922695 14.441910 2.248386 0.844288 
0.891339 0.817044 0.831800 0.849643 0.871096 0.896719 0.927199 13.681416 2.639587 0.795387 
2.187986 1.000059 1.000226 1.000418 1.000520 1.000715 1.000860 1.000990 8.295358 0.999740 
2.220364 1.000284 1.001050 1.001794 1.002545 1.003343 1.004091 1.004824 7.956591 0.998772 
1.255183 2.578301 1.000107 1.000195 1.000428 1.000417 1.000487 1.000574 9.593030 0.999886 
0.934150 1.997555 0.992031 1.029113 1.080163 1.254970 1.341847 1.568753 10.303114 1.577714 
1.225147 0.999871 3.627379 1.000222 1.000297 1.000405 1.000512 1.000629 9.084759 0.999906 
1.081959 0.939580 0.945956 4.298362 1.116066 1.162131 1.211318 1.263937 8.423724 0.928130 
0.993408 0.876523 0.889914 3.589548 1.185437 1.298695 1.394505 1.519970 8.548459 0.854854 
0.858411 0.802535 0.814622 0.829411 4.702707 1.426845 1.624165 1.859771 7.533114 0.800859 
0.892174 0.856030 0.943665 0.874580 5.379396 1.334614 1.461788 1.606532 7.548743 0.865076 
0.779026 0.731075 0.750231 0.775248 0.807579 5.383294 1.813995 2.190713 7.232140 0.835720 
0.719899 0.673794 0.704389 0.746789 0.804568 0.890074 6.308627 2.476376 7.101382 0.785268 
0.773849 0.717070 0.744001 0.779846 0.827058 0.888623 6.795129 2.326422 6.892659 0.832808 
0.711392 0.661706 0.704386 0.759325 0.835087 0.937187 1.078967 7.623337 7.473269 0.795640 
0.919619 0.829247 0.845854 0.869922 0.892929 0.945537 0.955945 7.219369 9.351452 1.075419 
0.258382 0.271870 0.329596 0.516620 0.577853 0.870020 3.475418 4.099958 6.785572 0.829139 
0.737353 0.677291 0.721771 0.785243 0.866772 0.980806 1.134947 1.376767 14.274144 0.635709 
0.062652 0.072316 0.110293 0.180680 0.353181 0.733756 1.556679 4.107232 8.798971 0.733639 
2.531356 1.000122 1.000220 1.000308 1.000424 1.000613 1.000807 1.000773 1.000901 5.674973 
2.403253 1.017431 1.024007 1.001695 1.002273 1.002907 1.003600 1.417943 1.004916 6.228233 
1.461193 2.997638 1.000195 1.000260 1.000508 1.000506 1.000576 1.001127 1.000748 6.389765 
1.418422 0.999897 4.177387 1.000493 1.000611 1.000760 1.001007 1.001060 1.001179 6.211211 
1.361794 0.992979 3.802709 1.495945 1.029516 1.037932 1.046537 1.055045 1.063714 6.177297 
0.926022 1.936209 2.838286 1.154494 1.235806 1.325133 1.423140 1.533245 1.647782 4.555215 
1.395708 0.999915 0.999958 5.400861 1.000463 1.000605 1.000798 1.000986 1.001194 6.031256 
0.930093 1.941319 0.986657 3.752363 1.228078 1.313900 1.404795 1.505535 1.614518 4.469427 
0.940853 0.989417 2.864471 3.826538 1.164151 1.217649 1.275037 1.335965 1.402031 4.571228 
0.943504 0.991026 2.883605 3.850357 1.158194 1.209155 1.263845 1.321715 1.384374 4.573999 
1.355108 0.999747 0.999843 0.999891 6.700645 1.001554 1.001751 1.002165 1.002686 6.027013 
1.101907 0.964126 1.504473 0.985889 6.091464 1.142270 1.178316 1.216347 1.255161 5.982956 
0.933798 1.954101 0.987474 1.018501 4.666319 1.296861 1.386836 1.477173 1.578549 4.595355 
1.347479 0.999875 0.999908 0.999942 1.000012 7.949336 1.000972 1.001033 1.001134 5.934391 
1.274896 0.973396 0.980040 0.986945 0.994141 7.368458 1.157711 1.227915 1.224841 5.974342 
0.935783 1.962628 0.988375 1.020041 1.056718 5.595204 1.386837 1.481392 1.581995 4.563657 
0.937422 1.975951 0.989311 1.020484 1.056584 5.596333 1.379790 1.472017 1.569941 4.565554 
0.954363 0.986654 2.906538 1.016874 1.034472 5.864257 1.204398 1.246941 1.291096 4.677538 
1.212192 0.952409 0.963075 0.974452 0.986612 0.999528 8.644959 1.330009 1.394956 5.597615 
1.243664 0.969172 0.975246 0.982760 0.999278 0.999122 8.842866 1.235634 1.356995 5.619075 
1.058097 0.873115 0.899764 0.930968 0.967346 1.009566 1.058440 9.221068 2.019367 5.177377 
1.439345 0.999538 0.999755 0.999900 1.000095 1.000294 1.296607 9.384877 1.004977 5.674281 
0.914204 1.909604 0.985081 1.028428 1.076938 1.130929 1.191895 7.381026 1.767940 4.326732 
0.846978 0.735494 0.799585 0.886861 1.004136 1.160184 1.366023 1.635505 8.460858 4.859992 
0.911378 1.958392 0.990599 1.040551 1.094230 1.155658 1.224113 1.300529 7.939314 4.511415 
0.928859 2.070223 0.997840 1.040025 1.084269 1.134140 1.188696 1.248581 7.961749 4.532991 
0.924390 0.974832 2.912126 1.035882 1.070940 1.106876 1.148190 1.189817 7.978858 4.579839 
0.168854 0.179126 0.221061 0.346318 0.448579 0.751490 1.343740 4.642580 6.400928 3.601922 
0.146265 0.158795 0.211731 0.271855 0.428754 0.750916 1.394710 2.662405 8.834446 3.154345 
0.264160 0.283869 0.369827 0.405684 0.546772 0.812124 1.289945 2.138229 9.850394 3.271981 
1.692617 0.999960 1.000023 1.000062 1.000120 1.000251 1.000230 1.000252 1.000321 14.068182 
0.100460 0.108489 0.140072 0.187410 0.304745 0.554905 1.075399 2.142228 6.247223 7.604358 
0.349949 0.350641 0.399601 0.565345 0.546322 0.715404 0.976687 1.420093 7.895058 7.853688 
0.032896 0.032897 0.032901 0.032909 0.032928 0.032972 0.033068 0.033279 0.033734 20.030976 
2.653248 1.000219 1.000507 1.000788 1.027600 1.343424 1.395465 1.735365 1.693721 1.571020 
1.493072 3.035717 1.001077 1.001648 1.229327 1.440163 1.696186 1.961580 1.760107 1.625841 
1.426614 0.981752 4.201917 1.074339 1.106995 1.349184 1.584196 1.808307 1.643399 1.598088 
0.812470 0.990378 3.526552 1.335964 1.438433 1.651146 1.903385 2.220640 2.552846 1.306029 
0.920809 1.919541 2.891460 1.170052 1.259921 1.359190 1.468753 1.589624 1.721719 3.946525 
1.359130 0.960370 0.978161 5.347531 1.219832 1.291106 1.486693 1.674551 1.618110 1.561676 
0.916461 1.885377 0.982115 3.740442 1.271226 1.376225 1.492497 1.620827 1.762440 3.785379 
0.918529 0.970639 2.754072 4.026302 1.224351 1.301919 1.387367 1.475722 1.573314 3.377661 
1.353158 0.957000 0.976622 1.007758 6.602391 1.318333 1.463705 1.670373 1.602607 1.549703 
1.322898 0.947116 0.970743 0.996780 1.024907 7.889769 1.483100 1.643933 1.726060 1.550378 
0.913895 1.894733 0.983516 1.025465 1.074747 5.472949 1.502891 1.634609 1.781111 3.940641 
0.817047 0.918737 2.530287 1.079899 1.176429 4.875291 1.870281 2.148253 2.471794 1.276257 
0.798452 0.810000 0.978742 3.125372 1.162956 4.982215 1.915686 2.219610 2.576801 1.251332 
0.764652 0.766545 0.790246 1.046792 3.772840 4.708917 2.015971 2.385379 2.831346 1.260485 
1.318611 0.944667 0.969671 0.997164 1.048739 1.265763 9.114553 1.627580 1.760380 1.547835 
0.924757 1.917806 0.985100 1.053777 1.061961 1.105812 6.940341 1.566495 1.691043 3.793641 
0.796490 0.899061 2.337442 1.060919 1.168506 1.298081 6.098541 2.259120 2.636583 1.263698 
0.761355 0.776013 0.959618 2.971017 1.188142 1.343698 5.673274 2.409201 2.868017 1.227464 
0.728786 0.731530 0.761805 1.038084 3.598341 1.354478 5.545264 2.558651 3.110697 1.227956 
0.787377 0.782288 0.968915 0.818413 4.023275 1.319525 5.869816 2.304691 2.706982 1.279923 
0.702058 0.702556 0.710850 0.772739 1.144983 4.460426 5.410956 2.676679 3.312481 1.242615 
1.323164 0.948296 0.971041 0.995919 1.023242 1.237819 1.456256 10.617853 1.705573 1.552429 
0.907419 1.881278 0.982660 1.029348 1.080930 1.139424 1.204602 7.711691 1.848686 3.772270 
0.757058 0.870309 2.230922 1.075098 1.216417 1.391892 1.608446 6.588130 2.966134 1.252898 
0.740119 0.757018 0.953469 2.929041 1.212263 1.392508 1.616409 6.653025 3.037711 1.199259 
0.681095 0.685413 0.724515 1.026189 3.414956 1.422737 1.711089 6.363975 3.472322 1.257326 
0.648465 0.650629 0.670669 0.817553 1.036359 4.271592 1.743921 6.323582 3.720994 1.243098 
0.711670 0.713021 0.726258 0.850038 1.096025 4.796431 1.653750 6.531676 3.231002 1.307339 
0.608740 0.610467 0.623059 0.707090 0.872415 1.094662 5.329149 6.332441 4.013808 1.280372 
0.628242 0.629701 0.641029 0.721044 0.997620 1.201541 1.301234 10.920274 3.878711 1.208459 
1.332858 0.932230 0.974279 1.023116 1.092566 1.301651 1.469573 1.747664 10.187519 1.531505 
0.897800 1.926669 0.990689 1.051245 1.130361 1.196485 1.306251 1.386030 8.455281 3.253485 
0.869720 1.775289 0.975082 1.045153 1.138813 1.224721 1.357752 1.469075 8.438798 3.214719 
0.701643 0.831678 2.067804 1.090581 1.283920 1.536718 1.858481 2.274581 6.830423 1.152506 
0.598088 0.628871 0.856514 2.327312 1.289260 1.640880 2.127837 2.795377 5.935313 1.129089 
0.524314 0.537756 0.622467 0.892257 2.697221 1.600141 2.175227 3.005413 6.178942 1.253360 
0.480789 0.488470 0.530364 0.744075 0.942235 3.583263 2.203556 3.143924 6.295643 1.226157 
0.567393 0.572642 0.606660 0.814051 1.141578 4.771357 2.300131 3.585079 4.351617 1.161540 
0.414331 0.422951 0.468427 0.667474 0.882025 0.883662 4.834295 3.393581 6.257691 1.240449 
0.271579 0.283312 0.331932 0.499199 0.697445 0.888353 1.412260 6.343785 6.548170 1.229162 
0.297376 0.309216 0.362302 0.528919 0.731043 0.891709 1.373503 2.203415 11.391501 1.206622 
1.593276 0.971668 1.021541 1.076890 1.155997 1.409600 1.782638 2.126403 2.004554 7.002411 
0.914403 2.448648 1.060899 1.154563 1.262664 1.385323 1.525951 1.685255 1.866491 5.865655 
0.934402 1.958153 0.988092 1.020489 1.058022 5.563410 1.393659 1.490495 1.593728 4.561811 
0.826542 0.962013 3.191425 1.164601 1.293832 1.445341 1.622480 1.828161 2.066544 5.477616 
0.995347 1.024600 3.045612 1.004207 1.095109 5.667884 1.042977 1.050826 1.058772 5.642696 
0.790747 0.807297 1.040304 3.966096 1.311115 1.488946 1.701281 1.954285 2.253376 5.322672 
0.748791 0.752435 0.795132 1.136237 4.732701 1.535219 1.798364 2.120879 2.514578 5.144160 
0.699462 0.701177 0.718067 0.861830 1.178332 5.572064 1.883786 2.292163 2.808388 5.113236 
0.644528 0.645292 0.651416 0.695417 0.990187 1.256930 6.690356 2.461995 3.131234 5.103342 
0.557043 0.558786 0.568399 0.628663 0.900906 1.073741 1.169362 8.015235 3.626938 5.165496 
0.288371 0.298529 0.343085 0.482457 0.657788 0.809212 1.228718 1.964884 8.614374 5.158038 
0.432796 0.442353 0.495465 0.721322 0.979961 1.159070 1.363611 1.922385 2.777322 11.276665 
