2.378748 0.378972 0.379163 0.381334 0.379142 0.379160 0.383940 0.380116 
2.219204 1.809043 0.356265 0.356779 0.358944 0.357168 0.361730 0.357224 
1.202631 3.875689 0.303212 0.304029 0.303744 0.307804 0.308793 0.306521 
0.257803 4.257723 0.258047 0.258116 0.259288 0.257966 0.263031 0.258093 
2.237801 0.356313 2.387182 0.357534 0.356754 0.361916 0.358325 0.359017 
1.593847 2.554954 3.414066 0.305434 0.306729 0.306602 0.310461 0.305266 
0.259282 3.930717 2.635675 0.258684 0.258556 0.258206 0.263514 0.270742 
1.291142 0.305720 5.526559 0.306546 0.308701 0.306083 0.310884 0.305973 
0.208686 2.096569 5.498182 0.209630 0.211996 0.209306 0.213967 0.209352 
0.163216 0.165098 6.163176 0.168574 0.164299 0.191770 0.164237 0.167669 
2.253803 0.361547 0.363037 2.949998 0.362284 0.362802 0.361744 0.362860 
1.614215 2.670897 0.307871 4.094108 0.307824 0.307984 0.313647 0.307773 
0.255689 3.989489 0.255663 3.124419 0.256280 0.256555 0.260203 0.283774 
1.675484 0.309057 3.562719 4.177529 0.304088 0.306467 0.310868 0.304021 
0.208623 2.739185 3.675798 4.332920 0.210940 0.214742 0.213915 0.209572 
0.161905 0.163650 5.663272 3.354934 0.162976 0.164817 0.167988 0.166389 
1.386662 0.304923 0.305722 7.033334 0.305686 0.305216 0.310678 0.305943 
0.206651 2.290001 0.209080 7.035618 0.209871 0.207889 0.217693 0.217549 
0.112599 0.112695 2.995067 7.128929 0.116763 0.121883 0.123635 0.134715 
0.064746 0.064747 0.077804 8.064723 0.071286 0.066117 0.075632 0.068714 
2.260840 0.361453 0.361673 0.362800 3.489733 0.361630 0.367128 0.362426 
1.627141 2.646547 0.304582 0.304531 4.990819 0.304403 0.309614 0.304378 
0.258147 3.989860 0.258763 0.258682 3.857350 0.258961 0.268611 0.258112 
1.681892 0.304479 3.585121 0.304907 5.064406 0.304805 0.311370 0.304625 
0.210267 2.780516 3.663197 0.212210 5.268397 0.211062 0.216396 0.213858 
0.157374 0.161426 5.696883 0.157930 3.999299 0.158502 0.172396 0.159215 
1.728491 0.304665 0.304778 4.344581 5.183182 0.304927 0.309171 0.305055 
0.211394 2.892337 0.211840 4.513745 5.324887 0.214451 0.220105 0.215423 
0.114929 0.115460 3.871731 4.582225 5.556378 0.116392 0.130001 0.114972 
0.071740 0.071740 0.071882 7.296954 4.364945 0.081160 0.074390 0.074613 
1.424992 0.306587 0.306549 0.306942 8.596511 0.307875 0.308348 0.306975 
0.208915 2.349346 0.212469 0.209353 8.656420 0.209712 0.215040 0.210040 
0.112674 0.112936 3.117222 0.121061 8.768537 0.114033 0.123484 0.112709 
0.030734 0.030734 0.030772 3.743063 8.888852 0.036661 0.052585 0.042810 
0.028328 0.028328 0.028390 0.028470 10.028323 0.036069 0.030726 0.039873 
2.259282 0.359075 0.358736 0.359403 0.359368 4.093903 0.365148 0.387249 
1.626484 2.645646 0.304182 0.304621 0.311310 5.930754 0.307550 0.305137 
0.258480 4.003364 0.258900 0.259412 0.258846 4.475063 0.270713 0.260402 
1.665019 0.304979 3.574498 0.305647 0.306335 6.190295 0.305193 0.305349 
0.209725 2.768638 3.667714 0.210440 0.215452 6.311720 0.218457 0.238754 
0.161916 0.167818 5.674834 0.164005 0.166786 4.890730 0.162009 0.164926 
1.715396 0.304584 0.304745 4.360419 0.305394 6.248638 0.317696 0.307834 
0.208734 2.870767 0.209159 4.463096 0.208896 6.492468 0.212802 0.219625 
0.110303 0.110403 3.823878 4.592729 0.117059 6.715492 0.114350 0.161919 
0.074150 0.074257 0.075154 7.276250 0.077620 5.298234 0.079370 0.094772 
1.727347 0.303833 0.303622 0.303754 5.171510 6.375016 0.305180 0.303673 
0.209392 2.873458 0.209834 0.210850 5.442319 6.587645 0.212315 0.214003 
0.118907 0.121456 3.912248 0.118870 5.603526 6.684891 0.129482 0.130112 
0.031097 0.031165 0.031685 4.762996 5.709648 6.900272 0.036342 0.033865 
0.028420 0.028442 0.029263 0.029241 8.965961 5.411070 0.047555 0.031877 
1.389143 0.305224 0.304623 0.305103 0.305535 10.386860 0.306647 0.307675 
0.207989 2.318245 0.207967 0.208203 0.212022 10.401815 0.225651 0.219436 
0.110303 0.112438 3.037061 0.115648 0.113017 10.585677 0.156665 0.129593 
0.025692 0.025692 0.025715 3.654431 0.030226 10.720201 0.025943 0.026728 
0.033889 0.033902 0.033890 0.033984 4.501163 10.769921 0.042267 0.048187 
0.029304 0.029370 0.029507 0.037290 0.029958 12.029286 0.031947 0.030479 
2.255327 0.360552 0.360772 0.360575 0.363897 0.363061 4.837124 0.363796 
1.624725 2.619064 0.304602 0.305053 0.307801 0.305394 7.006482 0.305553 
0.257927 4.001869 0.257909 0.258468 0.258273 0.258843 5.185850 0.261293 
1.661653 0.304828 3.590844 0.305486 0.308334 0.305303 7.160706 0.308275 
0.208011 2.776247 3.641157 0.209924 0.210620 0.208252 7.350400 0.212111 
0.160626 0.162579 5.676013 0.165507 0.163317 0.161859 5.672661 0.164953 
1.711780 0.303765 0.303916 4.358767 0.308128 0.304581 7.267545 0.307227 
0.208761 2.864723 0.208284 4.474147 0.211021 0.208781 7.544009 0.213119 
0.110755 0.116698 3.851716 4.620105 0.117321 0.117331 7.693785 0.114900 
0.070704 0.070723 0.071748 7.294493 0.071569 0.091562 6.086370 0.082266 
1.719490 0.306442 0.307656 0.306076 5.338122 0.307217 7.266622 0.305957 
0.207507 2.883367 0.207706 0.209590 5.436691 0.207326 7.600283 0.211309 
0.109833 0.112820 3.861380 0.111985 5.620487 0.110930 7.846115 0.162122 
0.033381 0.033393 0.033948 4.797446 5.689391 0.041669 8.020300 0.036864 
0.031010 0.031010 0.031094 0.031104 8.989708 0.041416 6.251422 0.042555 
1.722522 0.306857 0.305722 0.306539 0.305722 6.339065 7.240772 0.307068 
0.208530 2.919272 0.210968 0.208818 0.208736 6.462725 7.470116 0.210577 
0.109628 0.109699 3.919444 0.151564 0.113719 6.666839 7.754631 0.114173 
0.038641 0.038693 0.039252 4.813362 0.048227 6.851496 7.976166 0.041558 
0.047542 0.047551 0.048156 0.115543 5.789253 6.989377 8.157056 0.051772 
0.025604 0.025687 0.025739 0.032934 0.025586 10.764586 6.272825 0.038271 
1.393525 0.306466 0.306823 0.306970 0.306391 0.306419 12.057225 0.308223 
0.208102 2.333894 0.208456 0.209241 0.216772 0.209978 12.066977 0.219548 
0.113524 0.114744 3.054683 0.116513 0.116981 0.113715 12.315957 0.117948 
0.030524 0.030524 0.030557 3.705401 0.037915 0.055836 12.465979 0.049848 
0.038511 0.038540 0.047312 0.038528 4.542159 0.047948 12.538276 0.069605 
0.028379 0.028435 0.031361 0.028381 0.028377 5.487239 12.495920 0.031294 
0.027134 0.027134 0.027136 0.030284 0.029013 0.030705 14.027115 0.051238 
2.242348 0.355348 0.355528 0.357577 0.355537 0.355432 0.360036 5.652312 
1.643369 2.589125 0.305281 0.304862 0.305664 0.306094 0.306244 7.910700 
0.255579 3.984122 0.255807 0.255761 0.256962 0.256747 0.260508 6.048490 
1.670064 0.304714 3.585418 0.305333 0.306074 0.304635 0.305079 8.058260 
0.213378 2.796691 3.643094 0.217822 0.213632 0.214277 0.215527 8.309466 
0.162799 0.165173 5.673636 0.163622 0.163773 0.163516 0.176360 6.490497 
1.690519 0.304628 0.304575 4.458488 0.308780 0.305249 0.305105 8.304846 
0.208517 2.858613 0.208545 4.494048 0.210411 0.208985 0.212961 8.584003 
0.108778 0.111845 3.875017 4.598178 0.114329 0.109938 0.117913 8.740841 
0.071423 0.071423 0.071476 7.285500 0.085607 0.078049 0.099635 6.987114 
1.723207 0.304522 0.303625 0.305987 5.278902 0.303797 0.305103 8.278750 
0.211617 2.893956 0.211560 0.213634 5.446786 0.212554 0.216192 8.619955 
0.117234 0.119526 3.898234 0.117510 5.591104 0.134596 0.134676 8.926156 
0.031897 0.031911 0.032006 4.728481 5.760606 0.037515 0.039104 9.183604 
0.028779 0.029082 0.038864 0.035281 8.977631 0.038953 0.033735 7.169418 
1.711662 0.304971 0.304815 0.305522 0.305410 6.295946 0.309981 8.399147 
0.207218 2.841446 0.207563 0.207382 0.207003 6.597049 0.209202 8.713504 
0.110838 0.111883 3.901198 0.125580 0.112098 6.753086 0.136947 8.794110 
0.038352 0.038506 0.039512 4.827426 0.058336 6.873461 0.045505 9.049498 
0.027803 0.027803 0.033723 0.031738 5.772717 7.013333 0.034971 9.234208 
0.033079 0.033353 0.038116 0.035800 0.033783 10.771942 0.049622 7.173106 
1.725490 0.304491 0.305070 0.304398 0.307240 0.304813 7.285005 8.237698 
0.209598 2.864188 0.210051 0.209860 0.209716 0.210297 7.653856 8.626923 
0.114022 0.115389 3.914945 0.118313 0.119173 0.114697 7.833442 8.799312 
0.036682 0.036687 0.036734 4.778951 0.037400 0.041044 8.042510 9.110257 
0.033689 0.036678 0.036837 0.037387 5.815650 0.040090 8.149510 9.219146 
0.042640 0.042798 0.050664 0.049745 0.042438 6.972927 8.166520 9.229628 
0.027512 0.027941 0.027498 0.029385 0.027596 0.033532 12.547992 7.186107 
1.414523 0.306480 0.306370 0.306744 0.306624 0.306623 0.308773 13.625448 
0.209300 2.277678 0.209734 0.210500 0.209551 0.209937 0.213771 13.904078 
0.114794 0.115830 3.087580 0.118113 0.115695 0.115570 0.117102 14.012764 
0.033711 0.033766 0.034246 3.765995 0.034278 0.037135 0.048504 14.185740 
0.035475 0.037078 0.035587 0.046610 4.526317 0.035420 0.043327 14.331159 
0.025810 0.026098 0.025903 0.025819 0.027063 5.442005 0.034116 14.303357 
0.038570 0.040401 0.039272 0.038760 0.038467 0.048800 6.324566 14.334906 
0.025702 0.025954 0.026085 0.026499 0.028585 0.025825 0.025665 16.025657 
2.356997 0.457352 0.371077 0.369759 1.205814 0.371103 0.464275 1.332018 
1.819406 2.853330 0.664499 0.677265 1.147876 1.024108 1.442641 1.741030 
0.366738 4.227980 0.662856 0.662020 0.939869 1.014044 1.437704 1.613683 
1.829428 0.594915 4.251485 0.735440 1.014801 1.524814 1.799896 2.115276 
0.343286 3.104400 4.094631 0.991262 1.273632 1.418152 1.682442 1.946551 
0.322591 0.754215 5.998045 0.956038 1.269748 1.428113 1.732373 1.956885 
1.863492 0.408676 1.000554 5.046640 1.393580 1.614903 1.578093 1.915238 
0.417051 3.218332 0.897865 5.060257 1.288280 1.572837 1.657706 2.066907 
0.424927 0.673493 4.495868 5.202626 1.553280 1.477872 1.718737 2.009186 
0.366975 0.554521 0.761964 7.941437 1.002492 0.910575 1.697199 1.785161 
1.892875 0.646048 0.924326 1.071469 5.947269 1.460076 1.770604 2.058582 
0.426596 3.246285 0.923598 1.030071 6.185846 1.426968 1.784583 1.812472 
0.438225 0.722671 4.592112 1.050582 6.492408 1.586230 1.811352 2.117723 
0.470956 0.762218 0.955155 5.647497 6.732374 1.718064 1.928230 2.186665 
0.351656 0.486253 0.824560 0.807122 9.864756 1.367363 1.689546 1.577463 
1.893273 0.648103 0.876519 1.025092 1.335365 7.174058 1.972509 2.281110 
0.412227 3.232193 0.917544 1.016320 1.235777 7.421794 1.721107 2.021561 
0.429092 0.677623 4.463571 1.091854 1.318082 7.770861 1.933222 2.059794 
0.439100 0.711484 0.892222 5.648391 1.307855 8.117752 1.916173 2.055219 
0.404511 0.647190 1.034762 1.077655 6.872565 8.215760 1.496778 1.824134 
0.379890 0.616353 0.808197 0.955195 1.113866 11.712858 1.534693 1.701034 
1.841098 0.363076 1.043560 1.110674 1.335606 1.586428 8.660083 2.200969 
0.404980 3.248188 0.946422 1.013507 1.239218 1.489074 8.559777 2.159121 
0.429182 0.697409 4.531713 1.056082 1.253481 1.555121 8.966605 2.078297 
0.456011 0.746495 0.931277 5.666173 1.351985 1.651598 9.359711 2.149571 
0.415159 0.728012 0.936862 1.084815 6.789472 1.583675 9.591543 2.128272 
0.435130 0.750711 0.998089 1.201016 1.371148 8.131248 9.475878 2.206603 
0.401130 0.558726 0.713455 0.847909 1.243567 1.402786 13.770156 1.600415 
1.908490 0.626247 0.876688 0.986689 1.340315 1.408843 1.687383 9.349395 
0.415393 3.234024 0.899082 1.049236 1.258901 1.523763 1.732097 9.855548 
0.413673 0.703722 4.497077 1.099291 1.300089 1.526472 1.783122 10.239879 
0.387395 0.679358 0.921694 5.618181 1.280277 1.573598 1.875830 10.697864 
0.447388 0.713198 0.972063 1.122631 6.839314 1.614698 1.709447 10.791196 
0.484820 0.733242 0.986490 1.144722 1.387370 8.345850 1.591745 10.790033 
0.444900 0.703254 0.925924 1.095097 1.324670 1.744501 9.453362 10.838748 
0.368917 0.583640 0.781572 0.859283 1.128691 1.356491 1.492849 15.544215 
