2.334170 2.327386 1.000674 1.000684 1.001186 1.001132 1.001816 1.001613 1.001850 0.999866 
1.163238 4.669094 1.000512 1.000775 1.001187 1.001247 1.001771 1.001875 1.001975 0.999780 
2.221352 1.000111 3.331091 1.000612 1.000749 1.000983 1.001556 1.001555 1.001459 0.999834 
1.277868 2.567616 3.808190 1.000720 1.001312 1.001616 1.001937 1.003114 1.002256 0.999834 
1.118227 0.999830 6.640640 1.000636 1.000804 1.001168 1.001630 1.001369 1.001574 0.999832 
2.167127 1.000076 1.000199 4.323628 1.001066 1.001333 1.001591 1.001900 1.002082 0.999815 
1.252217 2.501070 1.000365 4.979260 1.001498 1.001594 1.002068 1.002476 1.002482 0.999694 
1.201416 0.999819 3.562194 4.771119 1.001228 1.001805 1.001385 1.001877 1.001830 0.999788 
1.088879 0.999793 0.999820 8.638034 1.001448 1.001204 1.001434 1.001719 1.001875 0.999842 
1.021136 1.135349 0.999854 8.639011 1.001271 1.001004 1.001194 1.001441 1.001521 0.999885 
2.138496 1.000085 1.000254 1.000486 5.294840 1.001962 1.002132 1.002742 1.002807 0.999742 
2.013453 1.034184 1.013588 1.026031 5.103568 1.106351 1.129454 1.153299 1.177124 0.977952 
1.240418 2.464686 1.000167 1.000269 6.126745 1.001411 1.001737 1.002066 1.002208 0.999735 
1.178871 0.999762 3.520889 1.000342 5.894614 1.001559 1.002120 1.002193 1.002380 0.999713 
1.177832 0.999082 3.513451 1.001255 5.884793 1.005679 1.007069 1.011206 1.008998 0.998886 
1.150730 0.999835 0.999814 4.605601 5.731055 1.001420 1.002162 1.002636 1.002002 0.999767 
1.261292 0.989038 0.987522 4.219203 4.934256 1.105516 1.260710 1.153699 1.177834 0.977864 
1.074299 0.999826 0.999832 0.999841 10.623306 1.001011 1.001170 1.001407 1.001545 0.999828 
2.115547 1.000055 1.000147 1.000252 1.000338 6.299031 1.001259 1.001580 1.001491 0.999854 
2.103876 1.000034 1.021308 1.000268 1.000362 6.326266 1.001347 1.001683 1.001611 0.999840 
1.226987 2.450253 1.000136 1.000224 1.000316 7.278830 1.001617 1.001611 1.001757 0.999802 
1.168519 0.999728 3.495321 1.000357 1.000509 6.986955 1.002053 1.002382 1.002656 0.999739 
1.136078 0.999765 0.999811 4.555520 1.000446 6.841489 1.001723 1.002129 1.002245 0.999782 
1.125183 0.995252 0.995614 0.995978 5.538494 6.653233 1.032653 1.038161 1.043728 0.994537 
0.997442 0.961826 0.962623 0.963452 0.964313 12.018882 1.227154 1.271464 1.317418 0.960343 
0.996397 0.958325 0.959269 0.960259 0.961281 11.930373 1.247603 1.296586 1.347561 0.956575 
2.097733 1.000052 1.000120 1.000241 1.000315 1.000441 7.307947 1.001277 1.001447 1.000286 
1.226356 2.415475 1.000127 1.000266 1.000389 1.000513 8.450394 1.001950 1.002387 0.999741 
0.876058 1.851530 1.001287 1.177834 1.194145 1.317772 5.998093 2.179695 2.522777 0.815135 
1.162894 0.999846 3.479343 1.000205 1.000380 1.000482 8.067353 1.001425 1.001567 0.999826 
0.884431 0.849101 2.645111 1.069999 1.154149 1.251273 6.482151 2.011117 2.275046 1.236587 
1.135752 0.999699 0.999738 4.534411 1.000549 1.000757 7.853228 1.002506 1.002802 0.999672 
1.193615 0.984899 0.987051 4.038651 1.028428 1.038543 7.708157 1.133241 1.153889 0.980786 
1.042503 0.955279 0.957774 0.960403 5.250213 1.096653 7.384366 1.335961 1.395256 0.950628 
0.957924 0.906309 0.909815 0.913671 0.917934 6.081905 6.997607 1.658778 1.797989 0.900293 
0.970937 0.921509 0.924176 0.928851 0.930282 6.236979 7.116738 1.555009 1.665540 0.916813 
0.987151 0.931558 0.935721 0.936949 0.939877 0.943008 13.412090 1.489705 1.584021 0.927013 
1.028582 0.995360 0.995442 0.995522 0.995603 0.995686 14.691149 1.033554 1.038421 0.995683 
2.086767 1.000024 1.000273 1.000317 1.000579 1.000681 1.000736 8.294285 1.002117 0.999776 
2.026457 1.000548 1.018056 1.013483 1.020162 1.026764 1.033603 8.247925 1.096074 0.988031 
1.220246 2.422052 1.000238 1.000335 1.000619 1.000957 1.000854 9.534619 1.002880 0.999659 
1.203490 2.356046 1.020193 1.043507 1.068040 1.093492 1.119993 8.120085 1.354155 0.955767 
1.163241 0.999575 3.444158 1.000515 1.000836 1.000998 1.001275 9.157498 1.004258 0.999515 
1.152606 0.993157 3.357782 1.007434 1.011475 1.015499 1.019457 9.200093 1.065455 0.991865 
1.070706 0.968962 0.970926 4.329088 1.049308 1.067915 1.087192 8.674360 1.278222 0.965320 
0.956801 0.900533 0.904706 0.909332 4.986778 1.195220 1.265410 8.065544 1.852901 0.893415 
0.955862 0.907821 0.906479 0.910966 5.007108 1.192109 1.260695 8.074531 1.836328 0.895487 
0.897316 0.854517 0.859882 0.866077 0.873209 5.822870 1.371933 7.810001 2.232476 0.845999 
0.889304 0.852941 0.854285 0.860946 0.868652 5.731554 1.381976 7.830960 2.284171 0.839537 
0.868043 0.822327 0.830302 0.839822 0.851198 0.864489 6.756875 7.733350 2.518449 0.810228 
0.944655 0.874026 0.881084 0.889884 0.899907 0.911424 0.924238 14.706955 2.114155 0.860770 
2.202700 1.000042 1.000249 1.000219 1.000311 1.000464 1.000550 1.000559 8.167982 0.999870 
2.166203 1.000066 1.000268 1.000263 1.227355 1.000578 1.000690 1.000724 8.085898 0.999854 
1.287649 2.545791 1.000221 1.000514 1.000576 1.000823 1.001287 1.001117 9.439467 0.999682 
1.227358 0.999748 3.638778 1.000437 1.000594 1.000809 1.000996 1.001157 9.024189 0.999691 
1.006066 0.899439 0.908252 4.156931 1.177293 1.257131 1.345860 1.444086 7.981450 0.884577 
0.831641 0.779479 0.793271 0.810462 4.588662 1.472977 1.705293 1.988191 7.253638 0.759915 
1.022447 0.965573 0.966740 0.968199 5.044723 1.117296 1.145305 1.121738 10.045131 1.370255 
0.771403 0.724278 0.744188 0.770363 0.804410 5.400735 1.848050 2.245737 7.159336 0.698333 
0.735335 0.684705 0.717421 0.759404 0.817857 0.896282 6.294323 2.437966 7.250893 0.646752 
0.704816 0.650703 0.700287 0.770816 0.870772 1.010136 1.204087 7.433007 6.996558 0.646834 
0.422851 0.437179 0.477261 0.711908 0.654726 0.821176 4.159797 5.738253 5.645776 0.425318 
0.778381 0.706087 0.748372 0.807087 0.884055 0.989054 1.125069 1.306309 14.329175 0.754327 
0.907912 0.795558 0.827445 0.868677 0.937932 0.984732 1.061735 1.201509 14.957111 0.851076 
0.056869 0.065816 0.103855 0.177304 0.353480 0.746244 1.600485 4.159075 8.860940 0.458767 
2.559869 1.000147 1.000463 1.000536 1.001234 1.001249 1.001134 1.002490 1.001420 5.380012 
2.465256 1.001861 1.004762 1.112119 1.010826 1.013822 1.016864 1.019803 1.022784 5.808815 
1.492683 2.971957 1.000368 1.000609 1.000593 1.000764 1.001213 1.001175 1.001887 6.196567 
1.005243 3.433204 1.061724 1.078250 1.112832 1.149022 1.186751 1.226756 1.267219 5.722139 
1.424292 0.999909 4.245720 1.000357 1.000674 1.000607 1.000762 1.000889 1.001091 5.926929 
1.261814 0.999535 4.701323 1.001287 1.041069 1.002288 1.002761 1.003242 1.003799 5.926461 
0.937246 1.982732 2.990740 1.144271 1.216862 1.294054 1.379225 1.470837 1.573444 4.427664 
1.385917 0.999858 0.999908 5.525889 1.000695 1.000899 1.001136 1.001258 1.001411 5.812478 
0.938822 1.930201 0.999424 4.016161 1.250228 1.282267 1.363874 1.447785 1.544195 4.320510 
0.965673 0.995363 3.218905 3.944429 1.098696 1.127931 1.158470 1.190305 1.226764 4.468118 
0.971502 0.997127 3.248803 3.972523 1.134730 1.107215 1.132369 1.158326 1.188669 4.486244 
1.372347 0.999857 0.999932 0.999951 6.790001 1.000919 1.001173 1.001280 1.001496 5.683830 
1.326213 0.984873 0.989233 0.993560 6.426382 1.133568 1.099279 1.118423 1.138070 5.660651 
0.957744 2.114971 1.005216 1.019177 4.868502 1.217121 1.274358 1.404396 1.401698 4.500384 
0.970235 1.000763 3.021655 1.012623 5.156054 1.111417 1.137536 1.164792 1.191938 4.531147 
0.977792 0.976685 1.037837 4.033092 4.979530 1.089409 1.109938 1.131091 1.151894 4.345947 
1.359682 0.999663 0.999763 0.999861 0.999999 8.033426 1.002394 1.003206 1.003158 5.657043 
1.359722 0.999676 0.999772 0.999867 1.000002 8.033724 1.002301 1.003097 1.003031 5.657065 
1.234078 0.957569 0.967739 0.978517 0.989979 1.002057 8.806528 1.308657 1.367854 5.315934 
1.080999 0.883412 0.908975 0.938561 0.972752 1.012126 1.057305 9.437956 1.967166 4.954075 
0.974696 1.008440 3.117891 1.012695 1.023112 1.067176 1.045108 7.891499 1.170475 4.327093 
0.847461 0.732983 0.803557 0.900197 1.031804 1.207105 1.440130 1.747472 8.153396 4.510723 
1.047828 0.835500 0.920923 0.975853 1.072687 1.191133 1.379378 1.522710 8.296796 4.614766 
0.883028 1.882850 0.988967 1.059208 1.138899 1.240263 1.340157 1.493210 7.119044 4.256017 
0.906686 1.919767 1.049243 1.044492 1.342597 1.191830 1.271783 1.361906 7.490727 4.142679 
0.890365 0.968380 2.894939 1.057062 1.111823 1.173142 1.239940 1.313961 7.391216 4.162295 
0.943711 0.915936 3.062348 1.086060 1.096971 1.171217 1.197314 1.253444 7.301502 4.202808 
0.907034 0.905502 1.017999 3.902489 1.101810 1.162594 1.208653 1.269197 7.302848 4.197163 
0.906727 0.905155 1.018410 3.908249 1.102589 1.163715 1.210102 1.271067 7.278827 4.196322 
0.172978 0.183554 0.226333 0.356905 0.457327 0.763884 1.360247 4.748163 6.473987 3.340181 
0.140193 0.150531 0.191734 0.305649 0.428413 0.757204 1.416724 2.720267 8.927211 2.898602 
0.170502 0.182868 0.243446 0.300835 0.458404 0.775245 1.394391 2.588306 9.177140 2.909390 
1.717941 0.999942 1.000024 1.000114 1.000181 1.000266 1.000568 1.000429 1.000508 13.811468 
1.390063 0.953250 0.981207 1.013205 1.045433 1.082055 1.122178 1.171534 1.213125 13.716325 
0.916490 2.174074 1.014894 1.075612 1.144530 1.221485 1.307567 1.403468 1.510922 9.799022 
0.095032 0.101557 0.128145 0.199559 0.301254 0.554877 1.084935 2.175842 6.270008 7.492887 
0.012501 0.012501 0.012501 0.012503 0.012505 0.012512 0.012526 0.012559 0.012629 20.012211 
0.113283 0.113813 0.118182 0.123768 0.137800 0.167176 0.227391 0.354885 0.595764 18.902235 
2.674327 1.000577 1.001374 1.001895 1.191884 1.262240 1.534517 1.796522 1.315379 1.291140 
1.490495 2.974104 1.025308 1.040881 1.247618 1.567251 1.606498 1.862596 1.689653 1.309243 
1.406336 0.972679 4.192575 1.112788 1.159484 1.319226 1.588060 1.794391 1.614360 1.271855 
0.910642 1.899445 2.880977 1.196472 1.302908 1.424264 1.555154 1.703930 1.868016 3.061924 
0.903987 1.807004 2.707516 1.512798 1.309296 1.435290 1.572041 1.727982 1.900662 3.107841 
1.347451 0.958253 0.976623 5.445835 1.231781 1.307037 1.456998 1.801273 1.588588 1.237160 
0.910904 1.819780 0.975728 3.914030 1.303366 1.401099 1.526079 1.665445 1.820589 3.340662 
0.926421 1.079661 2.890622 3.735947 1.211081 1.285834 1.359522 1.441948 1.534050 3.386151 
1.347300 0.954567 0.975434 0.997968 6.721329 1.342291 1.435458 1.686101 1.647774 1.216834 
0.827086 0.925507 2.506493 1.066839 4.263982 1.624121 1.849426 2.111954 2.413685 0.955587 
0.819211 0.918820 2.450580 1.064761 4.177630 1.638892 1.875428 2.151578 2.473286 1.014044 
0.819369 0.829481 0.989206 3.282043 4.181337 1.626251 1.854805 2.121717 2.429250 1.065617 
1.338978 0.951810 0.973810 0.997708 1.059726 8.045641 1.455442 1.713528 1.683020 1.233974 
0.903209 1.799762 0.974760 1.017968 1.077430 5.915109 1.574394 1.782411 1.924269 3.042217 
0.824155 0.919855 2.487462 1.063763 1.153713 5.338546 1.858904 2.125156 2.434442 0.977082 
0.803608 0.815311 0.979049 3.201451 1.167318 5.111962 1.917244 2.215553 2.566153 0.923568 
0.776402 0.778221 0.800878 1.056259 3.923828 4.876670 2.003796 2.356957 2.777139 0.901701 
1.347827 0.954739 0.975490 0.998011 1.060260 1.253000 9.421568 1.725320 1.644808 1.235047 
0.800982 0.903437 2.382069 1.064517 1.170589 1.297179 6.270017 2.256859 2.627630 0.948967 
0.776242 0.789432 0.969596 3.080082 1.186466 1.331081 5.950372 2.359424 2.783129 0.928970 
0.738751 0.741654 0.774536 1.043732 3.734146 1.360521 5.659437 2.538557 3.068096 0.941021 
0.711501 0.712427 0.721506 0.801683 1.128670 4.615940 5.533580 2.666964 3.282337 0.914315 
1.338714 0.953407 0.974140 0.996577 1.066049 1.309509 1.476571 10.782682 1.655643 1.216661 
0.766408 0.879046 2.275011 1.075510 1.210079 1.376012 1.578533 6.932615 2.918427 0.971734 
0.727248 0.746422 0.946177 2.878401 1.222584 1.415755 1.659618 6.633548 3.173362 0.904061 
0.690931 0.695421 0.731949 1.041849 3.545827 1.432786 1.715249 6.480695 3.441816 0.937680 
0.750274 0.753239 0.781898 1.080624 4.077282 1.401827 1.619246 6.696412 2.982465 0.903119 
0.653266 0.655403 0.673552 0.805579 1.073319 4.382415 1.758258 6.381095 3.724959 0.980017 
0.617180 0.618147 0.625621 0.669644 0.961979 1.097560 5.513051 6.407083 4.003724 0.964677 
0.661410 0.723117 0.682480 0.701638 0.720646 1.080593 5.585636 6.814652 3.743554 1.001786 
0.636996 0.638551 0.651132 0.742225 0.997826 1.198356 1.311637 11.198366 3.861500 0.907488 
1.317568 0.921310 0.977509 1.045582 1.120015 1.251850 1.368751 1.797226 9.878970 1.239925 
0.782483 1.558320 0.974989 1.107630 1.292379 1.526730 1.824978 2.205829 6.911687 0.975286 
0.704425 0.835440 2.093149 1.095209 1.288653 1.539114 1.861274 2.273811 6.923754 0.966199 
0.641267 0.669407 0.898389 2.557826 1.286132 1.588316 1.991458 2.527213 6.729651 0.830184 
0.541560 0.552657 0.619280 0.957083 2.870465 1.626133 2.186268 2.984255 6.249999 0.919955 
0.481149 0.489828 0.538418 0.756122 0.933246 3.659154 2.245531 3.208435 6.264624 0.948414 
0.381524 0.391266 0.444471 0.635044 0.862869 0.901637 4.708282 3.624721 6.112773 0.955842 
0.275775 0.289883 0.351243 0.539494 0.623054 0.892902 1.414308 6.504523 6.617607 0.945391 
0.289668 0.303128 0.362747 0.574810 0.634665 0.899288 1.399316 2.268318 11.480422 0.913809 
0.626586 0.627997 0.639204 0.707346 1.181075 0.816525 1.688962 1.214493 14.903451 0.828909 
1.588165 0.970206 1.026042 1.088815 1.257597 1.535195 1.712667 2.038563 1.919883 6.606785 
0.910730 2.428357 1.062709 1.160750 1.274091 1.404046 1.553158 1.724128 1.917943 5.610999 
0.827224 0.966235 3.242600 1.171290 1.302725 1.456768 1.635884 1.844735 2.086944 5.181831 
0.794770 0.811395 1.047789 4.081822 1.320995 1.499379 1.710997 1.962802 2.260604 4.996404 
0.753298 0.756692 0.797113 1.149728 4.865136 1.546871 1.809045 2.130043 2.520349 4.851952 
0.709937 0.711118 0.723347 0.831959 1.249009 5.788209 1.886033 2.282611 2.779089 4.863776 
0.644567 0.645187 0.652832 0.708758 1.036718 1.198748 6.807482 2.497659 3.180046 4.800998 
0.791509 0.738056 0.762458 0.786272 0.827979 0.866967 5.826867 1.944547 5.957105 4.230154 
0.567414 0.568864 0.579064 0.640765 0.849792 1.075730 1.278901 8.256195 3.618696 4.900663 
0.812167 0.820162 0.952801 2.734606 1.088689 1.204547 1.287544 7.115268 2.225450 4.144377 
0.306569 0.319797 0.378788 0.582516 0.635715 0.870226 1.320597 2.090941 8.482389 4.806740 
0.436894 0.448266 0.510009 0.763079 1.051708 1.034451 1.376722 1.936980 2.792005 11.176506 
