2.060514 0.074443 0.126050 0.105254 0.107114 0.062408 0.137582 0.079801 
1.839525 1.921315 0.095179 0.112628 0.403457 0.232737 0.121688 0.159755 
0.913624 3.738264 0.100040 0.151515 0.120154 0.094024 0.166282 0.203706 
0.157741 4.114737 0.144042 0.187470 0.308576 0.142259 0.138620 0.217568 
1.881327 0.100348 2.703128 0.148304 0.124012 0.114220 0.206683 0.211818 
1.216030 2.453778 3.493601 0.109302 0.142019 0.102677 0.128298 0.204319 
0.206096 3.663502 2.643274 0.107919 0.101510 0.069340 0.156738 0.208616 
0.964947 0.100858 5.468587 0.091230 0.160993 0.294518 0.151017 0.171397 
0.139580 1.879471 5.386389 0.097876 0.084913 0.077002 0.204290 0.201277 
0.072645 0.075174 6.069511 0.112465 0.146730 0.108834 0.170624 0.213956 
1.848074 0.073396 0.082006 3.653858 0.076331 0.162863 0.154227 0.298367 
1.243643 2.473748 0.115978 4.671766 0.228815 0.139073 0.280552 0.241070 
0.199256 3.684298 0.075527 3.358470 0.293279 0.076638 0.163075 0.197995 
1.213352 0.086688 3.544010 4.785835 0.092433 0.109778 0.112756 0.225953 
0.150862 2.419906 3.440972 4.642886 0.167246 0.133314 0.170307 0.269197 
0.113098 0.390108 5.484170 3.541290 0.133143 0.213034 0.300590 0.368088 
0.952818 0.081068 0.083405 7.258333 0.113804 0.225672 0.277193 0.165146 
0.138325 1.891010 0.095541 7.173078 0.209798 0.065629 0.090119 0.100716 
0.105548 0.114777 2.754538 7.264367 0.227650 0.213902 0.176378 0.115894 
0.093226 0.063715 0.062643 8.060180 0.094871 0.105874 0.183600 0.102721 
1.910220 0.128359 0.194127 0.233696 4.366622 0.163717 0.264569 0.274000 
1.230070 2.503150 0.096250 0.085173 5.592698 0.090886 0.164283 0.312223 
0.205620 3.702330 0.110959 0.089258 4.103332 0.091694 0.211635 0.210423 
1.206201 0.100036 3.746242 0.094586 5.683569 0.105133 0.140344 0.087154 
0.157323 2.499723 3.490264 0.074668 5.506465 0.199589 0.242761 0.371854 
0.083526 0.088134 5.476277 0.132645 4.444036 0.357523 0.503274 0.429519 
1.238130 0.106025 0.085017 4.814560 5.700223 0.311252 0.175805 0.232391 
0.163576 2.459207 0.135571 4.685606 5.569526 0.231923 0.230842 0.313939 
0.077837 0.246805 3.428082 4.862601 5.764724 0.096858 0.182321 0.337538 
0.078276 0.206850 0.080902 7.320381 4.281161 0.287369 0.111762 0.482706 
0.990239 0.127145 0.222556 0.176031 8.967617 0.091121 0.132481 0.224146 
0.123557 2.011802 0.144017 0.136924 8.742236 0.067405 0.240873 0.137289 
0.074085 0.222089 2.800467 0.158278 8.960605 0.129097 0.084609 0.089321 
0.072791 0.223410 0.097318 3.791464 8.904582 0.236521 0.077249 0.241715 
0.063765 0.086895 0.063572 0.062943 10.062537 0.081477 0.072382 0.112452 
1.867730 0.079761 0.109153 0.101221 0.121331 5.324933 0.151041 0.258514 
1.203849 2.474130 0.073735 0.123572 0.181419 6.854521 0.188270 0.288198 
0.211178 3.698421 0.102934 0.139308 0.207705 4.982319 0.173213 0.251741 
1.233122 0.136643 3.649368 0.200463 0.188017 6.989091 0.179269 0.179239 
0.157395 2.443100 3.549512 0.264504 0.278771 6.676394 0.105154 0.135537 
0.113084 0.127712 5.491244 0.118795 0.437195 5.315170 0.363855 0.460429 
1.213555 0.098517 0.164773 4.728179 0.216329 7.005304 0.120354 0.135859 
0.158286 2.459101 0.114329 4.597690 0.186814 6.792827 0.115971 0.113108 
0.073056 0.264124 3.513641 4.659324 0.184492 6.998026 0.163367 0.170474 
0.124425 0.130953 0.124388 7.260067 0.210506 5.542630 0.336060 0.311886 
1.223695 0.079312 0.122658 0.153443 5.724114 7.170313 0.133413 0.129666 
0.174994 2.590613 0.101135 0.077214 5.355101 6.881316 0.105170 0.133760 
0.061161 0.246796 3.589574 0.108185 5.771551 6.860182 0.072248 0.114429 
0.100309 0.122080 0.099681 4.852174 5.781271 6.917901 0.497772 0.446691 
0.103746 0.106229 0.108326 0.128558 9.254151 4.942025 0.233555 0.168467 
0.940189 0.086287 0.166862 0.109594 0.064698 10.841358 0.088676 0.218890 
0.122153 1.921701 0.101305 0.132711 0.163198 10.775539 0.149288 0.146075 
0.135735 0.057213 2.677375 0.104225 0.057948 10.835786 0.076275 0.192584 
0.082698 0.115481 0.082526 3.713790 0.088812 10.771803 0.143528 0.188056 
0.064940 0.061012 0.190261 0.062454 4.472310 10.826873 0.120310 0.114569 
0.075570 0.077572 0.100220 0.075563 0.075516 12.075064 0.127722 0.175298 
1.875385 0.184541 0.098403 0.073660 0.179123 0.253256 6.021557 0.183990 
1.200297 2.506285 0.108495 0.099636 0.073477 0.083247 7.648132 0.143521 
0.192672 3.681959 0.050016 0.082910 0.159349 0.051494 5.816378 0.272162 
1.229497 0.084045 3.632131 0.154825 0.159826 0.204680 7.979241 0.199558 
0.101583 2.383692 3.605863 0.177726 0.182689 0.231730 8.004112 0.241321 
0.076477 0.333938 5.452465 0.117731 0.137268 0.112212 6.067217 0.261260 
1.218089 0.067145 0.070463 4.777268 0.066001 0.137893 7.981508 0.137105 
0.145422 2.394915 0.110225 4.686073 0.268562 0.167398 7.957356 0.329393 
0.107379 0.196384 3.513552 4.737268 0.077209 0.285015 8.071265 0.225504 
0.063354 0.064781 0.091140 7.219551 0.117417 0.340475 6.310380 0.235165 
1.257274 0.107827 0.101096 0.148517 5.812793 0.107542 8.028694 0.141932 
0.159371 2.453953 0.087956 0.081071 5.849105 0.107862 7.810691 0.442991 
0.064324 0.249603 3.558771 0.235186 5.881021 0.129673 7.937597 0.211527 
0.072119 0.064384 0.353466 4.652131 5.859726 0.121510 8.135997 0.120412 
0.106229 0.099756 0.246568 0.100154 9.043687 0.129052 6.344906 0.403710 
1.243595 0.107223 0.107646 0.106128 0.110796 7.059159 7.899986 0.208219 
0.152286 2.436203 0.118736 0.087103 0.102097 7.032282 7.808184 0.108406 
0.063724 0.251737 3.553975 0.121450 0.058441 7.107795 7.879539 0.086266 
0.067794 0.114137 0.066663 4.833706 0.179153 7.096614 7.747715 0.286423 
0.053586 0.062320 0.215731 0.074640 5.869298 7.027824 8.011809 0.116606 
0.077993 0.079994 0.117043 0.116406 0.079664 10.958980 5.979547 0.159357 
0.982315 0.118056 0.088045 0.075658 0.107480 0.184569 12.491791 0.124581 
0.147220 2.037001 0.118563 0.109852 0.082054 0.118303 12.236836 0.155565 
0.119585 0.084364 2.787880 0.205960 0.192461 0.308819 12.487267 0.177924 
0.067291 0.071184 0.063835 3.977205 0.065181 0.202645 12.272954 0.108064 
0.083319 0.164857 0.187136 0.097520 4.602147 0.086453 12.519360 0.101476 
0.061235 0.061046 0.061481 0.061163 0.076278 5.563196 12.500874 0.301313 
0.069840 0.074246 0.069974 0.070017 0.090665 0.069988 14.069591 0.101233 
1.878226 0.100782 0.149834 0.101520 0.098744 0.099763 0.110693 7.123095 
1.216239 2.497689 0.077805 0.169309 0.120149 0.105405 0.124482 8.917518 
0.193407 3.687564 0.098662 0.080237 0.092659 0.250602 0.223683 6.588348 
1.253896 0.097566 3.650897 0.170626 0.114266 0.184195 0.265660 9.059957 
0.158871 2.453647 3.522664 0.140485 0.084835 0.085640 0.202072 8.953118 
0.076515 0.246090 5.468483 0.079053 0.238678 0.348139 0.108428 6.998064 
1.235941 0.077279 0.089860 4.696865 0.141178 0.223266 0.226315 9.126082 
0.154744 2.417930 0.065238 4.743366 0.217105 0.165773 0.129448 8.940057 
0.111726 0.106804 3.609789 4.791566 0.351135 0.165143 0.333332 9.090026 
0.099771 0.073170 0.071861 7.352450 0.094239 0.271565 0.181045 6.689350 
1.270384 0.109223 0.099690 0.143119 5.814319 0.151070 0.184231 9.107296 
0.171676 2.523268 0.111068 0.089547 5.518672 0.117277 0.074729 9.195440 
0.070691 0.241042 3.685815 0.138411 5.602686 0.205194 0.211644 9.105036 
0.154220 0.072547 0.083101 4.740341 5.790907 0.094720 0.259096 9.200833 
0.096766 0.079742 0.080286 0.080697 9.077532 0.131112 0.211053 7.056508 
1.233529 0.076961 0.100702 0.117685 0.116177 7.180587 0.305261 9.023716 
0.142612 2.529242 0.125433 0.084145 0.236310 6.760429 0.048345 8.767015 
0.060723 0.221945 3.515591 0.157994 0.060376 7.086067 0.051223 9.046638 
0.079500 0.263556 0.100819 4.870056 0.250142 6.945189 0.178682 8.957362 
0.072751 0.076976 0.155400 0.074276 5.966252 7.234834 0.188601 8.779448 
0.066391 0.151173 0.065129 0.067312 0.067799 10.838150 0.112748 7.095697 
1.238465 0.077637 0.072403 0.083711 0.086824 0.142311 8.068722 9.226312 
0.135983 2.495444 0.076092 0.047040 0.112853 0.176218 7.734930 9.061337 
0.111467 0.092359 3.756833 0.123436 0.266576 0.215697 7.934603 9.037519 
0.096869 0.091323 0.090973 4.949161 0.201324 0.140212 7.944393 9.090558 
0.127607 0.047192 0.065323 0.064162 5.812025 0.100145 8.052664 9.310933 
0.073871 0.073777 0.073790 0.073950 0.080267 7.402502 7.876641 9.073340 
0.070855 0.069271 0.069235 0.069262 0.069264 0.075629 12.606743 7.189018 
0.977259 0.073193 0.098001 0.074892 0.073699 0.070909 0.108184 14.298917 
0.127792 1.935766 0.073644 0.079122 0.144619 0.175252 0.065431 14.157203 
0.075124 0.084129 2.911606 0.197812 0.154144 0.084626 0.173421 14.165102 
0.070390 0.121025 0.069141 3.766299 0.146540 0.175763 0.155126 14.253090 
0.085418 0.100848 0.113892 0.084933 4.663326 0.123915 0.142425 14.308611 
0.076348 0.073562 0.135912 0.080980 0.074825 5.710764 0.195165 14.196418 
0.090801 0.098283 0.106801 0.148694 0.091182 0.091470 6.316407 14.420704 
0.065092 0.065091 0.065198 0.065098 0.067081 0.065111 0.070581 16.065088 
1.999171 0.446399 0.686349 0.727713 1.214760 1.079750 1.329363 1.264840 
1.413642 2.914177 0.858178 1.090355 1.394141 1.677800 1.883688 1.975629 
0.258997 3.939095 0.675732 0.908883 1.125156 1.311648 1.407101 1.664857 
1.404823 0.678220 4.061451 1.133030 1.384046 1.680283 1.879618 2.069150 
0.328778 2.811332 4.087708 1.097605 1.405817 1.817715 2.036422 1.589025 
0.289772 0.583667 5.864236 0.942309 1.130879 1.438410 1.579485 1.685804 
1.426503 0.629747 0.804724 5.396471 1.373171 1.632065 1.900518 2.110122 
0.339563 2.841764 0.808405 5.365407 1.360450 1.850102 1.959902 1.967647 
0.323759 0.649465 4.142960 5.446671 1.371604 1.727923 1.977722 2.185656 
0.269125 0.417511 0.702406 7.785470 1.124755 1.431245 1.656449 1.630589 
1.404627 0.658568 0.903563 1.058491 7.350863 1.640162 1.949056 2.145856 
0.324161 2.900099 0.915991 1.081780 6.495788 1.697796 1.894226 2.119343 
0.339650 0.641527 4.148040 1.131876 6.612019 1.851038 1.803314 2.098416 
0.360784 0.664292 0.846019 5.656081 6.746450 1.773576 2.020238 2.490307 
0.317761 0.499796 0.859374 1.095621 9.802787 1.423480 1.466407 1.816676 
1.427983 0.575097 0.828975 1.130262 1.476804 7.913168 2.009449 2.323554 
0.326312 2.832533 0.839200 1.120178 1.335627 7.841385 1.871992 2.172004 
0.331509 0.691509 4.093301 1.040485 1.339579 8.081984 1.948602 2.189419 
0.343621 0.648057 0.824959 5.626557 1.413467 8.097899 2.021373 2.395621 
0.337167 0.679875 1.003560 1.255221 6.637658 8.531683 1.876541 2.266489 
0.273124 0.500357 0.725067 0.940869 1.191912 11.732156 1.455433 1.691013 
1.465657 0.625359 0.925615 1.188542 1.416783 1.748418 9.617718 2.399220 
0.339442 2.896868 0.801966 1.104754 1.312835 1.662402 9.013955 2.079124 
0.334777 0.670408 4.291937 1.222489 1.482313 1.608942 9.416935 2.420039 
0.329200 0.654271 0.886166 5.678654 1.508663 1.850039 9.417357 2.311615 
0.351790 0.726953 0.967205 1.156826 6.900772 1.748251 9.386141 2.539220 
0.333143 0.600425 0.849109 1.225917 1.506579 8.468961 9.387401 2.204558 
0.253687 0.515245 0.591265 0.879554 1.152166 1.491919 13.614593 1.737745 
1.422901 0.670409 0.858723 1.095736 1.281977 1.661033 1.946937 10.589909 
0.345233 2.973602 0.938925 1.178588 1.445997 1.727561 1.927545 10.496998 
0.332836 0.684552 4.214122 1.164435 1.386030 1.692097 1.908394 10.564797 
0.356817 0.651564 0.811656 5.592128 1.469366 1.681161 1.921175 10.921569 
0.310493 0.691620 0.828614 1.371239 6.903525 1.740455 2.092038 10.987879 
0.352445 0.601369 0.853012 0.845048 1.217933 8.303334 1.683182 10.582110 
0.304227 0.608884 0.874779 1.281681 1.351325 2.040652 9.283372 10.921568 
0.150991 0.450216 1.122341 1.062356 0.161453 1.390525 0.979942 15.635607 
