2.354006 2.222689 1.010428 1.015124 1.020251 1.027206 1.031850 1.003729 
2.094935 2.026506 1.128543 1.197116 1.183855 1.522423 1.304774 0.958202 
1.182175 4.590094 1.007479 1.009721 1.018765 1.017545 1.019646 0.996883 
1.092856 4.693877 1.006582 1.169736 1.011935 1.017563 1.017973 0.997240 
1.249347 2.567886 3.838003 1.010396 1.014827 1.019192 1.020778 0.996628 
1.222381 2.427604 3.600897 1.541607 1.048326 1.061500 1.072774 0.988081 
1.138788 0.997744 6.528493 1.010805 1.013196 1.017811 1.020536 0.996957 
1.124179 0.987083 6.194942 1.063677 1.085251 1.109438 1.294433 0.978022 
2.187494 1.001027 1.002130 4.202242 1.008134 1.012798 1.012233 0.998196 
1.977166 1.003882 1.035270 3.941023 1.203952 1.266882 1.328128 0.945544 
1.240247 2.499381 1.001413 4.980749 1.015920 1.013421 1.015725 0.998351 
0.932071 2.114396 1.013387 4.448440 1.439007 1.600808 1.798146 0.894412 
1.195235 0.997522 3.567591 4.736476 1.012459 1.015818 1.019893 0.996983 
0.977090 1.365852 3.061545 4.917816 1.126855 1.168571 1.239020 0.967141 
1.099875 0.996045 0.996547 8.521604 1.017849 1.022975 1.026787 0.995979 
0.972355 0.973656 1.156262 8.388639 1.109990 1.138963 1.167922 0.973053 
2.163075 1.001075 1.002722 1.005685 5.097634 1.018299 1.020277 0.996839 
2.133118 1.002080 1.008215 1.015127 5.065221 1.053905 1.070429 0.989648 
1.238753 2.420739 1.005236 1.003145 6.165664 1.018857 1.022067 0.996925 
0.963092 2.588161 1.283324 1.120656 4.443952 1.475380 1.609223 0.904537 
1.204828 0.997931 3.527277 1.003062 5.706178 1.015295 1.016037 0.997414 
0.995042 1.108032 4.388071 1.009784 4.951323 1.034060 1.040184 0.999302 
1.171233 0.996758 0.997103 4.557074 5.624155 1.020210 1.024259 0.996194 
0.994961 0.994862 1.062612 5.103078 5.692482 1.027597 1.030879 0.995793 
1.045782 0.970580 0.971959 0.973267 10.242266 1.157075 1.192245 0.968097 
1.049618 0.987738 0.988205 0.988583 10.295728 1.063445 1.417279 0.986955 
2.116364 1.000289 1.001742 1.004453 1.004284 6.241306 1.013441 0.997938 
2.074944 1.000876 1.006326 1.011805 1.018613 6.158383 1.222264 0.990655 
1.251677 2.397087 1.001773 1.003690 1.007646 7.210099 1.020467 0.996642 
0.899634 2.158287 1.114359 1.148091 1.266090 5.729096 2.052100 0.824804 
1.182815 0.998162 3.469726 1.002373 1.003646 6.913975 1.013895 0.997738 
0.900191 0.850273 3.258451 1.152522 1.266521 5.563216 1.988837 0.843446 
1.128443 0.973906 0.976538 4.376400 1.049340 6.585614 1.187021 0.968850 
1.020127 1.207539 0.984158 4.104741 1.031286 7.103788 1.194459 0.979260 
1.031750 0.920972 0.927606 0.934976 5.227335 6.338918 1.544138 0.909703 
0.928975 0.906085 0.907656 1.361184 5.195426 6.318453 1.579012 0.903869 
0.974676 0.900842 0.906478 0.912784 0.919677 11.611713 1.652736 0.891237 
1.035085 0.954871 0.955691 0.957670 0.960550 12.012872 1.344426 0.947755 
2.292502 1.001252 1.004299 1.003572 1.005109 1.006571 5.877448 0.998042 
2.155483 1.006449 1.040192 1.045221 1.064669 1.086443 5.981926 0.970313 
1.334635 2.604304 1.002403 1.007495 1.006420 1.007427 6.953003 0.997992 
1.013786 3.026204 1.009798 1.017833 1.029582 1.036410 7.381436 0.993119 
1.267453 0.998034 3.762127 1.004150 1.006078 1.007239 6.616167 0.997369 
0.982192 1.522112 3.880528 1.050423 1.072287 1.099116 5.695382 0.968507 
0.912054 1.870912 2.786482 1.176745 1.273723 1.383595 5.087265 0.880829 
0.981159 2.089801 3.237417 1.166722 1.065332 1.085990 5.135149 0.974023 
1.005470 0.855984 0.880195 4.201655 1.352921 1.523673 5.746192 0.819420 
0.994993 0.995147 1.067442 5.400205 1.010566 1.013162 7.071973 0.995906 
0.931205 1.912670 0.984401 3.748686 1.216925 1.296783 5.166740 0.906971 
0.931628 1.929949 0.985738 3.797500 1.222259 1.303490 4.999443 0.906969 
0.867832 0.756385 0.805432 0.870178 4.913422 1.926422 5.323597 0.693276 
1.073362 0.940013 0.946092 0.954096 6.210482 1.242111 6.045147 0.929850 
0.757701 0.675055 0.758446 0.879578 1.052638 5.973440 5.116011 0.609319 
0.779757 0.689833 0.776544 0.884028 1.044160 6.039406 5.121674 0.627234 
0.392843 0.483689 0.500899 0.817987 2.995192 3.923687 4.815871 0.365424 
0.559870 0.535513 0.621859 0.716648 3.653219 4.063611 4.147874 0.572249 
0.083788 0.114066 0.237266 0.529462 1.196647 3.233318 6.504929 0.560036 
0.179736 0.212273 0.355955 0.669481 1.650257 3.036326 6.135572 0.451247 
2.538016 1.001293 1.001838 1.005699 1.005400 1.004970 1.005663 4.624804 
2.383343 1.031409 1.002078 1.325551 1.006427 1.006367 1.411054 4.624332 
1.474144 2.976651 1.002146 1.006188 1.008937 1.007219 1.007090 5.213105 
1.190070 2.227543 3.206973 1.005275 1.007964 1.010580 1.011040 4.579943 
1.413850 0.998457 4.201871 1.006238 1.007684 1.010742 1.011682 5.046175 
1.750484 1.105345 3.204865 1.005119 1.007750 1.008972 1.010709 4.595758 
0.936964 2.077196 3.099089 1.165564 1.243834 1.331109 1.423928 3.974746 
0.935240 2.046849 3.079415 1.164479 1.243149 1.330984 1.424518 4.132347 
1.400040 0.998238 0.998878 5.382674 1.009174 1.012001 1.014528 4.924816 
1.484252 0.984745 0.995495 4.017380 1.223353 1.300885 1.385504 4.143494 
0.948439 2.093782 0.996181 4.208959 1.205324 1.274102 1.348706 3.925067 
0.969469 2.108538 0.998758 4.157514 1.195925 1.260811 1.331022 3.928840 
1.368590 0.998577 0.998999 0.999383 6.656312 1.009041 1.010826 4.931413 
1.137485 1.948148 0.999916 1.025801 5.464421 1.110424 1.139266 3.976439 
0.943101 2.051994 0.993753 1.022789 5.171980 1.297111 1.377470 3.959752 
0.977293 2.234074 0.999449 1.012713 5.459188 1.128121 1.157047 4.006957 
1.247934 0.950179 0.964223 0.980700 0.995872 7.541716 1.329763 4.621335 
1.214802 0.973332 0.959409 0.976528 0.993900 7.343728 1.354091 4.885411 
1.025840 0.813983 0.906531 1.028870 1.188117 1.394140 6.277818 4.213088 
1.209054 0.888893 0.954328 1.148895 1.146228 1.266560 6.394950 4.310344 
0.917292 2.115662 1.007245 1.061860 1.125605 1.193008 5.980458 4.220777 
0.937035 2.235520 1.010431 1.053028 1.102279 1.152117 5.993919 4.247376 
0.214487 0.260797 0.433047 0.570908 0.988717 3.671725 4.828852 3.092981 
0.308490 0.362595 0.580259 0.632393 0.956200 4.360124 4.369419 3.190148 
0.138621 0.179196 0.311285 0.520342 1.031387 2.098382 6.635679 2.692538 
0.156667 0.199733 0.336302 0.534785 1.026785 2.036617 6.759552 2.710567 
1.694478 0.999850 1.000400 1.001129 1.001508 1.002894 1.002613 11.394324 
1.641388 0.993972 1.000505 1.007335 1.013955 1.021688 1.027921 11.376890 
0.092032 0.119582 0.189472 0.367424 0.760978 1.617422 4.547486 6.516148 
0.172108 0.207088 0.259026 0.487988 0.770716 1.441049 4.965840 6.596936 
0.029329 0.029380 0.029590 0.030138 0.031350 0.034097 0.040295 16.003417 
0.217148 0.217607 0.220630 0.226637 0.240242 0.262219 0.338244 15.917250 
2.645295 1.005580 1.011529 1.103399 1.489087 1.631793 1.278023 1.472760 
2.798961 1.025767 1.053825 1.084247 1.112446 1.143271 1.190657 0.971085 
1.494593 2.972680 1.051436 1.161346 1.455285 1.821374 1.492662 1.485703 
1.385609 0.953078 4.085852 1.216637 1.366646 1.567243 1.561185 1.394852 
0.910572 2.101487 3.254803 1.285684 1.427930 1.589348 1.768662 1.463907 
0.969519 2.132529 3.167827 1.076944 1.119103 1.146101 4.922793 0.956257 
0.936906 1.043721 5.959057 1.167630 1.236630 1.307799 1.384557 1.128664 
0.917281 1.056385 5.680543 1.255057 1.309308 1.409654 1.529461 0.919692 
1.395913 0.958269 0.981925 5.534840 1.287917 1.520502 1.497327 1.424753 
1.964850 1.002687 1.034209 3.904817 1.314622 1.267080 1.328420 0.945502 
0.905255 2.052164 1.005839 4.321393 1.445029 1.623985 1.808075 1.384115 
0.974957 2.128602 0.996904 4.112475 1.090959 1.119705 4.871633 0.965343 
0.840039 0.945062 2.841259 3.970813 1.516114 1.725466 1.968513 1.157883 
0.750352 0.881084 2.368316 3.402168 1.704349 2.070498 2.526365 1.062760 
0.902747 0.910498 1.139974 7.391286 1.340881 1.454985 1.590450 1.033764 
0.937678 0.943647 1.213877 7.763478 1.228638 1.297855 1.382635 1.068806 
1.397884 0.959162 0.982206 1.057121 6.863119 1.605398 1.473341 1.405838 
0.948469 1.727668 0.997545 0.994609 5.705086 1.442608 3.983343 1.415154 
0.888137 2.036127 1.013120 1.095243 5.125586 1.729632 1.974150 1.208916 
0.946592 2.111303 1.003234 1.037937 4.684516 1.333386 4.185864 0.907956 
0.816951 0.933204 2.749846 1.109585 4.867965 1.815721 2.105838 1.186347 
0.891196 0.971573 3.166438 1.079233 5.284653 1.505704 1.651369 1.335051 
0.776334 0.792820 1.009944 3.557425 4.573866 1.947983 2.317723 1.101136 
0.810866 0.805579 1.019154 3.727984 4.728278 1.844871 2.151268 1.112403 
0.850093 0.896346 0.860365 1.273133 8.698699 1.691564 1.911250 0.854754 
0.948856 0.967088 0.951492 1.128676 9.852492 1.240645 1.296728 1.471059 
1.403779 0.959301 0.982984 1.044352 1.323933 8.207372 1.481719 1.413874 
0.933314 1.174701 1.437259 0.978981 1.012026 9.519925 1.724248 0.879381 
0.879158 1.985090 1.009067 1.095848 1.197899 6.398145 2.031327 1.259414 
0.804049 1.645843 0.976099 1.106479 1.271439 6.012928 2.544964 1.171024 
0.780358 0.915443 2.662113 1.140002 1.291405 5.684972 2.334480 1.165816 
0.788572 0.943707 3.073139 1.212394 1.395384 4.592323 2.307837 1.170573 
0.729973 0.754319 0.997454 3.399618 1.336777 5.464453 2.584925 1.130566 
0.724837 0.770688 1.216968 2.938652 1.333179 5.312340 2.579854 1.502960 
0.702832 0.710569 0.769994 1.113379 4.415208 5.383514 2.728377 1.159631 
0.858436 0.833336 0.837189 1.344825 4.818987 6.003898 2.035070 0.827649 
0.722450 0.726449 0.768879 1.122026 1.301574 9.416529 2.625196 1.082462 
0.738584 0.741027 0.769007 1.014272 1.446668 9.597865 2.530161 1.098734 
1.483471 0.955277 1.008364 1.090363 1.348296 1.623516 7.414949 1.492296 
0.647162 1.231709 0.936259 1.218915 1.632405 2.287754 5.264010 1.169870 
0.710815 1.459192 0.997164 1.255747 1.616641 2.117524 5.114383 1.229266 
0.869521 1.758082 1.030752 1.060982 4.184279 1.700343 4.415820 0.813549 
0.628653 0.816006 2.218719 1.271783 1.648967 2.168902 4.954689 1.135438 
0.970519 1.141314 3.903866 1.041478 1.058013 1.077769 7.098624 0.973887 
0.553071 0.609526 0.948323 2.945285 1.696506 2.337101 4.906240 1.087352 
0.917217 1.835256 1.089706 3.640180 1.264166 1.355946 5.036856 0.890014 
0.442467 0.483690 0.700748 0.988515 3.757150 2.642814 4.715225 1.154726 
0.549046 0.544214 0.699928 0.982953 2.685515 2.873300 4.555094 0.764994 
0.325218 0.373290 0.577313 0.869382 1.050694 5.157329 4.893421 1.171662 
0.726650 0.852588 0.755152 2.682943 1.201136 5.170002 4.358470 1.152112 
0.310486 0.357538 0.561552 0.850483 1.057358 1.712000 8.848005 1.164968 
0.364401 0.426528 0.716082 0.716652 1.028263 1.566411 9.234702 1.215731 
1.593380 0.971394 1.054765 1.205065 1.492498 1.847199 1.622580 5.691329 
0.943163 1.580730 0.967462 2.726811 4.525751 1.253790 1.321718 3.930826 
0.904040 2.506098 1.094082 1.220544 1.369529 1.543876 1.749278 4.989103 
0.963718 3.266600 1.117777 1.169063 1.250820 1.342291 1.439803 4.128962 
0.813072 0.977666 3.484615 1.236981 1.405081 1.605062 1.840785 4.779118 
0.931485 1.971263 3.069774 1.177471 1.265728 1.364384 1.470607 4.114427 
0.747549 0.774641 1.084714 4.303837 1.489122 1.769570 2.112889 4.471548 
0.801885 1.423991 0.923919 3.153425 1.478318 1.745476 2.069921 4.481381 
0.706824 0.714938 0.794906 1.219350 5.422593 1.850026 2.271073 4.540395 
0.631992 0.637655 0.680336 0.971750 1.249757 6.673474 2.588048 4.504789 
0.768391 0.974282 0.833635 0.839391 0.876446 7.930471 2.260336 3.856862 
0.330075 0.376619 0.579421 0.890176 1.087912 1.683897 6.044051 4.441877 
0.597294 0.933994 0.777294 0.960581 2.662558 2.156565 3.008585 4.460797 
0.479247 0.525387 0.781206 1.027307 1.269783 1.565832 2.050120 9.663080 
