2.011453 0.013408 0.011566 0.012295 0.011566 
1.973454 0.784218 0.011206 0.012459 0.011273 
1.800397 1.797404 0.011940 0.017139 0.013328 
1.421326 2.857934 0.014710 0.016941 0.016230 
0.899575 3.596862 0.013291 0.013379 0.015256 
0.401990 3.934487 0.016570 0.011642 0.012766 
0.009931 4.009849 0.012861 0.010413 0.011180 
1.969188 0.010909 1.205218 0.009632 0.010587 
1.901388 0.937646 1.400705 0.011834 0.012937 
1.615560 2.144813 1.623607 0.011975 0.011799 
1.075472 3.243511 1.632364 0.020515 0.020372 
0.480267 3.791006 1.446478 0.018361 0.019432 
0.017534 3.943497 1.165225 0.018633 0.017688 
1.796287 0.010693 2.710298 0.013829 0.011500 
1.620172 1.073659 3.211918 0.013323 0.022576 
1.170697 2.328264 3.501195 0.020668 0.023099 
0.540037 3.219948 3.229214 0.014805 0.012755 
0.015491 3.586371 2.706955 0.012784 0.013712 
1.421510 0.018661 4.262902 0.010989 0.012263 
1.081673 1.075836 4.834040 0.017402 0.024491 
0.547872 2.152631 4.842470 0.020479 0.021230 
0.020020 2.839742 4.256710 0.012603 0.013697 
0.896401 0.014851 5.400356 0.015139 0.015580 
0.471896 0.929658 5.710909 0.027019 0.023673 
0.015326 1.806637 5.376932 0.017534 0.016448 
0.392867 0.014890 5.905681 0.014366 0.016117 
0.015411 0.785567 5.900729 0.013721 0.014836 
0.012103 0.020878 6.011270 0.019756 0.011409 
1.973105 0.013498 0.014168 1.600020 0.023250 
1.906819 0.943939 0.025605 1.899824 0.022178 
1.613556 2.144738 0.009107 2.139678 0.018926 
1.080650 3.219274 0.012946 2.142295 0.020290 
0.467090 3.800040 0.016970 1.878152 0.016271 
0.007826 3.928230 0.011749 1.594902 0.013670 
1.902302 0.018247 1.430186 1.904800 0.017915 
1.750491 1.176801 1.705458 2.275768 0.013867 
1.268067 2.562288 1.899025 2.553155 0.013937 
0.596187 3.491290 1.737143 2.387127 0.026593 
0.015220 3.787124 1.419275 1.880844 0.023738 
1.605361 0.015941 3.271983 2.129787 0.012818 
1.270202 1.278622 3.863029 2.572991 0.022049 
0.646201 2.556887 3.852075 2.550452 0.029380 
0.014785 3.239461 3.189024 2.111793 0.013002 
1.078732 0.012113 4.828583 2.134545 0.011266 
0.587053 1.146650 5.248804 2.337259 0.024008 
0.027511 2.162682 4.819346 2.179139 0.020829 
0.477858 0.019451 5.687323 1.883680 0.020405 
0.017465 0.944613 5.681826 1.884573 0.016361 
0.011941 0.017548 5.897802 1.564863 0.012042 
1.805169 0.019033 0.018135 3.597255 0.018449 
1.621178 1.067042 0.017957 4.305648 0.018227 
1.163887 2.340567 0.018541 4.648335 0.018438 
0.532386 3.235071 0.011828 4.261301 0.011176 
0.014984 3.592090 0.013675 3.581011 0.014491 
1.612123 0.014882 1.633241 4.303901 0.013227 
1.285734 1.281663 1.947896 5.042386 0.019841 
0.640711 2.586390 1.935838 5.050909 0.027538 
0.018278 3.211825 1.633746 4.304400 0.033592 
1.174787 0.018110 3.484383 4.607468 0.017562 
0.629828 1.299367 3.856713 5.109253 0.031028 
0.013778 2.324229 3.482946 4.616538 0.021342 
0.541829 0.012440 4.846186 4.251755 0.012403 
0.026759 1.080139 4.845394 4.290648 0.043707 
0.013840 0.018794 5.385280 3.575782 0.013215 
1.431052 0.017764 0.018050 5.675772 0.017954 
1.075690 1.085381 0.014668 6.448626 0.015092 
0.544592 2.165249 0.010585 6.402261 0.012065 
0.016248 2.835893 0.017180 5.680962 0.018773 
1.069571 0.018621 1.592563 6.481005 0.015711 
0.590395 1.167887 1.754376 6.958037 0.019780 
0.016521 2.175050 1.634320 6.391857 0.027304 
0.546853 0.030638 3.248034 6.458149 0.031747 
0.016014 1.045654 3.223843 6.453314 0.017574 
0.018759 0.032287 4.279180 5.649581 0.020455 
0.910197 0.017504 0.016779 7.174078 0.018442 
0.490026 0.952133 0.016427 7.559823 0.019651 
0.016122 1.798347 0.015737 7.174713 0.016086 
0.473497 0.012932 1.373420 7.583271 0.012894 
0.016012 0.954287 1.428698 7.557863 0.025745 
0.012147 0.013450 2.677930 7.178844 0.016079 
0.398713 0.015780 0.015670 7.867510 0.015946 
0.016451 0.782595 0.017013 7.868311 0.016747 
0.014077 0.017175 1.191375 7.858027 0.013804 
0.012230 0.010821 0.011519 8.009507 0.011212 
1.975144 0.014449 0.014396 0.014001 1.971457 
1.898673 0.966021 0.013925 0.015135 2.363569 
1.615819 2.170981 0.017550 0.032434 2.616813 
1.081530 3.236456 0.020327 0.021432 2.702401 
0.478184 3.794330 0.018296 0.018330 2.377927 
0.013853 3.931391 0.015002 0.012128 1.994443 
1.898537 0.011804 1.404131 0.012119 2.368911 
1.753215 1.124417 1.765247 0.017902 2.900365 
1.281254 2.547166 1.852254 0.013323 3.186748 
0.591665 3.490915 1.747232 0.022557 2.865183 
0.017106 3.789888 1.422482 0.025119 2.371415 
1.611645 0.018017 3.264485 0.016929 2.678133 
1.278575 1.282222 3.836584 0.022219 3.172347 
0.653053 2.537558 3.802440 0.012581 3.172431 
0.021478 3.234033 3.199729 0.015865 2.679983 
1.081865 0.017810 4.833302 0.016397 2.670457 
0.588556 1.186937 5.206944 0.018356 2.926516 
0.024351 2.157737 4.841930 0.034972 2.683856 
0.479315 0.021551 5.676458 0.018555 2.409629 
0.015963 0.958012 5.669451 0.014069 2.373622 
0.012084 0.023200 5.894540 0.012435 1.981512 
1.905826 0.021090 0.020827 1.903644 2.391935 
1.751044 1.176212 0.018554 2.319153 2.891485 
1.273141 2.568538 0.015847 2.550089 3.131515 
0.581726 3.487878 0.014296 2.312539 2.887304 
0.018016 3.786291 0.018787 1.900232 2.375558 
1.749820 0.033317 1.741398 2.277591 2.873380 
1.422038 1.410624 2.156329 2.904688 3.583281 
0.706597 2.889498 2.121676 2.831107 3.544754 
0.022640 3.485458 1.739676 2.275785 2.876881 
1.287637 0.026065 3.818664 2.560648 3.183581 
0.717245 1.439434 4.356880 2.817454 3.430455 
0.016032 2.575863 3.818771 2.525435 3.001353 
0.579751 0.017915 5.230726 2.320464 2.904058 
0.020082 1.161906 5.242372 2.301226 2.830967 
0.009046 0.012353 5.665482 1.887752 2.377419 
1.613417 0.014689 0.014687 4.320588 2.676932 
1.276738 1.285850 0.016813 5.093342 3.173381 
0.646841 2.543883 0.019142 5.092099 3.196647 
0.023395 3.226672 0.020305 4.316717 2.647506 
1.278738 0.024633 1.924074 5.078398 3.163356 
0.721439 1.436766 2.069669 5.795593 3.569647 
0.026688 2.550493 1.963625 5.064554 3.181247 
0.640463 0.016721 3.863641 5.027290 3.164941 
0.017818 1.284432 3.819375 5.124243 3.020016 
0.016875 0.017336 4.813869 4.322739 2.683133 
1.081936 0.016299 0.015444 6.429195 2.707641 
0.584591 1.171736 0.016727 6.952259 2.907214 
0.016041 2.136745 0.013995 6.447208 2.691839 
0.584764 0.015516 1.755825 6.935956 2.928528 
0.020145 1.166914 1.746219 6.963250 2.869411 
0.021754 0.018827 3.225571 6.444653 2.647884 
0.480779 0.020136 0.020142 7.564966 2.382103 
0.014715 0.944115 0.013792 7.561753 2.374010 
0.012838 0.012461 1.453945 7.538392 2.404209 
0.010698 0.018564 0.012043 7.850406 1.998342 
1.802153 0.010480 0.011235 0.018284 4.451776 
1.617026 1.114910 0.017451 0.018789 5.353298 
1.174239 2.327508 0.016518 0.018201 5.769653 
0.542676 3.227874 0.013063 0.014315 5.341409 
0.012872 3.588659 0.016024 0.014061 4.494434 
1.619149 0.013965 1.596056 0.016940 5.361729 
1.285878 1.280750 1.939479 0.020342 6.320128 
0.650747 2.535545 1.980663 0.019319 6.319209 
0.018499 3.226630 1.623345 0.016714 5.341710 
1.169128 0.021423 3.492261 0.024886 5.817118 
0.640156 1.255753 3.864209 0.023105 6.340547 
0.016230 2.320633 3.489342 0.014627 5.776452 
0.542042 0.014528 4.842039 0.016244 5.326093 
0.017905 1.088395 4.850652 0.019367 5.301453 
0.016353 0.024188 5.373865 0.023187 4.515346 
1.621152 0.018051 0.021870 2.157901 5.364033 
1.276792 1.266323 0.019383 2.556396 6.396593 
0.640635 2.546571 0.013874 2.523210 6.357290 
0.016447 3.237041 0.014142 2.043746 5.366132 
1.290321 0.022415 1.882559 2.556654 6.336202 
0.720732 1.422444 2.182446 2.816641 7.090504 
0.019040 2.549665 1.925198 2.534945 6.330968 
0.634521 0.014786 3.816892 2.543530 6.338631 
0.015429 1.258167 3.799550 2.614020 6.336256 
0.012049 0.011549 4.846281 2.039571 5.363540 
1.172668 0.021168 0.023270 4.660401 5.783572 
0.642435 1.289500 0.017856 5.069150 6.353124 
0.022509 2.336823 0.024686 4.639766 5.784978 
0.648096 0.031192 1.902923 5.112149 6.388210 
0.016565 1.268749 1.901879 5.082405 6.348542 
0.022022 0.022042 3.515544 4.602913 5.769083 
0.545149 0.014938 0.018664 6.434293 5.361041 
0.020565 1.074731 0.020511 6.447976 5.354263 
0.021587 0.029360 1.599354 6.446568 5.367654 
0.009415 0.009727 0.020797 7.162422 4.487433 
1.421651 0.013987 0.014602 0.014200 7.116923 
1.079862 1.080196 0.021020 0.019614 8.069537 
0.540355 2.136461 0.017224 0.014588 8.069882 
0.017859 2.864693 0.016478 0.016648 7.035029 
1.081463 0.021967 1.634758 0.020467 8.051213 
0.575292 1.147773 1.856254 0.025801 8.701961 
0.016861 2.144234 1.647521 0.012081 8.021483 
0.536000 0.019049 3.241220 0.019808 8.048619 
0.017464 1.072514 3.191329 0.016682 8.080698 
0.017166 0.014576 4.237928 0.014864 7.117634 
1.087601 0.019077 0.018299 2.152365 8.035207 
0.595849 1.173390 0.026890 2.333126 8.703990 
0.018774 2.152565 0.019135 2.172510 8.030107 
0.595917 0.027412 1.737356 2.302378 8.716326 
0.027344 1.188146 1.774817 2.314901 8.679941 
0.010554 0.010780 3.241390 2.136655 8.006683 
0.550987 0.011812 0.015251 4.299024 8.011013 
0.017003 1.092897 0.017546 4.301319 8.013308 
0.017302 0.027706 1.622487 4.287450 8.038974 
0.010351 0.010709 0.015858 5.683859 7.059797 
0.901367 0.014937 0.012998 0.013176 8.971538 
0.473922 0.952692 0.016003 0.014789 9.460578 
0.016311 1.812032 0.012942 0.013436 8.944205 
0.482001 0.021424 1.430686 0.021419 9.464619 
0.018194 0.954547 1.434270 0.018787 9.448175 
0.014723 0.018689 2.708550 0.015766 8.950170 
0.471358 0.016951 0.013757 1.893011 9.458997 
0.016293 0.953807 0.014268 1.903963 9.440885 
0.013393 0.024246 1.427582 1.864979 9.450699 
0.010712 0.013554 0.014523 3.628880 8.929311 
0.388789 0.020780 0.020959 0.021137 9.849801 
0.015182 0.794467 0.015161 0.014633 9.822730 
0.014049 0.015683 1.193174 0.019375 9.818219 
0.008934 0.010148 0.008553 1.572187 9.814946 
0.009472 0.009462 0.009736 0.009710 10.009448 
