1.973300 0.006900 0.006852 0.007059 0.007792 
1.053052 0.408843 0.009311 0.011254 0.008716 
0.780816 0.764831 0.007359 0.007637 0.006462 
0.577632 1.119139 0.008465 0.011470 0.008432 
0.390961 1.512199 0.010008 0.010905 0.008114 
0.220617 2.089258 0.007723 0.010729 0.007691 
0.005868 3.797826 0.007957 0.007014 0.006917 
1.077023 0.008872 0.643022 0.008036 0.017542 
0.620138 0.314032 0.482075 0.019615 0.018479 
0.437851 0.583369 0.431363 0.011639 0.008447 
0.304837 0.878636 0.454362 0.009649 0.010441 
0.163236 1.245193 0.473172 0.008555 0.012991 
0.006889 2.146739 0.656687 0.006718 0.030732 
0.738072 0.007874 1.081016 0.028651 0.007030 
0.450814 0.299980 0.863777 0.008933 0.009387 
0.296525 0.563871 0.849402 0.007289 0.008033 
0.157208 0.865538 0.880965 0.008325 0.009898 
0.015488 1.372834 1.063420 0.015878 0.014436 
0.571680 0.011309 1.660474 0.007799 0.011829 
0.293357 0.289607 1.303140 0.011968 0.008315 
0.161455 0.590285 1.382534 0.019496 0.020214 
0.011030 1.106710 1.664979 0.007161 0.007339 
0.384801 0.017161 2.188331 0.009496 0.011664 
0.154990 0.310268 1.786241 0.018634 0.006670 
0.013756 0.726908 2.186912 0.008058 0.013307 
0.219477 0.013716 3.076969 0.008708 0.009477 
0.012145 0.424648 3.169286 0.010137 0.011013 
0.005990 0.006477 5.727408 0.009501 0.006279 
1.048578 0.010616 0.010982 0.832116 0.009664 
0.599332 0.291718 0.017117 0.600220 0.007436 
0.443712 0.583239 0.008796 0.575271 0.013808 
0.283939 0.832256 0.021484 0.577308 0.009679 
0.156565 1.195101 0.013872 0.608244 0.014622 
0.008169 2.068661 0.009080 0.844048 0.009959 
0.622601 0.010474 0.455109 0.605235 0.009654 
0.372581 0.244572 0.358914 0.468383 0.034713 
0.239920 0.464433 0.369006 0.465233 0.011111 
0.129551 0.718236 0.380348 0.478681 0.010604 
0.012758 1.202633 0.455188 0.589482 0.013501 
0.442273 0.010729 0.852628 0.567637 0.015652 
0.241987 0.238190 0.693515 0.477839 0.008619 
0.122526 0.472145 0.699169 0.472092 0.018862 
0.007358 0.881045 0.876968 0.570695 0.014482 
0.300632 0.008255 1.284284 0.565984 0.015218 
0.128634 0.244894 1.097072 0.500226 0.010804 
0.007951 0.600367 1.354383 0.572401 0.011553 
0.156345 0.014754 1.770754 0.598435 0.011554 
0.012672 0.307056 1.781141 0.587974 0.019563 
0.007188 0.011064 3.121438 0.846985 0.007446 
0.707327 0.021529 0.013066 1.403365 0.015757 
0.414866 0.272473 0.029089 1.100764 0.016778 
0.272535 0.527168 0.024616 1.084218 0.009565 
0.152598 0.854047 0.014514 1.152124 0.010622 
0.006746 1.454701 0.020128 1.453186 0.009525 
0.441900 0.008890 0.418737 1.144672 0.006869 
0.243486 0.239657 0.346361 0.927480 0.016211 
0.124680 0.472936 0.348699 0.948813 0.014310 
0.009630 0.842024 0.418136 1.148348 0.006701 
0.283566 0.007284 0.848384 1.113621 0.006223 
0.123089 0.233088 0.709303 1.005231 0.025044 
0.007983 0.539441 0.806745 1.147859 0.006212 
0.154965 0.009988 1.312662 1.097997 0.033064 
0.008870 0.293336 1.297462 1.120200 0.050312 
0.005894 0.005684 2.348909 1.602802 0.007973 
0.564768 0.012468 0.008132 2.181415 0.011482 
0.295329 0.285928 0.015647 1.688905 0.008290 
0.145973 0.554604 0.021613 1.710315 0.009541 
0.010709 1.070272 0.013049 2.151581 0.008106 
0.289373 0.009629 0.428870 1.777309 0.007240 
0.128391 0.245393 0.359998 1.479992 0.007013 
0.006138 0.587799 0.434016 1.763066 0.011771 
0.143215 0.010451 0.844999 1.771952 0.012904 
0.009317 0.283624 0.851249 1.725354 0.018427 
0.007656 0.018653 1.605319 2.208149 0.009951 
0.358765 0.021764 0.013786 2.764160 0.009285 
0.162924 0.322141 0.008026 2.495133 0.009517 
0.011139 0.715174 0.018055 2.877935 0.008783 
0.165437 0.008720 0.470733 2.532540 0.009735 
0.005507 0.315082 0.477052 2.496403 0.011525 
0.010255 0.016174 1.058557 2.943808 0.009975 
0.213438 0.008112 0.011115 4.106428 0.011808 
0.009131 0.407618 0.012909 4.075641 0.018411 
0.008049 0.019014 0.600132 4.082984 0.026370 
0.005970 0.005966 0.006447 7.711951 0.007504 
1.576654 0.016295 0.020171 0.024299 1.560315 
0.890212 0.445508 0.018519 0.018684 1.124702 
0.626393 0.813525 0.026493 0.011091 1.047930 
0.442429 1.264548 0.014214 0.018487 1.087909 
0.229376 1.774184 0.020982 0.016696 1.144249 
0.017397 3.072441 0.018692 0.016850 1.561701 
0.939400 0.013338 0.699661 0.008784 1.198372 
0.541024 0.352657 0.513676 0.011251 0.900401 
0.323183 0.626185 0.455535 0.058201 0.795655 
0.175887 0.994570 0.505342 0.019540 0.845277 
0.013177 1.769309 0.683653 0.015245 1.133687 
0.641083 0.009222 1.243528 0.027697 1.082336 
0.330069 0.316466 0.995499 0.017498 0.842219 
0.172909 0.645583 0.989228 0.023246 0.842832 
0.009423 1.281720 1.289890 0.011044 1.147753 
0.427145 0.018740 1.885374 0.009529 1.070413 
0.183169 0.343733 1.560030 0.013488 0.942156 
0.012349 0.849888 1.884654 0.008808 1.069693 
0.232120 0.013499 2.637933 0.020081 1.112690 
0.010292 0.447449 2.686225 0.018174 1.161451 
0.011108 0.012808 5.110873 0.014627 1.776274 
0.862951 0.013039 0.028910 0.873245 1.066251 
0.509994 0.348458 0.017637 0.654380 0.822108 
0.332492 0.644503 0.015103 0.632733 0.824926 
0.176959 0.977315 0.019748 0.687694 0.844564 
0.011470 1.670133 0.027973 0.872307 1.065313 
0.495403 0.018653 0.501486 0.672379 0.843419 
0.287085 0.277753 0.430527 0.568145 0.710586 
0.143147 0.541594 0.419824 0.551086 0.715190 
0.015615 0.964093 0.490285 0.652119 0.811703 
0.335862 0.016443 0.959312 0.650373 0.834016 
0.145229 0.279305 0.834079 0.542270 0.704217 
0.013026 0.643275 0.918295 0.652447 0.812032 
0.183554 0.010020 1.489590 0.696378 0.861276 
0.010036 0.345934 1.491479 0.697655 0.811620 
0.012478 0.044964 2.392410 0.829599 1.052211 
0.609505 0.019880 0.016854 1.593417 1.030638 
0.327187 0.311204 0.025632 1.278282 0.800904 
0.169619 0.619321 0.022037 1.275782 0.803104 
0.018075 1.147302 0.023924 1.595285 1.032506 
0.331435 0.016625 0.480946 1.267825 0.844465 
0.140543 0.276087 0.410592 1.117250 0.710028 
0.012611 0.641285 0.472953 1.303264 0.838118 
0.171752 0.012928 0.991787 1.304156 0.839011 
0.010437 0.316495 0.962475 1.370593 0.845322 
0.012934 0.016920 1.808810 1.630750 1.056309 
0.406430 0.021248 0.021124 2.419842 1.036049 
0.172943 0.340698 0.024027 1.996514 0.872653 
0.015509 0.802897 0.016596 2.420317 1.056438 
0.173991 0.011262 0.521177 2.071473 0.890774 
0.007671 0.353399 0.519325 2.108197 0.860388 
0.012308 0.018254 1.198447 2.421893 1.039693 
0.236964 0.008945 0.012838 3.647487 1.166455 
0.016632 0.432798 0.020480 3.459377 1.062037 
0.008965 0.008426 0.672854 3.658822 1.155351 
0.006402 0.006413 0.007716 7.289016 1.891187 
1.192848 0.014539 0.008497 0.009461 3.030830 
0.601786 0.391764 0.014414 0.009690 2.007576 
0.396625 0.773542 0.009288 0.010894 1.999400 
0.202500 1.162278 0.014265 0.015297 2.015650 
0.011506 2.311545 0.007733 0.010548 3.014870 
0.602045 0.014870 0.581226 0.006809 2.004270 
0.385347 0.327398 0.427013 0.041314 2.028686 
0.212008 0.760037 0.605238 0.026905 2.005275 
0.009423 1.161656 0.588431 0.009792 2.014559 
0.391127 0.008240 1.129870 0.017123 1.996135 
0.205693 0.387269 1.215148 0.028406 2.005928 
0.011143 0.775655 1.163420 0.008512 1.999388 
0.212870 0.024766 1.797454 0.017038 2.073876 
0.008354 0.400420 1.778391 0.009340 1.993820 
0.006634 0.017632 3.569283 0.006602 3.106961 
0.598692 0.014366 0.009517 0.782516 1.996775 
0.338800 0.294425 0.014282 0.586364 2.005773 
0.178567 0.630941 0.023262 0.592306 2.016245 
0.013959 1.142022 0.006526 0.772865 1.994857 
0.399629 0.021695 0.582476 0.774120 1.982710 
0.172947 0.330884 0.496378 0.675404 1.703471 
0.019031 0.750860 0.591042 0.745949 1.960772 
0.206763 0.014592 1.176854 0.806085 1.966814 
0.012459 0.397660 1.177442 0.806673 1.967402 
0.008096 0.011145 1.775162 0.773445 2.041227 
0.388951 0.011374 0.008241 1.506246 1.996080 
0.167350 0.310941 0.019587 1.246683 2.047847 
0.008193 0.755163 0.010789 1.496157 2.001327 
0.223085 0.013592 0.593590 1.547549 1.830849 
0.009562 0.423893 0.585851 1.555543 1.975335 
0.007621 0.009220 1.141121 1.613869 2.021809 
0.211265 0.011389 0.008384 2.457162 2.025920 
0.009256 0.390650 0.009220 2.371629 2.030361 
0.009704 0.009341 0.604000 2.456665 2.064940 
0.008041 0.008322 0.008820 4.985717 3.154771 
0.811037 0.007570 0.007554 0.007576 4.064639 
0.484459 0.468898 0.021575 0.009385 3.607422 
0.230639 0.880080 0.028878 0.017536 3.405194 
0.006553 1.573075 0.007941 0.006987 4.065100 
0.471043 0.022471 0.703567 0.008594 3.567439 
0.192513 0.365846 0.531277 0.017442 2.732528 
0.012843 0.918886 0.711764 0.008847 3.562711 
0.237240 0.019303 1.338259 0.015248 3.552248 
0.006962 0.456164 1.405509 0.020537 3.725707 
0.007225 0.007820 2.308138 0.008564 3.990976 
0.477822 0.009019 0.016625 0.921886 3.602068 
0.189354 0.374171 0.010608 0.750063 2.839504 
0.011144 0.898500 0.021319 0.924085 3.530010 
0.186802 0.016229 0.546664 0.721255 2.786749 
0.013463 0.345516 0.535291 0.720528 2.692463 
0.006806 0.008377 1.401434 0.978278 3.600324 
0.235484 0.018862 0.014194 1.833130 3.434294 
0.010081 0.460249 0.014083 1.871902 3.580425 
0.018022 0.015474 0.685979 1.851071 3.461339 
0.007443 0.008288 0.008706 3.097622 3.996870 
0.574315 0.011850 0.028780 0.014277 5.747645 
0.226806 0.434853 0.009841 0.010110 4.530552 
0.020180 1.107294 0.006083 0.010501 5.710210 
0.208278 0.009343 0.628288 0.012192 4.216094 
0.010267 0.426835 0.644087 0.008039 4.288006 
0.009990 0.016458 1.691155 0.012024 5.816326 
0.213567 0.011232 0.012306 0.824752 4.206815 
0.007113 0.416460 0.009287 0.850897 4.258389 
0.005029 0.005892 0.631122 0.883415 4.316556 
0.037731 0.054941 0.068490 1.678043 4.041962 
0.260578 0.015522 0.008988 0.009576 6.425766 
0.010540 0.508829 0.008684 0.008009 6.516576 
0.010257 0.016085 0.757998 0.011653 6.467359 
0.008276 0.009534 0.008333 1.179062 7.449146 
0.007011 0.007809 0.007184 0.008081 9.788227 
