2.368506 0.368794 0.371875 0.369129 0.374678 0.368945 0.387090 0.385277 
2.214843 1.842815 0.358211 0.358896 0.358037 0.358263 0.365302 0.359677 
1.178420 3.909761 0.308261 0.308586 0.309144 0.308703 0.309691 0.309386 
0.263599 4.263565 0.265814 0.267242 0.263707 0.265992 0.277580 0.264797 
2.226911 0.355665 2.471279 0.356007 0.361567 0.355431 0.360111 0.371745 
1.553486 2.630322 3.450457 0.307507 0.310249 0.307366 0.314832 0.308467 
0.259139 3.952456 2.562335 0.262275 0.265227 0.259423 0.272951 0.275608 
1.262430 0.308059 5.580493 0.309433 0.312296 0.307984 0.313716 0.309366 
0.206881 2.152001 5.449660 0.208601 0.208530 0.211013 0.225406 0.207348 
0.159184 0.166982 6.159102 0.174506 0.164575 0.164692 0.161900 0.162203 
2.248020 0.354061 0.357064 2.920925 0.360011 0.354226 0.371511 0.370559 
1.588035 2.676087 0.307370 4.217808 0.308796 0.307243 0.317616 0.324116 
0.256931 3.978652 0.258987 3.188411 0.280001 0.257785 0.263071 0.260954 
1.653089 0.309301 3.617413 4.264417 0.310422 0.309168 0.316185 0.311537 
0.207944 2.795869 3.605796 4.291705 0.207906 0.214567 0.226214 0.208262 
0.157246 0.158811 5.651129 3.372774 0.161674 0.159513 0.183628 0.157396 
1.374040 0.310731 0.310641 7.085596 0.311298 0.310526 0.317989 0.312697 
0.208469 2.238636 0.208458 7.101437 0.217443 0.212774 0.218868 0.208974 
0.117593 0.120423 2.950978 7.169007 0.126507 0.136957 0.120533 0.117576 
0.072631 0.072639 0.074501 8.072621 0.075466 0.079983 0.091031 0.080314 
2.257271 0.359160 0.359072 0.359035 3.502758 0.359030 0.365241 0.360936 
1.608110 2.705331 0.310605 0.321457 5.008426 0.310626 0.312406 0.311758 
0.257077 4.007149 0.259099 0.260504 3.736211 0.257945 0.263222 0.261141 
1.654394 0.307873 3.653228 0.307108 5.141713 0.306064 0.313194 0.306538 
0.206745 2.783083 3.673957 0.208240 5.218568 0.216732 0.217165 0.208127 
0.158758 0.160040 5.661109 0.158825 4.146284 0.159133 0.161337 0.162024 
1.688069 0.306585 0.306741 4.515374 5.265970 0.306455 0.313482 0.307946 
0.207048 2.882604 0.207034 4.514608 5.331970 0.211375 0.226817 0.207575 
0.111271 0.115880 3.844782 4.631696 5.528973 0.118440 0.115469 0.117650 
0.070990 0.071248 0.074353 7.298282 4.358639 0.078294 0.089647 0.076734 
1.386000 0.309542 0.311358 0.309749 8.737244 0.309760 0.314553 0.315428 
0.207638 2.379089 0.211467 0.215243 8.605383 0.210103 0.222702 0.213929 
0.110432 0.120053 3.062083 0.124062 8.816613 0.135340 0.127446 0.117831 
0.021083 0.021084 0.022944 3.759744 8.861897 0.023473 0.025307 0.028058 
0.024045 0.024163 0.025358 0.026970 10.024032 0.032207 0.028754 0.031567 
2.242509 0.357125 0.357185 0.357490 0.357180 4.356283 0.364717 0.358771 
1.600022 2.691111 0.307269 0.307207 0.306976 6.011215 0.313703 0.308407 
0.259177 4.006538 0.260431 0.258687 0.266765 4.448689 0.260650 0.260638 
1.654942 0.305951 3.608942 0.310891 0.311259 6.209132 0.311922 0.306891 
0.208706 2.744510 3.673143 0.209944 0.210219 6.382512 0.219088 0.209229 
0.161464 0.161706 5.677430 0.163051 0.163516 4.883374 0.164045 0.164215 
1.679168 0.307179 0.307169 4.450532 0.307900 6.438376 0.313547 0.311253 
0.204626 2.848833 0.206752 4.536586 0.208247 6.437420 0.230952 0.208842 
0.115105 0.116944 3.831644 4.610950 0.122670 6.691310 0.131974 0.117906 
0.069330 0.069363 0.084802 7.309812 0.079495 5.172598 0.069949 0.077020 
1.708093 0.307098 0.307791 0.310900 5.283250 6.443942 0.314485 0.322550 
0.206594 2.901594 0.207762 0.207830 5.338423 6.586596 0.216970 0.207940 
0.112140 0.112319 3.926560 0.132081 5.520358 6.721330 0.128980 0.112482 
0.027658 0.027812 0.029364 4.797015 5.675818 6.874516 0.044177 0.030627 
0.027929 0.028003 0.028765 0.028841 8.959214 5.425525 0.032617 0.032966 
1.385117 0.308256 0.308295 0.308303 0.309614 10.419553 0.314344 0.309291 
0.209320 2.363443 0.209305 0.210182 0.210867 10.320519 0.224536 0.212362 
0.116127 0.116872 3.085132 0.123534 0.116738 10.543942 0.117971 0.121856 
0.026891 0.027590 0.036696 3.722888 0.037275 10.669333 0.045418 0.033303 
0.028952 0.030073 0.038598 0.029004 4.479553 10.774804 0.035025 0.037787 
0.027102 0.027550 0.033435 0.033542 0.032934 12.027046 0.045648 0.033528 
2.245196 0.356830 0.356590 0.356992 0.357294 0.356817 4.959808 0.358263 
1.597479 2.694753 0.306618 0.306758 0.308523 0.308838 6.974171 0.307685 
0.259238 4.002978 0.258321 0.258489 0.266815 0.258191 5.178783 0.262200 
1.668585 0.304428 3.592121 0.304225 0.309355 0.304420 7.078517 0.305240 
0.209221 2.801947 3.651594 0.210603 0.211951 0.209149 7.217917 0.212921 
0.161091 0.169761 5.682572 0.161131 0.161294 0.170287 5.639370 0.162456 
1.684738 0.307145 0.307569 4.449860 0.308000 0.306418 7.396205 0.307239 
0.207488 2.887581 0.209550 4.519232 0.207700 0.218966 7.353356 0.211744 
0.110470 0.111943 3.825079 4.692051 0.112458 0.119665 7.633072 0.113135 
0.067833 0.068227 0.081281 7.305984 0.078176 0.072854 6.030229 0.070263 
1.718421 0.305145 0.305323 0.309382 5.243074 0.305130 7.399716 0.307484 
0.207270 2.921453 0.207327 0.208117 5.339445 0.211458 7.564216 0.207750 
0.107756 0.111631 3.916295 0.108087 5.515577 0.108100 7.834904 0.109083 
0.024716 0.025517 0.031591 4.830235 5.686020 0.042180 7.927033 0.039891 
0.025976 0.026045 0.027974 0.027212 8.979106 0.028033 6.262085 0.041328 
1.710617 0.307335 0.306632 0.307788 0.310945 6.313713 7.398371 0.308539 
0.205689 2.922495 0.210710 0.212494 0.206999 6.546093 7.336149 0.208303 
0.107768 0.107851 3.905983 0.121718 0.109487 6.700154 7.743327 0.130076 
0.028581 0.030323 0.040681 4.807646 0.034263 6.890103 7.899421 0.034736 
0.029470 0.029478 0.035969 0.030778 5.750242 7.029330 8.101778 0.036424 
0.027224 0.027235 0.038034 0.028739 0.034835 10.794356 6.208164 0.033732 
1.401552 0.307745 0.307608 0.307713 0.308015 0.307739 12.027125 0.308944 
0.208511 2.311603 0.208953 0.208851 0.212905 0.208291 12.115824 0.208269 
0.113516 0.117484 3.116854 0.117015 0.119259 0.115517 12.232638 0.203344 
0.026767 0.026943 0.032496 3.796998 0.031403 0.028439 12.374479 0.041828 
0.026777 0.026919 0.027818 0.026791 4.511555 0.030431 12.539873 0.031857 
0.023630 0.023630 0.023752 0.023637 0.023631 5.481661 12.491682 0.031017 
0.021766 0.021841 0.021787 0.023582 0.023570 0.021774 14.021765 0.028174 
2.244137 0.355896 0.355812 0.356179 0.358324 0.355648 0.361425 5.623126 
1.601794 2.681939 0.307532 0.307800 0.307999 0.307614 0.308296 7.955994 
0.257172 4.002214 0.256934 0.256718 0.261624 0.256356 0.260311 5.868373 
1.667607 0.308519 3.584232 0.309273 0.308234 0.308461 0.313870 8.144196 
0.208808 2.782584 3.648973 0.208488 0.215221 0.210732 0.223999 8.317231 
0.160105 0.166485 5.683951 0.165584 0.162225 0.162865 0.201875 6.406387 
1.686486 0.307942 0.308912 4.436516 0.309071 0.307551 0.308477 8.438365 
0.205625 2.859010 0.205954 4.563709 0.212991 0.217282 0.214560 8.413984 
0.110264 0.110362 3.845501 4.679389 0.112306 0.113772 0.112529 8.670531 
0.068772 0.068777 0.079801 7.295848 0.079255 0.074815 0.086130 6.929954 
1.706698 0.308164 0.308184 0.308832 5.341941 0.308202 0.311359 8.429113 
0.209848 2.908580 0.210050 0.219421 5.466272 0.218363 0.215025 8.500009 
0.113995 0.114160 3.941729 0.134005 5.541090 0.156327 0.126385 8.855023 
0.031587 0.031702 0.032616 4.833726 5.686951 0.034157 0.040760 9.080284 
0.028739 0.028776 0.029039 0.029081 8.970150 0.047753 0.033519 7.193247 
1.704342 0.307550 0.307432 0.306807 0.308473 6.439162 0.313089 8.312972 
0.209571 2.883291 0.209378 0.212937 0.214559 6.525446 0.211131 8.614009 
0.115863 0.115910 3.892759 0.119617 0.117397 6.790727 0.130459 8.796437 
0.032398 0.033619 0.045071 4.824900 0.042026 6.926405 0.042933 8.955068 
0.033132 0.033141 0.033223 0.033135 5.825506 6.993819 0.042489 9.196768 
0.027372 0.027572 0.027527 0.033003 0.027385 10.782506 0.038874 7.123769 
1.701959 0.305003 0.305067 0.308903 0.305624 0.305246 7.325147 8.473517 
0.206786 2.899342 0.208759 0.214264 0.207560 0.215158 7.486697 8.619500 
0.108911 0.111259 3.912130 0.109776 0.110577 0.110388 7.762144 8.863269 
0.034315 0.034543 0.036719 4.861382 0.040273 0.034881 7.911356 9.076013 
0.028410 0.029087 0.034106 0.028412 5.801344 0.040455 8.142583 9.230524 
0.033472 0.033731 0.036394 0.033436 0.033429 6.942876 8.122269 9.289183 
0.024449 0.025191 0.024911 0.042660 0.024683 0.024496 12.503437 7.277205 
1.388540 0.305924 0.305879 0.308856 0.309186 0.305790 0.308223 13.758180 
0.209141 2.374282 0.210858 0.209934 0.215194 0.209536 0.225569 13.662488 
0.117908 0.118591 3.134794 0.129238 0.120638 0.124602 0.127086 13.948111 
0.030854 0.031045 0.032568 3.783548 0.034372 0.033030 0.039601 14.161257 
0.029527 0.029533 0.038595 0.036567 4.484503 0.032747 0.036885 14.354013 
0.026112 0.026235 0.026663 0.026118 0.026113 5.401975 0.026124 14.330740 
0.029565 0.029862 0.029601 0.030270 0.029554 0.030212 6.247843 14.364680 
0.026096 0.026184 0.026966 0.026109 0.026160 0.026108 0.029582 16.026089 
2.333147 0.486845 1.022765 1.062901 1.058447 1.456824 1.533509 1.969281 
1.709870 3.100689 0.989585 1.020376 1.012229 1.403253 1.646917 1.879825 
0.277451 4.222777 0.581257 0.780237 0.792899 1.080179 1.476111 1.532865 
1.813954 0.681067 4.010143 1.367492 1.020930 0.781966 1.864769 2.177720 
0.389365 3.132914 4.125278 1.064394 1.225318 1.445671 1.688018 1.845393 
0.249305 0.367986 6.122854 0.897650 1.373334 1.163113 1.379828 1.788358 
1.873376 0.640523 0.677738 5.033463 0.856607 1.762068 1.653452 1.920650 
0.382341 3.287869 0.747692 4.997716 1.342540 1.313020 1.754778 1.810168 
0.457735 0.688358 4.506120 5.344380 1.402714 1.668623 1.564794 2.180125 
0.260971 0.506610 0.545835 8.060101 1.178493 1.440331 1.729721 1.861770 
1.876848 0.644400 0.868485 1.154048 6.163009 1.398786 1.548511 1.629341 
0.424791 3.315487 0.904013 1.013649 6.057113 1.310897 1.734792 2.130957 
0.386364 0.659506 4.639308 1.017857 6.309477 1.552943 1.629299 2.034927 
0.456042 0.747107 0.951634 5.720750 6.775886 1.599720 1.792669 2.113407 
0.359588 0.572089 0.759004 0.938576 9.862006 1.348242 1.531080 1.768955 
1.887191 0.558412 0.841904 1.058055 1.211670 7.233109 1.678019 1.915347 
0.400549 3.250628 0.861736 1.035272 1.304361 7.397794 1.791389 2.136756 
0.419911 0.707898 4.537569 1.111615 1.314182 7.726495 1.747594 1.984384 
0.450084 0.761821 0.968989 5.660275 1.340759 8.073427 1.799595 2.168853 
0.410930 0.731107 0.921596 1.162756 6.683545 8.336868 1.783545 2.128762 
0.300429 0.574025 0.767748 0.901404 1.017438 11.747076 1.324537 1.811551 
1.906946 0.672275 0.833646 1.044415 1.225986 1.534061 8.401672 1.598738 
0.472260 3.343882 0.885337 0.982227 1.275900 1.301547 8.133905 2.149277 
0.419405 0.693999 4.523961 1.039767 1.343718 1.502030 8.997690 2.115909 
0.455540 0.722748 0.952004 5.660789 1.373368 1.733053 9.309762 2.191772 
0.418046 0.690836 0.919820 1.167619 6.772034 1.545506 9.653211 2.008399 
0.466318 0.767673 0.992916 1.210853 1.371699 8.347378 9.388145 2.130482 
0.366692 0.603437 0.742984 0.950246 1.100012 1.409341 13.690720 1.726664 
1.983905 0.576655 0.469606 1.108427 1.433056 1.583157 1.949789 9.518190 
0.411328 3.285116 0.750337 1.036148 1.249118 1.501073 1.806010 9.647174 
0.453408 0.676036 4.559885 1.164264 1.197088 1.552902 1.758108 10.364978 
0.438540 0.700775 0.965251 5.659977 1.288212 1.661282 1.731635 10.723665 
0.452165 0.700572 0.931787 1.282884 6.798419 1.633306 1.946316 10.849959 
0.463224 0.778102 0.956425 1.199801 1.374526 8.351175 1.811834 10.875939 
0.460917 0.756056 0.984003 1.217021 1.437879 1.630868 9.509078 10.838580 
0.362320 0.601241 0.808989 0.940036 1.154304 1.132603 1.504063 15.494907 
