2.050358 0.050419 0.050450 0.050736 0.051948 0.052452 0.050794 0.052076 
1.839505 1.837585 0.051203 0.050409 0.050328 0.050930 0.050505 0.051024 
0.944115 3.629361 0.050894 0.050908 0.050947 0.053387 0.051645 0.052882 
0.050399 4.050373 0.050798 0.051392 0.050683 0.052320 0.050806 0.052256 
1.839133 0.050970 2.733835 0.051256 0.050410 0.052236 0.050849 0.053211 
1.202854 2.365042 3.512365 0.050853 0.050299 0.050841 0.053879 0.052071 
0.050681 3.627863 2.733750 0.050958 0.050323 0.050627 0.052611 0.053323 
0.943326 0.050584 5.419633 0.051568 0.051669 0.051220 0.052906 0.052109 
0.050665 1.836125 5.419356 0.050666 0.050523 0.050810 0.052060 0.053213 
0.050318 0.050303 6.050303 0.051028 0.050345 0.050547 0.051889 0.050944 
1.838866 0.050686 0.050657 3.631271 0.050418 0.050949 0.051987 0.053182 
1.203093 2.363602 0.051726 4.677568 0.053131 0.051946 0.051868 0.051761 
0.050705 3.627201 0.051392 3.631562 0.051962 0.050907 0.052787 0.051123 
1.204393 0.050601 3.512824 4.675406 0.051030 0.051060 0.052576 0.052818 
0.050888 2.358091 3.512887 4.675797 0.054326 0.052347 0.056539 0.053379 
0.050661 0.050507 5.416450 3.629844 0.050559 0.051983 0.051598 0.052316 
0.944556 0.050555 0.050541 7.206407 0.050427 0.050958 0.051996 0.051843 
0.050499 1.837456 0.050442 7.207350 0.050358 0.050642 0.051596 0.053005 
0.050593 0.050219 2.730821 7.207408 0.050990 0.050816 0.051756 0.051115 
0.050361 0.050667 0.051173 8.050348 0.050731 0.050731 0.052465 0.052262 
1.839322 0.050377 0.051297 0.050716 4.521298 0.051634 0.053773 0.051758 
1.204139 2.363605 0.050761 0.050856 5.820064 0.053006 0.051602 0.051914 
0.050545 3.628471 0.050875 0.052213 4.521460 0.050718 0.055254 0.053326 
1.204645 0.050647 3.514627 0.050669 5.826892 0.050598 0.052203 0.053322 
0.050737 2.360459 3.517064 0.051037 5.819656 0.051383 0.052441 0.053635 
0.051354 0.050398 5.418398 0.051029 4.517601 0.050902 0.053359 0.052342 
1.204350 0.050591 0.050501 4.675854 5.820043 0.052926 0.050952 0.051923 
0.050831 2.357619 0.052177 4.675527 5.822240 0.053014 0.052229 0.053347 
0.050601 0.051900 3.511109 4.675472 5.822173 0.052856 0.051812 0.051162 
0.050426 0.050260 0.050919 7.204812 4.524556 0.050890 0.050705 0.050974 
0.945713 0.050387 0.050467 0.050446 8.991974 0.050613 0.051551 0.053048 
0.051095 1.839187 0.051280 0.051143 8.996284 0.051773 0.052368 0.052521 
0.050348 0.050292 2.732075 0.050553 8.995762 0.051528 0.051175 0.050507 
0.050285 0.050625 0.050277 3.632091 8.991982 0.050930 0.050853 0.053328 
0.050655 0.050295 0.051809 0.050321 10.050290 0.050619 0.050530 0.051232 
1.839695 0.050739 0.051621 0.052008 0.051450 5.415768 0.053517 0.053659 
1.203749 2.362795 0.050774 0.050673 0.051026 6.978905 0.052019 0.054636 
0.050947 3.628433 0.050522 0.051806 0.051097 5.415526 0.053275 0.053208 
1.205104 0.050653 3.515888 0.050883 0.050772 6.977584 0.053766 0.052832 
0.050931 2.359285 3.516698 0.051035 0.052436 6.977712 0.052024 0.051401 
0.050329 0.050293 5.417559 0.051140 0.050377 5.414041 0.052010 0.053009 
1.205571 0.051200 0.051138 4.673069 0.052497 6.972602 0.053785 0.053664 
0.050608 2.360833 0.050406 4.674252 0.051552 6.967524 0.053802 0.051846 
0.050669 0.051355 3.515517 4.673390 0.051185 6.971325 0.053809 0.051166 
0.050474 0.050262 0.050832 7.206183 0.050345 5.415315 0.051551 0.051010 
1.205797 0.051066 0.050801 0.051380 5.822690 6.977536 0.051029 0.053063 
0.051718 2.360922 0.050732 0.051311 5.822621 6.977467 0.050960 0.052993 
0.050503 0.050547 3.512842 0.051359 5.830187 6.974802 0.055357 0.053262 
0.050509 0.050633 0.050390 4.672733 5.817093 6.981411 0.052706 0.052892 
0.050442 0.050343 0.051992 0.050341 8.993725 5.419032 0.051833 0.053141 
0.943543 0.050776 0.050812 0.051546 0.051377 10.788472 0.051384 0.053157 
0.050659 1.836380 0.050780 0.050948 0.051345 10.788440 0.051352 0.053284 
0.050207 0.050237 2.727992 0.050533 0.050943 10.788823 0.051220 0.051157 
0.050690 0.050528 0.050911 3.621998 0.050984 10.788320 0.052073 0.052391 
0.050206 0.050782 0.050186 0.050181 4.523001 10.782897 0.052061 0.051131 
0.050267 0.050499 0.050350 0.050506 0.050253 12.050253 0.050384 0.051010 
1.839427 0.050707 0.050326 0.050395 0.052500 0.050650 6.307275 0.050956 
1.204535 2.364844 0.051003 0.050900 0.051277 0.052486 8.123313 0.053347 
0.050864 3.628657 0.051755 0.051139 0.050892 0.050815 6.308165 0.053233 
1.204738 0.051326 3.514484 0.051061 0.050945 0.051075 8.139461 0.053687 
0.050605 2.360429 3.517118 0.051287 0.051523 0.051392 8.126221 0.053673 
0.052688 0.050400 5.415927 0.051177 0.050475 0.050754 6.316197 0.050498 
1.205621 0.050753 0.051306 4.675021 0.051176 0.051599 8.121829 0.052185 
0.050404 2.363115 0.050486 4.666680 0.052945 0.053005 8.126045 0.053861 
0.051170 0.050339 3.514881 4.672714 0.052880 0.053029 8.125856 0.053329 
0.050451 0.050437 0.051723 7.205892 0.050521 0.050793 6.311296 0.050537 
1.205220 0.050949 0.050406 0.050896 5.825361 0.050642 8.130151 0.050717 
0.050633 2.360414 0.050477 0.052091 5.824747 0.052649 8.130222 0.053239 
0.050344 0.050330 3.516754 0.050377 5.828468 0.050709 8.121308 0.053081 
0.050573 0.050469 0.050408 4.674123 5.826057 0.050415 8.121566 0.051117 
0.050173 0.050212 0.051989 0.050174 8.995624 0.050439 6.307861 0.050710 
1.206945 0.050253 0.050283 0.050545 0.050254 6.973252 8.124866 0.053030 
0.050561 2.361797 0.051803 0.052563 0.051159 6.980113 8.125166 0.051839 
0.051020 0.050473 3.515830 0.050816 0.051585 6.975744 8.133580 0.051590 
0.050420 0.050551 0.050422 4.670204 0.050717 6.983835 8.124926 0.051019 
0.050314 0.050531 0.050284 0.050326 5.825450 6.979471 8.129649 0.052146 
0.050203 0.050202 0.050202 0.050203 0.050202 10.783383 6.311065 0.051094 
0.945202 0.050581 0.050527 0.050642 0.050497 0.050453 12.570790 0.050691 
0.050494 1.840220 0.051578 0.051341 0.050528 0.050769 12.570944 0.050902 
0.050454 0.051474 2.736493 0.050804 0.051511 0.051802 12.569060 0.052249 
0.050329 0.052466 0.050329 3.629782 0.050894 0.050508 12.570780 0.053287 
0.050262 0.050343 0.050180 0.050181 4.523500 0.050349 12.571332 0.051364 
0.050258 0.050258 0.050268 0.050296 0.050802 5.416395 12.572488 0.051186 
0.050238 0.050181 0.050204 0.050181 0.050448 0.051121 14.050181 0.051171 
1.839135 0.050482 0.050532 0.050685 0.050454 0.050890 0.053171 7.207981 
1.205946 2.360077 0.050730 0.050539 0.050480 0.050964 0.055030 9.280427 
0.050742 3.627615 0.050434 0.051142 0.050768 0.050707 0.051559 7.209358 
1.204733 0.050473 3.516397 0.050942 0.050433 0.052615 0.054673 9.285564 
0.050641 2.360272 3.516935 0.050767 0.050479 0.050884 0.051504 9.279998 
0.050508 0.050576 5.416876 0.051617 0.050568 0.051017 0.051846 7.206955 
1.204449 0.051481 0.052201 4.674042 0.051688 0.052907 0.051793 9.295007 
0.051214 2.361025 0.051385 4.667016 0.051209 0.052398 0.051494 9.290871 
0.050647 0.050617 3.517579 4.669082 0.050747 0.050832 0.055343 9.281258 
0.050340 0.050538 0.051554 7.207755 0.051000 0.050600 0.052576 7.197744 
1.205260 0.051033 0.051103 0.051328 5.824876 0.052303 0.052995 9.286690 
0.050652 2.360023 0.050765 0.051373 5.824924 0.052350 0.051134 9.286729 
0.052860 0.050359 3.510130 0.055062 5.825530 0.052555 0.052761 9.296792 
0.050200 0.050174 0.050725 4.672937 5.820349 0.050648 0.052626 9.285174 
0.050312 0.050302 0.052864 0.050538 8.995102 0.050780 0.050735 7.203948 
1.206408 0.050415 0.051147 0.050769 0.050654 6.976923 0.051108 9.279557 
0.050447 2.362345 0.050586 0.050905 0.050872 6.970134 0.050882 9.289064 
0.050727 0.052031 3.512610 0.051143 0.051952 6.982463 0.053188 9.289364 
0.050604 0.050612 0.051415 4.668808 0.051251 6.974186 0.052700 9.295562 
0.050735 0.050367 0.050372 0.050367 5.827029 6.976704 0.051851 9.285400 
0.050240 0.050299 0.051169 0.050197 0.051814 10.782911 0.050747 7.206709 
1.205890 0.050852 0.050696 0.051151 0.050642 0.050750 8.130013 9.287570 
0.050570 2.361056 0.051228 0.051233 0.051279 0.051212 8.129898 9.287455 
0.050348 0.051592 3.516493 0.051049 0.050733 0.050874 8.130303 9.285610 
0.050574 0.050571 0.051180 4.678348 0.051029 0.052140 8.141130 9.261418 
0.050408 0.050371 0.051544 0.051950 5.826955 0.052279 8.129512 9.287337 
0.050253 0.050253 0.050253 0.050846 0.050262 6.975821 8.134105 9.290285 
0.050415 0.050172 0.050471 0.050172 0.050172 0.050175 12.571414 7.207277 
0.944611 0.050697 0.050711 0.051014 0.051306 0.050620 0.051392 14.363058 
0.050714 1.838726 0.051719 0.050781 0.050718 0.050942 0.050707 14.363154 
0.050802 0.050645 2.732795 0.050951 0.051097 0.051824 0.050634 14.362648 
0.050365 0.050211 0.050592 3.634304 0.050530 0.050486 0.050802 14.354635 
0.050235 0.050195 0.051483 0.050230 4.523545 0.051006 0.050385 14.360057 
0.050288 0.050280 0.050395 0.050450 0.050272 5.415020 0.050371 14.362316 
0.050241 0.050241 0.050242 0.054849 0.051571 0.050242 6.309109 14.362286 
0.050233 0.050233 0.050429 0.050479 0.050462 0.050233 0.050724 16.050232 
1.970822 0.471328 0.692163 0.891259 1.111023 1.324558 1.535797 1.740757 
1.389028 2.733529 0.836987 1.099386 1.380279 1.636849 1.928093 2.171513 
0.264105 3.888937 0.692267 0.900757 1.117582 1.334524 1.541607 1.754595 
1.391180 0.577185 4.072402 1.128729 1.395456 1.654361 1.928261 2.187300 
0.315626 2.713470 4.074256 1.120180 1.408193 1.713744 1.920375 2.188014 
0.261253 0.469148 5.817325 0.897693 1.130719 1.303566 1.527054 1.708779 
1.390121 0.586485 0.854742 5.407823 1.395089 1.674805 1.927823 2.221227 
0.318031 2.715079 0.844299 5.414520 1.407176 1.647670 1.911321 2.177219 
0.318587 0.581326 4.078379 5.376210 1.378939 1.653477 1.916226 2.194253 
0.264990 0.472174 0.709993 7.738527 1.124968 1.323985 1.559466 1.757210 
1.387208 0.579934 0.841841 1.114376 6.737660 1.666550 1.929115 2.187932 
0.319767 2.727092 0.869078 1.122186 6.732859 1.647623 1.908530 2.219499 
0.317299 0.595407 4.055868 1.106636 6.754561 1.626256 1.920410 2.175117 
0.320686 0.580383 0.858299 5.394199 6.754485 1.665957 1.934187 2.167310 
0.262732 0.471488 0.684085 0.910497 9.658554 1.315782 1.585049 1.743232 
1.386862 0.586054 0.851364 1.124516 1.384943 8.082698 1.898589 2.203094 
0.321127 2.728035 0.860974 1.112775 1.392183 8.116989 1.919174 2.174867 
0.312632 0.576708 4.076524 1.123449 1.375343 8.048195 1.929468 2.174711 
0.322193 0.580655 0.863976 5.422426 1.427169 8.069008 1.909729 2.202842 
0.318011 0.584165 0.854094 1.129995 6.737352 8.060682 1.945655 2.192807 
0.262248 0.476627 0.678184 0.873358 1.131596 11.584885 1.527573 1.737491 
1.385832 0.583813 0.852656 1.125507 1.379752 1.616645 9.463046 2.179171 
0.316415 2.728347 0.861743 1.116987 1.385643 1.682997 9.472428 2.176941 
0.317385 0.585082 4.049389 1.123900 1.371908 1.644355 9.443420 2.179588 
0.318673 0.587172 0.855120 5.406480 1.389590 1.634568 9.403571 2.194288 
0.315514 0.580710 0.851740 1.124965 6.773103 1.600000 9.364201 2.178431 
0.322067 0.589320 0.879594 1.122572 1.442510 8.039024 9.393538 2.225256 
0.262950 0.476489 0.696886 0.933530 1.127267 1.342431 13.481193 1.794939 
1.388121 0.583510 0.855267 1.120873 1.376370 1.649065 1.924876 10.734192 
0.315802 2.732218 0.856830 1.115020 1.388578 1.666345 1.946734 10.696970 
0.315220 0.579596 4.056393 1.123763 1.422323 1.647448 1.941822 10.739700 
0.312130 0.572868 0.863995 5.434418 1.386530 1.649039 1.922427 10.696062 
0.313141 0.575343 0.843531 1.081275 6.755468 1.616925 1.891538 10.771046 
0.310218 0.594906 0.835751 1.100832 1.389369 8.082152 1.945572 10.778714 
0.313267 0.570151 0.866401 1.111145 1.372365 1.648910 9.467189 10.736655 
0.260657 0.456280 0.707199 0.880031 1.069709 1.318121 1.689260 15.407827 
