2.578910 1.277997 1.663992 1.069573 0.984245 
2.566020 1.278761 1.667726 1.081567 0.980278 
1.922085 2.471285 1.940118 1.032868 0.990522 
2.068270 2.343222 1.679383 1.037901 0.988842 
1.281609 3.812762 1.824313 1.038845 0.991793 
1.263575 3.768795 1.834636 1.078310 0.975176 
1.882416 1.302827 3.801092 1.034788 0.989864 
2.085107 1.007547 3.445940 1.091632 1.014615 
1.293737 2.504638 3.744668 1.041534 0.988371 
1.236094 2.411943 3.637801 1.189481 0.938254 
1.268016 1.262240 5.695932 1.038126 0.988796 
1.172583 0.970364 6.171255 1.119267 0.987927 
2.556146 1.259868 1.124392 1.509427 0.930510 
2.387131 1.505500 1.199561 1.311182 0.897691 
1.921877 2.564263 1.115847 1.490955 0.935564 
2.061426 2.706447 1.025699 1.142259 1.056269 
1.287623 3.866295 1.095254 1.542041 0.947629 
1.265762 3.669310 1.075369 2.096884 0.953259 
2.644579 1.020612 1.643271 1.292545 0.977434 
2.653430 1.018921 1.640831 1.285345 0.980023 
1.898540 1.253649 1.910546 1.711470 0.763714 
2.461599 1.237006 1.479437 1.497397 0.935004 
1.270832 2.543004 1.871958 1.705965 0.766067 
0.954789 3.565585 1.678116 1.569109 0.811891 
0.963525 3.714716 1.365100 1.604853 0.805904 
1.798811 1.012532 3.470092 1.393769 0.870136 
1.822475 1.010992 3.443935 1.545927 0.903368 
1.242933 1.276746 3.809878 1.722330 0.760532 
1.066845 0.837558 4.479182 1.958674 0.709397 
0.871134 2.280800 3.552017 1.675568 0.775809 
1.044573 2.460072 3.158335 1.536008 0.822754 
1.081328 0.850627 5.002754 1.698572 0.767521 
1.168889 0.966123 6.120667 1.143599 0.979961 
0.779648 1.136029 5.348910 1.745351 0.753139 
0.978440 1.314543 6.007280 1.202678 0.951485 
1.952376 1.261920 1.186015 3.082236 0.839703 
2.167226 1.052609 1.143434 3.033332 0.879915 
1.289663 2.549869 1.196109 3.071335 0.831174 
1.284580 2.510624 1.165281 2.950240 1.320989 
0.984245 3.770941 1.073453 2.936225 0.941592 
0.976932 3.592147 1.224509 2.946441 0.968200 
1.124516 1.051478 1.668119 2.723314 0.426648 
1.026593 0.965712 1.629166 2.726662 0.946345 
0.743587 1.990236 1.648765 2.637650 0.455967 
0.785764 2.204737 1.627382 2.487225 0.506220 
0.964254 0.816566 3.032978 2.535151 0.488415 
1.059103 0.854403 2.949009 2.573583 0.534288 
0.566800 1.106125 3.275556 2.719214 0.427990 
0.873150 1.437289 3.330355 2.200350 0.606021 
0.857676 0.729272 4.450851 2.200837 0.603002 
0.854521 0.732322 4.389083 2.218615 0.594846 
1.811952 1.010101 1.093503 4.428532 0.859804 
1.815033 1.010198 1.092546 4.428927 0.862275 
1.234901 1.171750 1.203699 4.459550 0.641790 
1.356701 0.973068 1.223824 4.318753 0.640074 
0.816860 2.182920 1.220115 4.258788 0.662301 
0.968002 2.990393 1.045297 4.514382 0.931338 
0.498249 1.053411 1.593095 3.555860 0.213722 
0.526522 0.596198 2.521128 3.298612 0.235168 
0.538705 0.591919 2.530030 3.129168 0.617647 
0.605105 1.049174 0.998951 5.841100 0.458846 
0.951097 0.821620 0.861996 7.294342 0.714829 
0.376245 0.495961 1.465559 4.653394 0.222818 
0.530763 0.549580 1.420056 5.563338 0.411768 
0.269459 0.538484 1.432055 4.107185 0.129271 
0.316097 0.621463 1.334532 4.421694 0.193709 
2.686531 1.348375 1.020788 1.033044 1.491654 
2.871625 1.021828 1.151293 1.068389 1.023689 
2.021059 2.667943 1.023157 1.036004 1.499619 
2.060347 2.728120 1.034452 1.053077 1.055547 
1.338755 4.048920 1.018943 1.030176 1.497413 
1.335955 4.027866 1.026073 1.041175 1.493496 
2.682626 1.008035 1.567604 1.033072 1.451232 
2.679350 1.011854 1.525222 1.048278 1.449443 
2.204488 1.449158 2.280284 1.028687 1.573001 
1.999857 2.254688 1.919323 1.027488 1.202103 
1.489276 2.903639 2.234917 1.031573 1.572928 
1.259326 2.337998 3.444493 1.039011 2.065263 
0.997626 4.147303 1.818093 1.037911 1.590153 
1.004054 4.235752 1.587791 1.092207 1.430496 
1.975687 1.015232 3.669643 1.027244 1.491203 
1.944581 1.014450 3.585055 1.026083 1.791118 
1.464014 1.466879 4.467461 1.030943 1.572235 
1.437097 1.440131 4.275518 1.232622 1.830536 
0.998356 2.707894 4.078081 1.031099 1.452796 
0.996836 2.673812 4.021066 1.036951 1.606210 
1.284485 0.995597 5.845966 1.023249 1.401663 
1.268757 0.989028 5.634300 1.142809 1.595631 
0.989954 1.245078 6.218341 1.035281 1.551241 
1.009446 1.010578 6.393487 1.102031 1.401493 
2.783204 1.013099 1.027993 1.283537 1.467335 
2.779148 1.013959 1.029883 1.286356 1.466235 
2.351260 1.534335 1.016631 1.841924 1.704946 
2.278200 2.257392 1.079324 1.055283 1.055517 
1.547367 3.133696 1.016611 1.866460 1.693125 
1.530445 3.074121 1.021566 1.834596 1.912744 
0.998220 4.336017 1.022262 1.712789 1.577828 
1.027805 4.136076 1.027273 1.882305 1.663775 
2.224917 1.012165 2.222891 1.735173 1.576970 
2.236442 1.011475 2.226643 1.715541 1.576373 
1.451432 1.508640 2.118032 1.716008 1.627666 
0.895175 2.772214 2.087099 1.661969 1.629775 
1.063734 2.517551 3.174888 1.442242 0.996582 
1.241270 0.892801 3.904198 1.675986 1.519304 
1.795744 1.031604 3.946214 1.341184 1.449344 
0.781600 1.418167 4.201167 1.716492 1.698455 
0.935827 2.403607 3.771025 1.314319 1.505354 
0.963985 0.856036 5.565970 1.473306 1.402963 
0.995001 0.953352 6.335041 1.140164 1.514942 
2.209644 1.002903 1.009812 3.485096 1.692139 
2.117934 1.002955 1.377283 3.500936 1.440565 
1.701321 1.679223 1.013973 3.959076 1.859522 
0.995941 3.225537 1.007469 3.829571 1.800490 
0.890609 2.742485 1.277812 3.054867 1.218090 
1.037856 0.937429 1.560283 2.564730 1.322238 
0.569052 1.239743 1.766496 2.777622 1.325984 
0.541712 1.131367 1.189678 3.725896 1.825577 
0.650514 0.622089 2.986634 2.628386 1.294543 
0.686460 0.763340 3.434148 2.385715 1.377005 
1.086242 0.877796 1.189361 4.047358 1.455154 
1.301711 0.942039 1.177507 4.269156 1.132545 
0.569535 1.205965 1.238017 3.953045 1.298378 
0.574114 1.239261 1.244629 3.920596 1.305731 
0.388406 0.541934 1.642444 3.381743 1.124275 
0.635789 0.697798 1.289681 3.851713 1.146879 
0.274795 0.546558 1.460374 3.466058 1.063866 
0.372628 0.752950 1.714542 3.292329 0.947456 
0.622044 0.610516 0.923315 5.267277 1.279784 
0.791945 0.987880 0.890890 7.216477 1.168752 
0.236305 0.458395 1.379071 3.718161 0.952488 
0.295582 0.578504 1.289895 4.143982 0.678404 
2.259524 1.497432 1.014386 1.024218 3.285179 
2.487291 1.007165 1.014187 1.021728 3.373728 
1.499167 2.989519 1.012910 1.019656 3.374740 
1.363604 2.861334 1.130496 1.137280 3.366214 
0.998780 4.122053 1.008110 1.012793 3.103995 
0.995021 4.006279 1.031573 1.083407 3.086642 
2.174779 1.004993 2.105538 1.024636 3.122720 
2.139186 1.007220 2.103244 1.051532 3.109030 
1.659946 1.641885 2.438028 1.013322 3.604604 
1.772495 0.995566 3.114534 1.074331 3.136326 
0.993119 3.146098 2.206276 1.032804 3.432427 
0.992729 3.232800 2.063326 1.036504 3.430621 
1.435376 0.991098 4.275041 1.039598 3.129327 
1.296576 0.927228 3.848186 1.338767 2.948880 
0.991610 1.474842 4.737086 1.021610 3.489201 
0.997446 1.444252 4.639669 1.154686 3.490139 
2.297348 1.005663 1.013331 1.787213 3.340586 
2.096260 1.040768 1.266187 1.250593 3.261881 
1.746007 1.778197 1.013164 2.160099 3.695300 
0.995621 3.435677 1.011202 1.943102 3.593906 
1.323265 0.929893 2.123142 1.692327 3.003790 
1.378470 0.944858 2.185116 1.716524 2.766989 
0.770645 1.502808 2.175985 1.785596 3.287992 
0.829066 0.724665 3.749524 1.734754 2.981537 
1.106320 0.911725 4.077645 2.009728 2.760815 
1.127016 0.889528 1.218420 2.778317 2.825742 
1.136153 0.892547 1.218599 2.769862 2.829867 
0.752287 1.806689 1.194842 2.696902 3.048041 
0.836761 2.147238 1.179386 2.696416 2.940647 
0.466814 0.546251 1.740179 2.647671 2.496568 
0.497328 0.562553 1.808444 2.597470 2.520025 
0.337238 0.652508 1.540604 2.762853 2.439167 
0.366037 0.708786 1.621506 2.695816 2.471397 
0.608069 0.584072 0.812620 4.566366 2.845063 
0.472816 0.510789 0.860325 3.801968 3.136708 
0.216508 0.407764 1.221215 3.309533 2.100388 
0.320650 0.531501 1.072571 3.778411 2.199026 
2.201993 1.007136 1.009327 1.011486 4.856925 
1.998643 1.001996 1.382029 1.166304 4.868062 
1.700970 1.701598 1.010476 1.020453 5.508356 
1.372855 1.451817 1.158069 1.233169 5.269756 
0.998847 3.214149 1.009082 1.008182 5.372988 
1.211801 2.777945 1.010393 1.010637 5.371021 
1.612266 0.995867 2.469746 1.014628 5.353137 
1.710112 0.995301 2.120217 1.022770 5.362496 
0.994668 1.797292 2.724130 1.008630 6.068329 
1.172670 1.169639 2.328099 1.005735 7.358685 
0.993106 0.981125 4.470039 1.026451 5.046338 
0.941593 0.885078 4.006424 1.170272 4.941640 
1.439713 0.949705 1.103862 1.791908 4.767586 
1.628872 0.991167 1.140863 1.297247 4.853743 
0.828282 1.597438 1.079910 1.895728 5.025835 
1.090949 1.837082 1.129055 1.309238 5.110700 
0.623827 0.583867 2.160101 1.759951 4.596065 
0.684402 0.681108 1.122761 1.889493 4.498049 
0.556247 0.536239 0.704333 3.510968 4.775101 
0.517733 0.680514 0.703405 3.564454 4.889684 
0.401805 0.795418 1.164608 2.532844 3.304200 
0.416360 0.824764 1.178555 2.308688 3.532176 
0.192719 0.374062 1.088926 2.599186 3.403167 
0.344319 0.605231 1.679212 2.314582 3.536945 
0.219017 0.377795 1.032848 2.976992 2.920991 
0.365395 0.648729 0.882470 3.723120 3.121752 
1.691781 0.995357 1.001839 1.009499 7.315793 
1.497910 0.960697 1.011235 1.054092 7.221271 
0.928122 1.869660 0.983563 1.026047 7.834466 
0.848411 1.816167 1.013258 1.100309 7.120694 
0.802014 0.752716 2.316297 1.111921 7.195594 
0.557943 0.571808 0.909301 1.552584 5.900900 
0.399378 0.454818 0.804713 2.153121 5.288575 
0.228073 0.386475 1.030984 1.811327 5.315639 
0.488263 0.641993 1.435627 1.152940 7.268856 
0.167345 0.309828 0.810746 2.311243 4.499322 
0.325613 0.537899 0.731959 2.875186 4.769240 
0.419243 0.450905 0.614019 0.928002 8.065156 
0.108074 0.194324 0.508400 1.411552 6.635726 
0.442331 0.620649 0.767041 1.269954 6.922879 
0.028474 0.028651 0.029445 0.031207 10.020749 
0.217741 0.222732 0.250313 0.436287 9.719640 
