0.240602 4.066713 0.162622 0.125326 0.232555 0.239561 0.117930 0.153469 0.258495 0.137271 
1.412215 2.539026 2.653165 0.139865 0.460993 0.182695 0.241993 0.521192 0.169675 0.099345 
0.248370 3.584582 2.943605 0.157343 0.616108 0.436712 0.466249 0.237534 1.042287 0.621889 
0.749490 0.504626 5.730227 0.241776 0.224509 0.246319 0.155214 0.195905 0.303846 0.127522 
1.190044 2.117304 0.084170 5.314115 0.334116 0.183843 0.592033 0.506794 0.161544 0.188158 
0.227773 3.704702 0.165078 3.427950 0.157129 0.104458 0.454854 0.138465 0.148724 0.128764 
0.921870 0.112149 3.237881 6.027542 0.747229 0.523295 0.213254 0.265482 0.185933 0.114916 
0.256034 2.271415 4.118872 4.147705 0.336508 0.146859 0.214044 0.468384 1.235741 0.209101 
0.214323 0.103470 5.897980 1.922623 0.214347 0.102401 0.196082 0.147847 0.205677 0.200523 
1.171568 0.318855 0.623656 6.735953 0.909862 0.107711 0.480063 0.207105 0.447411 0.168858 
0.243281 2.353189 0.115792 6.670931 0.476724 0.591205 0.354615 0.209199 0.826715 0.247985 
0.121464 0.314831 3.289354 6.724337 1.486591 0.164306 0.560058 1.793237 0.195737 0.183415 
0.106279 0.361624 0.593644 8.009903 0.303684 0.187893 1.297699 0.172153 0.189959 0.112648 
1.710404 0.381664 0.143457 0.238209 5.764738 0.159122 0.248334 0.226623 0.203724 0.159691 
1.203081 2.325499 0.653094 0.169429 6.435254 0.212500 0.262998 0.178003 0.202663 0.730261 
0.224803 3.309247 0.210124 0.161509 5.924641 0.468198 0.433223 0.101822 0.234601 0.194625 
1.228225 0.566202 3.735069 0.186183 5.584105 0.106571 0.295873 0.151438 0.261359 0.162784 
1.268813 0.153860 0.079184 4.213320 6.203997 0.504607 0.591951 0.172128 0.193104 0.187905 
0.191447 2.318417 0.081002 4.503491 6.205914 0.506075 0.591870 0.174008 0.198197 0.187166 
0.754865 0.111449 2.595203 4.783136 6.222903 0.508769 0.215822 0.266711 0.188558 0.117484 
0.189643 0.101934 0.440512 6.445624 6.136725 0.495163 0.206600 0.265641 0.158533 0.118886 
1.377868 0.243891 0.147744 0.124244 7.756728 0.253861 0.131127 0.160450 0.272795 0.120749 
0.178390 2.116114 0.173957 0.107195 8.662566 0.429148 0.456787 0.424010 1.034811 0.580365 
0.092254 0.514747 2.782073 0.107907 8.903438 0.413030 0.229440 0.188180 0.151295 0.174513 
0.101186 0.094718 0.286749 5.398876 7.571146 0.111422 0.110481 0.142498 0.184525 0.412721 
1.288254 2.301163 0.413793 0.547399 0.206766 6.899394 0.172390 0.202373 0.164372 0.083633 
1.198788 0.272095 3.566802 0.133608 0.201858 7.192990 0.114151 0.195924 0.238273 0.087891 
0.219144 2.736885 2.253153 0.150341 0.496574 7.964119 0.474480 0.202497 1.050510 0.630113 
0.155809 0.100345 5.298664 0.357255 0.221523 5.958692 0.106741 0.154723 0.277790 0.081789 
1.311079 0.245613 0.078641 5.047930 0.404972 5.776430 0.152172 0.188922 0.411163 0.095319 
0.233462 2.278875 0.376244 4.693589 0.186551 7.164680 0.587046 0.141687 0.414755 0.094943 
0.357698 0.146466 0.313110 6.717443 0.225059 5.569034 0.131421 4.943694 0.256896 0.106514 
0.951251 0.167564 0.133341 0.220636 6.804966 7.570505 0.481265 0.180731 0.157340 0.160501 
0.318857 2.506116 0.154415 0.134951 4.764362 7.760359 0.271123 0.717331 0.228994 0.187156 
0.086952 0.088087 0.152164 0.097291 8.294458 6.715790 1.279985 1.964070 0.224108 0.100115 
1.072602 0.258318 0.150073 0.109614 0.159662 10.479965 0.124499 0.157343 0.398211 0.371395 
0.150440 0.118840 3.080564 0.265213 0.187880 10.521682 0.134479 0.185972 0.223390 0.169574 
0.083780 0.306047 0.074875 0.076517 0.091339 12.049700 0.400287 0.193441 0.197321 0.243574 
1.719514 0.839081 0.640048 0.497332 0.306957 0.116922 7.437146 0.170851 0.199440 0.245694 
1.315377 2.762278 0.273113 0.250978 0.180321 3.346740 5.127365 0.310942 0.274551 0.195711 
0.218340 2.148528 3.917892 0.084644 0.274251 0.109079 7.948831 0.436662 1.197550 0.178047 
1.452244 0.430783 0.096687 4.665628 0.214083 0.158586 6.302508 0.195901 0.170644 0.162638 
0.104480 0.283456 0.356555 7.130871 0.289555 0.105173 6.478230 0.192822 1.187669 1.744864 
1.159356 0.331037 0.931491 0.111076 3.331642 0.364201 10.799241 0.334091 0.171442 0.214778 
0.328835 2.218378 0.092958 0.171152 4.125626 0.391554 10.351550 0.253524 0.849811 0.232935 
0.166691 1.101082 2.982665 0.114783 3.518861 0.368420 10.796607 0.723578 0.175841 0.219176 
1.436352 0.650047 0.180839 0.120289 0.257628 6.143523 6.828786 3.123710 0.399524 0.088533 
0.185612 2.379205 0.149828 0.540218 0.093856 4.755494 10.113836 0.137449 0.362830 0.097125 
0.171900 0.123573 4.300085 0.095831 0.264311 6.260079 6.958134 0.091141 0.218630 0.092001 
0.129594 0.084480 0.084305 5.686554 0.166317 6.290459 6.950396 0.423026 0.397668 0.086678 
0.079522 0.246046 0.878468 2.972882 5.664345 6.073194 7.512870 0.806918 0.182976 0.169912 
0.084953 0.272559 0.109749 0.101446 0.090371 10.266151 7.437676 0.171381 0.199971 0.246224 
0.084727 0.120865 4.200746 0.173946 0.253930 0.128394 10.237483 0.186202 0.283045 0.889111 
0.106405 0.482883 0.094992 3.913262 0.103664 0.447996 12.295466 0.101042 0.168364 0.112574 
0.105877 0.402065 0.102970 0.090741 4.380439 0.133081 12.668895 0.406747 0.894901 0.308134 
0.442525 0.161421 0.259120 0.096927 0.106867 3.421681 13.293009 0.159714 0.190130 0.190154 
0.261532 3.847277 0.184278 0.147043 1.181134 0.182356 0.320324 5.140133 0.116477 0.697484 
1.087788 0.235306 2.909468 0.095916 4.116540 0.668653 0.277265 9.566419 0.754718 0.236149 
0.095497 0.290489 5.322931 0.350961 0.201253 0.119575 0.508971 7.167788 3.583393 0.195946 
1.350707 0.158096 0.662641 5.179937 0.443760 0.136832 0.333726 7.247187 0.829585 0.250856 
0.253472 2.551325 0.075401 5.243668 0.199522 0.222293 0.535479 6.966951 0.413772 0.095243 
0.075302 0.183516 0.099586 6.949459 0.194721 1.933721 0.188513 7.820652 0.191996 0.094750 
0.120641 0.451393 0.409425 4.357495 6.163424 0.186385 1.080266 9.339587 0.240974 0.214477 
0.103633 0.140981 0.135736 0.580298 8.211336 0.188421 1.081823 9.341144 0.242531 0.216034 
0.208163 3.129650 0.160213 0.680437 0.086520 6.294451 0.127602 5.989783 0.351824 0.086119 
0.104685 0.270694 4.403069 0.145486 0.191343 6.428134 0.542528 7.315628 0.221956 0.206440 
0.151681 1.434110 2.897843 0.132483 4.400984 6.424798 0.539195 7.312291 0.219966 0.203107 
1.115940 0.135243 0.103441 0.076242 0.154530 0.157419 8.608861 9.637020 0.189305 0.511818 
0.127071 0.654901 3.073776 0.078606 0.242703 0.159802 8.613177 9.641571 0.191695 0.163653 
0.110112 0.290099 0.352993 5.855515 0.258088 0.107020 6.995828 7.606853 1.192494 1.895272 
0.093626 0.229199 0.210159 0.090078 5.676077 0.093290 8.391880 9.324915 0.226232 0.202194 
0.175953 0.121076 0.144618 1.490739 1.112447 0.136997 13.150895 4.956592 0.898097 0.299648 
0.147157 1.475926 0.111183 0.100135 0.122209 0.161362 0.095486 15.070014 0.258499 0.143649 
0.244409 0.139977 1.897168 0.131168 0.214226 0.251517 0.122654 15.315267 0.251791 0.126483 
0.092945 0.094325 0.104695 0.237175 2.995689 3.107236 0.557921 14.854180 0.208703 0.116028 
0.107051 0.198423 0.102645 1.240447 0.119120 0.353526 3.675953 15.389768 0.201880 0.343768 
1.792741 0.159289 0.213518 0.130439 0.953703 0.137532 0.140831 0.158387 9.606236 0.180136 
0.249855 3.380076 0.223471 0.359679 0.220412 0.473583 0.213720 0.107873 10.290208 0.113515 
1.142693 0.266470 3.361061 0.211205 0.209257 4.756914 0.321405 0.491560 9.599111 0.101704 
0.100282 0.302038 5.530218 0.135439 0.427724 1.565470 0.111505 0.240630 7.209872 0.132883 
1.002100 0.324111 0.140814 5.707136 1.073636 0.114330 0.347336 0.135193 9.583043 0.156942 
0.195045 1.941424 0.128514 5.786015 0.769914 0.079284 0.432171 0.357975 9.219356 0.142604 
0.100942 0.540989 0.579806 7.085601 0.328224 0.104578 0.855801 0.238087 8.313323 0.107786 
0.092686 0.419787 2.191604 0.102559 6.973581 0.340920 0.197500 0.165595 11.306610 0.180054 
0.145065 0.897615 0.106261 5.786589 4.220264 0.494831 0.301572 0.129202 9.601376 0.188526 
0.086625 0.163951 0.085532 0.211931 8.280503 0.116492 0.291632 0.340732 10.368010 0.331706 
1.545248 0.501179 0.097764 0.321184 0.211383 4.863374 0.119163 0.168992 10.062513 0.201055 
0.178538 1.563675 0.137492 0.139120 0.131677 9.139412 1.611777 0.155563 9.595569 0.115370 
0.112793 0.591469 2.200994 0.134952 0.128452 9.211447 0.130460 0.165162 9.591943 0.111744 
0.792739 0.143753 0.102133 0.173289 5.757830 6.509153 0.335767 0.151378 9.460139 0.765359 
0.324563 3.142130 0.169004 0.198333 0.260421 0.218321 5.165747 0.199304 10.135949 0.258584 
0.389248 0.125990 0.089908 5.610373 0.657715 0.129897 6.683024 0.168046 9.447333 0.153211 
0.146955 0.095531 0.088483 1.166820 6.782549 0.112067 6.434620 0.173827 10.374250 0.112343 
0.574305 0.242099 0.115004 0.124258 0.143241 4.403345 10.106629 0.171032 10.090566 0.213202 
0.417169 0.124581 0.250102 0.149011 0.993048 0.124677 11.660287 4.331720 8.527091 0.293413 
1.338451 0.496013 0.195245 1.242531 0.196119 0.250786 0.150952 9.226587 9.484940 0.224663 
0.180282 1.930237 1.162867 0.251216 2.192181 0.331255 0.169493 10.108382 10.284755 0.214204 
0.108237 0.289318 3.707484 0.186255 0.174775 0.366619 0.304340 9.219872 10.107727 0.207511 
0.115424 0.273606 0.766080 5.144334 0.182347 0.261884 0.432989 8.851198 9.807871 0.147331 
0.765194 0.214176 2.164702 0.177639 0.175828 5.257664 0.322541 8.636583 10.039777 0.109535 
0.328912 0.095720 1.195281 0.096231 0.111774 3.882367 5.925527 9.771933 10.094289 0.150107 
0.151455 1.577307 0.110712 0.100997 0.124684 0.166286 0.093985 13.496184 7.194280 0.114131 
1.038065 0.253661 0.333144 0.186111 0.270039 0.087833 0.073694 0.107606 15.789757 0.376194 
0.265920 1.966875 0.327268 0.181104 0.163329 0.082758 0.124957 0.102532 15.784697 0.369873 
0.111049 0.463612 2.424481 0.099116 0.090582 0.226310 0.551802 0.135593 16.561037 0.188784 
0.310634 0.126329 0.147679 3.314104 0.250102 0.090592 0.084491 1.546533 16.333976 0.387101 
0.187464 0.095831 0.583344 0.082671 0.092443 5.305688 0.078274 0.122134 16.176112 0.174455 
0.107053 0.263638 0.090565 2.240480 0.096229 0.288643 6.911149 0.095170 15.012823 0.112466 
0.088234 0.117101 0.277649 0.089407 0.098502 1.507139 0.106333 0.101313 17.932448 0.958665 
0.267483 3.547603 0.233791 0.138421 0.222575 0.427868 0.120034 0.383498 0.237002 9.953836 
0.160923 1.962866 4.593550 0.251033 0.203195 0.453064 0.385831 0.291572 0.197867 9.160446 
0.082195 0.259941 5.244661 0.244963 0.197404 0.439835 0.374603 0.285900 0.192236 10.131185 
0.099137 0.415047 0.316978 6.920945 1.056465 0.166179 1.263282 0.167430 0.217007 9.966172 
1.614105 0.326569 0.373202 0.109898 4.564015 0.736547 0.188938 0.111309 0.193374 9.170238 
0.122044 0.586821 3.142064 3.785216 5.340481 0.480342 0.189937 0.708798 0.198601 9.778566 
0.091103 0.187244 0.087031 0.082762 8.366359 0.160601 0.278632 4.605643 0.211045 9.735024 
1.312451 0.587300 0.201717 0.119936 0.266345 5.476633 6.083238 0.115861 0.237191 10.010174 
0.085498 0.183683 2.937179 0.175409 0.149138 8.731528 0.381809 0.291940 0.166336 10.124383 
0.088294 0.331456 0.085314 3.843775 0.485189 8.727391 0.382682 0.287891 0.162287 10.120334 
0.135456 0.494400 0.119458 0.729454 2.234373 10.061877 0.407412 0.193669 0.251865 10.089318 
0.087704 0.119852 3.749312 0.094284 0.238205 0.126544 9.118321 0.178457 0.264103 9.252542 
0.108852 0.445536 0.098634 3.513321 0.106401 0.412090 11.009232 0.309186 0.164268 9.037787 
0.129851 0.102698 0.098111 0.095290 5.539125 0.118714 7.036070 7.395703 0.222205 10.081467 
1.374160 0.206515 0.193360 0.123190 0.185043 0.337270 0.109008 9.428043 0.231803 9.950447 
0.080336 0.148482 4.015410 0.207339 0.171157 0.252621 0.303137 9.028124 0.195387 10.176614 
0.114656 0.209023 0.107592 1.398838 1.041409 2.053485 0.403897 13.092002 0.587811 10.637961 
1.563883 0.288158 0.159961 0.669539 0.094299 0.098947 1.880344 0.780593 9.815290 7.339446 
0.225498 2.309885 0.169692 3.622099 0.141666 0.131613 0.185544 0.337122 8.952070 10.075663 
0.083030 0.136155 3.150994 0.182044 0.154081 0.217348 0.256732 7.010802 9.853784 10.180013 
0.850731 0.250243 0.128736 0.145691 0.172848 0.152495 8.674656 0.157993 8.489087 10.646730 
0.110350 0.139936 0.108135 0.512963 0.400903 0.111743 1.973639 7.678069 12.541856 10.641939 
0.869342 0.200917 0.131917 0.077321 0.402266 0.106297 3.840629 0.126610 5.356977 16.598810 
0.597624 0.521423 2.644223 0.110078 3.427555 0.090923 0.102651 0.143386 0.182494 15.919416 
0.373779 0.125823 1.445013 0.090212 0.116655 0.079184 0.084430 0.102650 9.906652 15.912660 
2.046770 0.884769 1.008227 0.194699 0.764187 0.540262 0.230234 0.282459 0.202914 0.293125 
1.559614 0.372612 3.840962 1.925777 0.217510 0.105564 0.199245 0.168398 0.208840 0.203687 
0.293739 2.822982 4.482253 0.212450 0.211680 0.116600 0.305902 0.156060 0.271388 0.172812 
0.111189 0.353216 5.829772 0.145969 0.454080 1.653436 1.276696 0.260100 4.341979 0.140350 
1.554234 0.350112 1.031686 2.535447 5.758679 0.159912 0.579499 0.223912 0.201014 0.178093 
0.193087 1.221570 4.585962 0.135462 6.048384 0.432578 0.120101 0.433099 0.218916 0.200008 
0.079270 0.111427 0.573899 6.060167 0.546063 7.891158 1.282719 0.171354 0.241221 0.102142 
0.077927 0.078040 0.084571 0.157632 7.586605 7.808236 1.270989 1.955065 0.215126 0.181001 
1.450307 0.147744 0.110652 0.121243 0.192617 3.321395 0.186942 10.945020 0.166184 0.129312 
0.141689 0.591106 0.528197 5.919389 0.208510 4.172060 1.090786 9.350142 0.241277 0.224993 
0.095120 0.275137 0.249855 2.412194 7.657675 0.170881 1.064282 9.323603 0.224990 0.198493 
0.105873 0.131521 0.258795 2.024386 1.796802 3.060672 0.569074 14.865629 0.105476 0.127172 
1.633847 0.120272 1.286270 0.135577 0.400293 0.362524 1.995220 0.225781 10.748798 0.186101 
0.233426 3.160871 0.156901 0.126772 0.975074 0.157239 0.270680 4.224459 10.361426 0.686219 
0.115192 0.640343 0.083417 5.971703 0.360002 0.162335 0.986245 0.124470 11.793557 2.070546 
0.804198 0.234479 2.250949 0.195601 3.847961 6.846932 0.403964 0.263182 10.056439 0.125820 
0.179143 1.582688 0.508894 3.250403 0.162417 5.021718 0.454727 7.959429 9.798867 0.124855 
1.717510 0.114053 0.818631 2.326944 1.533711 0.474093 0.216119 0.391801 0.709807 9.556451 
0.247583 3.438619 0.235607 0.145035 1.066161 0.177095 0.299288 3.118946 0.116536 10.129158 
0.104023 0.161312 1.657307 0.112598 2.031261 3.265558 6.427416 0.309008 0.147804 15.854557 
0.114301 0.340503 0.112450 3.097360 2.923565 4.871066 0.161592 10.038978 0.159469 9.654230 
0.165669 1.123092 0.397870 2.262553 0.154297 3.471880 0.356836 5.477630 6.733488 14.723926 
