0.592796 0.073893 0.039493 0.103750 0.043645 0.085463 0.140908 0.179033 0.259479 0.059650 
0.278851 0.167128 0.082423 0.089347 0.059106 0.144973 0.091669 0.347818 0.216220 0.122751 
0.256465 0.535958 0.041966 0.059616 0.158835 0.093967 0.111945 0.194831 0.028347 0.097102 
0.043014 0.870878 0.109702 0.070375 0.062593 0.082398 0.063618 0.171503 0.205520 0.145917 
0.274642 0.028137 0.434775 0.083796 0.053543 0.077524 0.117959 0.319564 0.391940 0.123398 
0.126088 0.207483 0.492880 0.023185 0.110131 0.074254 0.114175 0.338726 0.220214 0.082762 
0.032047 0.408492 0.485223 0.027858 0.102319 0.069708 0.107530 0.307395 0.380537 0.042313 
0.162145 0.031563 0.950505 0.076139 0.028138 0.157082 0.042163 0.107230 0.386767 0.073143 
0.031189 0.293660 0.755609 0.038022 0.117585 0.113910 0.191061 0.398135 0.050066 0.029587 
0.244913 0.045663 0.019567 0.790837 0.028551 0.068063 0.122008 0.112538 0.491965 0.123176 
0.036500 0.446476 0.082515 0.488326 0.099656 0.099531 0.051584 0.323840 0.266713 0.088583 
0.034391 0.192132 0.509268 0.547429 0.054647 0.106876 0.056294 0.330118 0.273703 0.040162 
0.037157 0.041025 0.898836 0.765147 0.048587 0.106013 0.116890 0.337579 0.373526 0.096731 
0.133426 0.036798 0.037201 1.024792 0.028516 0.093144 0.074842 0.324388 0.202196 0.104593 
0.019979 0.214141 0.253717 0.826826 0.056299 0.071161 0.043501 0.154582 0.374086 0.044185 
0.025853 0.026364 0.460912 1.003824 0.182344 0.104535 0.099816 0.402704 0.226802 0.085343 
0.034211 0.463862 0.038549 0.059830 0.908196 0.087954 0.097857 0.090386 0.437833 0.117733 
0.031995 0.188683 0.517887 0.064231 0.634004 0.072200 0.058578 0.529243 0.079578 0.125542 
0.022222 0.023858 1.233869 0.050453 0.925079 0.088078 0.069296 0.177191 0.212541 0.130437 
0.123239 0.030568 0.046244 0.422145 0.709866 0.075020 0.049388 0.423256 0.385461 0.105357 
0.029454 0.249697 0.047210 0.401441 0.779706 0.079328 0.066436 0.167254 0.387556 0.151822 
0.024344 0.134444 0.341219 0.375509 0.676662 0.067549 0.055155 0.346774 0.075732 0.121695 
0.018560 0.017648 0.069042 1.087098 0.835427 0.071503 0.126337 0.125551 0.529646 0.067709 
0.022410 0.320655 0.050058 0.017436 1.367005 0.087145 0.083746 0.124971 0.471916 0.075539 
0.024241 0.052158 0.618202 0.027926 1.527290 0.030264 0.121380 0.260128 0.211771 0.078672 
0.036100 0.046603 0.026769 0.481883 1.688482 0.060925 0.053332 0.108658 0.420361 0.086162 
0.028601 0.191846 0.313854 0.051663 0.043357 0.768507 0.098526 0.241604 0.509967 0.023156 
0.089918 0.132812 0.045314 0.342095 0.069244 0.761306 0.045421 0.187086 0.262840 0.019119 
0.029253 0.028024 0.475871 0.694184 0.030327 0.812037 0.096556 0.333248 0.271860 0.124841 
0.022704 0.021320 0.094373 1.450114 0.060876 0.838607 0.104150 0.138936 0.255379 0.070059 
0.147927 0.044226 0.048569 0.045983 0.483946 0.845990 0.048800 0.050020 0.681906 0.096386 
0.025798 0.017801 0.501210 0.019252 1.191567 0.881034 0.089030 0.075067 0.059531 0.027775 
0.042791 0.036212 0.036203 0.104145 1.933397 0.878582 0.104586 0.103442 0.455114 0.131179 
0.156705 0.048797 0.032558 0.019832 0.087402 1.261510 0.110801 0.346075 0.497173 0.046072 
0.029053 0.150643 0.404251 0.029282 0.066839 1.497899 0.122979 0.412482 0.089218 0.031929 
0.029042 0.036536 0.110637 0.554186 0.042040 1.279348 0.122396 0.246584 0.482930 0.088889 
0.049514 0.063813 0.087051 0.247901 0.725249 1.507598 0.078397 0.328240 0.294246 0.112138 
0.267675 0.048145 0.083783 0.036984 0.055518 0.274334 1.032232 0.325581 0.275139 0.053352 
0.049056 0.400379 0.040858 0.149308 0.148119 0.087139 0.983872 0.307251 0.404234 0.099097 
0.041473 0.231648 0.496036 0.034512 0.055083 0.083716 1.011745 0.322560 0.270463 0.082575 
0.162083 0.049398 0.035592 0.464624 0.055890 0.082100 0.824349 0.322406 0.509838 0.140531 
0.077510 0.236509 0.067090 0.431997 0.069373 0.098434 1.602287 0.364956 0.400995 0.071424 
0.011678 0.014594 0.462531 0.551002 0.040588 0.063199 1.006407 0.329426 0.204806 0.071818 
0.031926 0.061079 0.031605 1.218805 0.143665 0.080568 0.975847 0.300667 0.397649 0.092512 
0.128739 0.055624 0.062327 0.062347 0.882205 0.084662 1.100950 0.142812 0.519045 0.105654 
0.017723 0.161008 0.031008 0.027101 0.760160 0.050216 1.373379 0.125661 0.471672 0.074165 
0.049010 0.044138 0.304664 0.044629 0.481686 0.082271 1.007141 0.398101 0.090889 0.086941 
0.021153 0.025817 0.018155 0.868583 0.605915 0.054313 1.004849 0.337681 0.109971 0.122663 
0.022088 0.025804 0.018339 0.069197 1.257168 0.034432 1.268118 0.290293 0.565490 0.117987 
0.146472 0.043815 0.020809 0.051866 0.088427 0.552846 0.945100 0.124150 0.512716 0.027911 
0.060450 0.333842 0.071879 0.050751 0.084371 0.954996 1.107715 0.079353 0.486067 0.116375 
0.025112 0.045814 0.393114 0.044314 0.087802 0.509623 0.977038 0.253625 0.477401 0.076488 
0.048854 0.065120 0.029622 0.493255 0.043199 0.579959 1.023620 0.272077 0.221605 0.090990 
0.022549 0.053199 0.025391 0.024555 0.180126 1.422308 1.400058 0.273329 0.415527 0.082092 
0.159218 0.050080 0.031501 0.035808 0.052139 0.050899 2.464786 0.125082 0.504234 0.107867 
0.072416 0.035147 0.401245 0.016609 0.033802 0.086068 1.846865 0.113707 0.477334 0.085598 
0.032770 0.038346 0.137799 0.441144 0.038711 0.039115 1.675617 0.373554 0.484160 0.052440 
0.034647 0.029340 0.050295 0.032702 1.005059 0.057480 2.408719 0.166540 0.510670 0.114759 
0.026284 0.051897 0.016902 0.193007 0.080460 0.435806 1.389638 0.111930 0.559608 0.021369 
0.131188 0.256883 0.056731 0.044447 0.094336 0.061699 0.070879 2.825213 0.028968 0.097804 
0.046489 0.475991 0.054626 0.044720 0.088225 0.059197 0.079434 2.829434 0.074901 0.034338 
0.126756 0.045239 0.358934 0.051349 0.035482 0.059173 0.072431 2.752497 0.129955 0.088312 
0.090823 0.062294 0.195087 0.430633 0.066130 0.082059 0.083429 2.554688 0.420576 0.056690 
0.011994 0.027908 0.304230 0.407071 0.116260 0.015249 0.046873 2.545406 0.183789 0.068090 
0.081552 0.040621 0.213988 0.055308 0.409283 0.086491 0.077108 2.521037 0.274035 0.063760 
0.019785 0.160917 0.035702 0.170751 0.450249 0.053570 0.032054 2.228860 0.259377 0.081247 
0.053566 0.021068 0.217675 0.034422 0.456158 0.061722 0.029104 2.097807 0.355239 0.019275 
0.028447 0.042714 0.019278 0.364466 0.446671 0.044218 0.072129 3.057801 0.111816 0.124637 
0.058742 0.046190 0.046176 0.045388 1.395025 0.087064 0.074375 2.417251 0.490202 0.142063 
0.076749 0.027490 0.216748 0.032409 0.021670 0.478348 0.061853 2.708932 0.118667 0.077380 
0.028201 0.254662 0.030331 0.032555 0.046405 0.864237 0.075169 2.582014 0.080619 0.084984 
0.060750 0.016691 0.233529 0.044558 0.019596 0.460111 0.059970 2.042344 0.521932 0.117278 
0.012266 0.032200 0.083662 0.327590 0.023908 0.812899 0.025504 2.750381 0.095322 0.064866 
0.021075 0.014235 0.048306 0.104880 0.417265 0.463516 0.058682 2.041118 0.520658 0.115013 
0.135201 0.041422 0.032821 0.026888 0.034874 0.088003 0.911534 2.662203 0.056704 0.085838 
0.028944 0.277287 0.031430 0.027882 0.035807 0.089299 0.901074 2.663040 0.057541 0.086676 
0.025912 0.065434 0.026169 0.026555 0.192287 0.407959 0.708551 2.255113 0.482769 0.087191 
0.035302 0.017741 0.122807 0.024776 0.033090 0.029032 1.541297 2.079655 0.354368 0.064269 
0.047803 0.062919 0.318735 0.025029 0.037908 0.050332 0.049226 3.954789 0.403379 0.031971 
0.038786 0.023498 0.052230 0.500352 0.026796 0.066970 0.021640 4.279968 0.060253 0.076968 
0.079149 0.293039 0.022994 0.076247 0.026934 0.090206 0.054906 0.174099 2.775952 0.060758 
0.038573 0.457973 0.085646 0.063187 0.072708 0.072825 0.047893 0.245887 2.046974 0.090354 
0.093784 0.040764 0.271164 0.046782 0.070684 0.064268 0.052459 0.170659 3.885319 0.040120 
0.047702 0.162296 0.461565 0.041509 0.059859 0.077236 0.075475 0.443150 2.815983 0.047754 
0.022562 0.024191 0.775769 0.046179 0.068079 0.045027 0.045194 0.163077 3.874985 0.081108 
0.018460 0.188175 0.016100 0.522445 0.024555 0.051604 0.053411 0.082790 3.763353 0.064115 
0.024098 0.026103 0.351297 0.542404 0.074297 0.067361 0.060830 0.197034 2.786241 0.083896 
0.025714 0.039195 0.026735 1.353616 0.026915 0.317048 0.044380 0.090054 2.877124 0.287029 
0.123173 0.070686 0.044905 0.038235 0.551175 0.082144 0.074819 0.096558 2.972240 0.080865 
0.033609 0.297339 0.036272 0.032881 0.518627 0.063869 0.068313 0.090743 2.966426 0.075048 
0.034394 0.072730 0.376431 0.040739 0.547031 0.084079 0.076835 0.098201 3.044991 0.083459 
0.025016 0.091832 0.021471 0.367749 0.425052 0.075383 0.050736 0.156929 2.920710 0.028871 
0.015110 0.049677 0.014121 0.018260 1.147573 0.247855 0.048993 0.026306 3.969714 0.056895 
0.085691 0.132817 0.029091 0.034072 0.048775 0.518634 0.074436 0.234648 2.146808 0.083887 
0.022796 0.182708 0.023028 0.160260 0.030679 0.873647 0.074009 0.148020 2.453395 0.171743 
0.037776 0.050780 0.017568 0.410794 0.030961 0.424209 0.079845 0.148362 2.916401 0.025552 
0.039725 0.017734 0.015442 0.016129 0.105572 1.377774 0.063347 0.074940 3.616341 0.062672 
0.105498 0.090924 0.062709 0.049930 0.055520 0.075904 0.623166 0.250256 2.048436 0.093179 
0.032795 0.152371 0.029835 0.142438 0.029121 0.164844 1.031091 0.094330 2.903140 0.037976 
0.044696 0.039942 0.279392 0.040653 0.051617 0.066501 0.611594 0.238219 2.122513 0.084750 
0.120952 0.027812 0.030655 0.034750 0.059912 0.059345 0.047194 1.731153 2.152719 0.036690 
0.012584 0.135839 0.081865 0.009665 0.023161 0.022535 0.013239 2.504225 2.426341 0.014223 
0.056597 0.026219 0.230538 0.039779 0.049814 0.066571 0.050316 1.713857 2.134792 0.023200 
0.023496 0.033212 0.058415 0.177486 0.029198 0.455573 0.030238 1.415188 2.842218 0.199967 
0.018141 0.028542 0.281467 0.017899 0.227042 0.031470 0.025309 1.091939 3.687922 0.125745 
0.015561 0.018154 0.019381 0.368023 0.211053 0.031978 0.039076 1.057496 3.685550 0.123373 
0.253322 0.024489 0.051072 0.053438 0.045003 0.087320 0.069395 0.525078 2.156018 2.931460 
0.210064 0.195282 0.067231 0.047386 0.076126 0.131481 0.130307 0.267033 0.059483 5.383081 
0.097158 0.736907 0.033306 0.032748 0.066326 0.070823 0.054316 0.116518 0.321359 4.104790 
0.039439 0.205473 0.663997 0.040408 0.112033 0.122541 0.124156 0.333357 0.393379 2.859151 
0.037276 0.074545 0.997253 0.037374 0.035233 0.377108 0.055624 0.117827 0.322667 4.106098 
0.048206 0.288306 0.060755 0.574944 0.043638 0.488138 0.160741 0.180373 0.226538 3.649964 
0.041834 0.041041 0.329332 0.492253 0.042568 0.558546 0.086283 0.242515 0.339959 4.078057 
0.036216 0.047790 0.035058 1.741612 0.037303 0.384948 0.057180 0.119382 0.324223 4.107654 
0.046479 0.417746 0.028799 0.052915 0.869464 0.067279 0.096759 0.145544 0.063979 4.006289 
0.076723 0.045259 0.333897 0.358807 0.645400 0.115025 0.060843 0.345115 0.085250 2.811485 
0.044870 0.031382 0.138931 0.494199 0.630309 0.033590 0.047478 0.111759 0.322957 4.076583 
0.021751 0.022544 0.032753 0.104825 1.780940 0.056132 0.032117 0.232642 0.072737 4.876554 
0.130698 0.013624 0.027199 0.024346 0.032008 0.724208 0.029452 0.506642 2.224105 2.920918 
0.019663 0.250412 0.022436 0.026480 0.377821 0.656842 0.101772 0.407779 0.454189 2.964483 
0.028591 0.126100 0.494396 0.029553 0.078354 0.742556 0.084588 0.303367 0.386468 2.852240 
0.099374 0.099268 0.414193 0.607726 0.100571 0.792328 0.173904 0.345836 0.117613 4.135865 
0.053053 0.046422 0.160097 0.048797 0.175949 2.053388 0.130363 0.265321 0.053113 6.900755 
0.028799 0.137622 0.036919 0.033977 0.742198 0.063092 1.529440 0.358285 0.082118 4.009007 
0.023363 0.144264 0.034631 0.032233 0.609504 0.055965 2.478280 0.383237 0.024295 4.009775 
0.082939 0.156479 0.054881 0.057030 0.070409 0.860422 0.098194 2.519769 0.105088 2.930390 
0.199377 0.053194 0.057656 0.064083 0.103574 0.101438 0.083519 0.539039 2.173377 2.917775 
0.024583 0.221756 0.025193 0.034463 0.397245 0.048999 0.059688 0.610060 2.158033 2.898299 
0.052972 0.096590 0.367843 0.054842 0.073677 0.079176 0.050362 0.563787 2.286313 2.675630 
0.036317 0.024086 0.136370 0.139219 0.521577 0.059836 0.033124 0.173005 2.845607 2.721279 
0.018838 0.063481 0.021264 0.215387 0.146912 0.831576 0.069108 0.161518 2.377137 2.938752 
0.041889 0.058805 0.171623 0.042342 0.050347 0.055483 0.753605 0.511674 2.805845 2.675127 
0.014887 0.033696 0.027528 0.013548 0.145365 0.019893 0.304339 2.472203 2.230943 4.002047 
0.031209 0.193934 0.597497 0.022399 0.047937 0.070136 0.069518 0.579590 0.329249 18.330667 
0.048222 0.043367 0.323441 0.022195 0.540806 0.116627 0.102846 0.206578 0.023775 6.352737 
0.023425 0.043138 0.096216 0.477699 0.037976 1.139925 0.107379 0.206775 0.419040 19.463743 
0.178726 0.032799 0.057483 0.649408 0.116532 0.071160 0.081382 0.414760 0.383718 0.103750 
0.047049 0.093155 0.046541 1.924105 0.218509 0.123627 0.122789 0.309892 0.423685 0.107321 
0.074244 0.406307 0.058431 0.090340 0.836584 0.094395 0.119681 0.166268 0.266910 2.870801 
0.052167 0.068197 0.037925 0.732552 0.971622 0.067481 0.062424 0.114996 0.426699 0.092500 
0.190535 0.057060 0.036973 0.021289 0.027367 1.246734 0.111325 0.346590 0.497534 0.069075 
0.032689 0.202303 0.210724 0.335921 0.115687 0.793545 0.060322 0.202321 0.277745 0.034025 
0.050926 0.153991 0.326254 0.351683 0.113101 0.506556 0.074382 0.377230 0.465538 0.150996 
0.053684 0.118542 0.235312 0.252129 0.625427 0.562499 0.080846 0.172149 0.471833 0.154402 
0.025885 0.108972 0.282807 0.042199 0.315912 0.374406 1.124090 0.184569 0.076529 0.034040 
0.036191 0.143018 0.166327 0.335184 0.065067 0.271646 1.098988 0.379656 0.091273 0.061450 
0.079210 0.035528 0.030975 0.032406 0.032982 1.498233 2.107436 0.218393 0.077488 0.075850 
0.041776 0.329743 0.057850 0.170985 0.150612 0.033299 0.082626 2.786843 0.075994 0.760111 
0.017179 0.061052 0.174310 0.711151 0.030546 0.048495 0.029544 2.805471 0.098633 0.026170 
0.038471 0.033388 0.032977 0.038918 0.683791 0.332698 0.056700 3.381409 0.453233 0.131021 
0.083765 0.039826 0.210345 0.030425 0.033956 0.044914 1.028005 2.754693 0.132158 0.090579 
0.017936 0.075228 0.173704 0.077448 0.026959 0.838897 0.068694 0.191909 2.450053 0.168400 
0.026641 0.045570 0.054333 0.199253 0.262666 0.044790 0.033079 1.416862 2.849513 0.202814 
0.056236 0.385360 0.085995 0.417618 0.054511 0.505229 0.173367 0.169636 0.237400 3.550464 
0.067507 0.156525 0.068664 0.747887 0.085068 0.136912 0.123106 0.209154 2.191322 2.966764 
0.038532 0.143700 0.033524 0.043630 0.277254 0.044852 0.051646 3.732149 0.395093 2.538571 
