2.037005 0.051957 0.059885 0.064977 0.112305 
1.990460 0.873427 0.087592 0.052489 0.058844 
1.840897 1.870516 0.074550 0.131797 0.095697 
1.432609 2.901273 0.038326 0.099890 0.037451 
0.947686 3.733584 0.124331 0.122655 0.112913 
0.441269 4.012692 0.097428 0.151937 0.108286 
0.114281 4.087886 0.106192 0.289571 0.109403 
2.012430 0.061917 1.272478 0.072868 0.057822 
1.947116 1.028003 1.451696 0.112814 0.063988 
1.671821 2.280259 1.637826 0.207412 0.387393 
1.116337 3.287573 1.669855 0.084401 0.075695 
0.519805 3.843564 1.470774 0.094717 0.098071 
0.195647 3.973499 1.190709 0.326841 0.215057 
1.814445 0.060785 2.842505 0.123860 0.069842 
1.607982 1.133115 3.349709 0.063564 0.178701 
1.200770 2.448402 3.495575 0.094622 0.081350 
0.585699 3.251501 3.294676 0.094959 0.058789 
0.088484 3.601976 2.819469 0.079744 0.206049 
1.421620 0.055404 4.416679 0.145117 0.076863 
1.012684 1.129400 5.067238 0.064595 0.149203 
0.615135 2.244946 4.971299 0.228929 0.158760 
0.149296 2.808104 4.350403 0.076513 0.107718 
0.935347 0.089854 5.434413 0.150217 0.062556 
0.508605 1.069589 5.769717 0.123287 0.111489 
0.105586 1.736466 5.466458 0.068602 0.095386 
0.418143 0.086879 5.969248 0.110832 0.119678 
0.103869 0.799172 5.955616 0.064347 0.091315 
0.099086 0.066513 6.040414 0.103456 0.262388 
2.016213 0.063541 0.087513 1.571277 0.185900 
1.929248 1.020918 0.061391 1.862952 0.119993 
1.627912 2.254588 0.108577 2.191329 0.150521 
1.131654 3.290867 0.134091 2.201623 0.147517 
0.522335 3.830118 0.059215 1.818873 0.062342 
0.182509 3.942171 0.034682 1.527371 0.028205 
1.952598 0.085779 1.525994 1.946199 0.095884 
1.765293 1.250230 1.982239 2.259416 0.078225 
1.274483 2.622358 1.954329 2.431193 0.072287 
0.613658 3.519945 1.775259 2.237229 0.039768 
0.188672 3.812535 1.482232 1.758452 0.059838 
1.631642 0.076759 3.380176 2.122700 0.101361 
1.314659 1.271220 4.083008 2.464373 0.109355 
0.709715 2.643017 3.870757 2.332171 0.101522 
0.188868 3.269484 3.286088 2.030913 0.068376 
1.081193 0.062695 4.966402 2.020394 0.076098 
0.597031 1.202877 5.280893 2.198378 0.069864 
0.125345 2.181932 4.889319 1.978224 0.046109 
0.490594 0.049535 5.772156 1.644952 0.146075 
0.081137 0.974830 5.732655 1.767787 0.087694 
0.187397 0.037277 5.907097 1.504761 0.033803 
1.848143 0.063068 0.089381 3.524700 0.047542 
1.670947 1.173959 0.091509 4.220363 0.097040 
1.207309 2.430978 0.057757 4.550336 0.110144 
0.586070 3.337561 0.080872 4.159842 0.145280 
0.175215 3.621414 0.069459 3.512875 0.055297 
1.658399 0.071250 1.750442 4.206322 0.125966 
1.340335 1.351197 2.025288 5.038328 0.088188 
0.689719 2.641315 2.112521 4.953399 0.098263 
0.087217 3.235277 1.801304 4.249090 0.255832 
1.222623 0.067033 3.646697 4.509595 0.087600 
0.686442 1.329383 3.987555 4.969490 0.087266 
0.089895 2.468612 3.579883 4.436756 0.187534 
0.587437 0.095092 4.996226 4.114023 0.118393 
0.095592 1.118205 4.990418 4.067218 0.069557 
0.153647 0.179782 5.440376 3.438577 0.067409 
1.477239 0.067529 0.107881 5.635365 0.155217 
1.130840 1.166057 0.093989 6.557330 0.124241 
0.629998 2.296180 0.093471 6.299753 0.110095 
0.147405 2.880312 0.079273 5.628942 0.135422 
1.138561 0.052753 1.737233 6.343592 0.082333 
0.651513 1.262474 1.852292 6.822632 0.158668 
0.123883 2.280303 1.685249 6.266846 0.040235 
0.587805 0.081168 3.351084 6.352608 0.102160 
0.078939 1.117285 3.381629 6.312521 0.069141 
0.140238 0.043134 4.417388 5.448075 0.056946 
0.965869 0.058454 0.046724 7.146710 0.061029 
0.567861 1.050198 0.062546 7.524568 0.054544 
0.113345 1.920159 0.046712 7.092017 0.065551 
0.539149 0.079034 1.574959 7.539055 0.068784 
0.083411 1.009021 1.533029 7.550481 0.062722 
0.114695 0.053496 2.891959 7.065604 0.106307 
0.430354 0.050496 0.044427 7.884348 0.075187 
0.078825 0.879021 0.079080 7.863378 0.072524 
0.068692 0.101363 1.308667 7.863802 0.277482 
0.061451 0.068680 0.054927 8.054385 0.130644 
2.009419 0.064266 0.052976 0.084544 1.964289 
1.938378 1.057557 0.121774 0.061363 2.357399 
1.644270 2.240270 0.129329 0.075834 2.577548 
1.117750 3.241731 0.044753 0.222884 2.698857 
0.515524 3.856827 0.100046 0.085724 2.304095 
0.189453 3.957982 0.093525 0.089511 1.797187 
1.963801 0.106840 1.543919 0.146908 2.098789 
1.793758 1.208321 1.847882 0.075377 2.850831 
1.295350 2.599001 2.047829 0.075027 3.061482 
0.615379 3.533909 1.860239 0.076608 2.783687 
0.181110 3.805613 1.447846 0.136874 2.238309 
1.611240 0.063157 3.392989 0.069440 2.616135 
1.295977 1.367985 4.013773 0.095997 3.190128 
0.710145 2.556607 4.024116 0.122275 3.218404 
0.156399 3.192554 3.384877 0.045110 2.453483 
1.091955 0.048991 4.936062 0.067398 2.548410 
0.618363 1.251241 5.308472 0.077601 2.778977 
0.122263 2.144394 4.906130 0.052884 2.507924 
0.528347 0.050956 5.719638 0.070712 2.244803 
0.089479 0.972166 5.762045 0.116227 2.092343 
0.072227 0.173707 5.989311 0.204806 1.649355 
1.936749 0.056038 0.090533 1.846374 2.345418 
1.781132 1.230928 0.093021 2.302443 2.816069 
1.311779 2.599868 0.053157 2.505321 3.056236 
0.615339 3.590625 0.079017 2.218805 2.856283 
0.180115 3.820070 0.056924 1.863073 2.116956 
1.816793 0.092728 1.925356 2.324666 2.981685 
1.477106 1.528054 2.264444 2.844501 3.612873 
0.758348 2.938024 2.238507 2.800894 3.441799 
0.173378 3.538717 1.708186 2.163883 2.791909 
1.303172 0.102893 4.038452 2.663992 3.054822 
0.760416 1.465400 4.397158 2.813053 3.413610 
0.136048 2.569678 3.883124 2.586855 2.920592 
0.612360 0.049808 5.337155 2.203506 2.698144 
0.105442 1.170921 5.362872 2.154495 2.765658 
0.181957 0.061035 5.724720 1.714991 2.265735 
1.668913 0.062251 0.087393 4.291178 2.665196 
1.323588 1.360001 0.050565 5.040541 3.052872 
0.710897 2.658768 0.074836 5.015699 3.081093 
0.167998 3.311445 0.076870 4.115778 2.575298 
1.325902 0.054385 1.990487 5.042379 3.192809 
0.785230 1.524330 2.207867 5.733877 3.515134 
0.124400 2.603246 1.978117 5.016782 3.251560 
0.690161 0.068315 4.070445 4.906998 3.104082 
0.090289 1.377735 3.956059 4.850968 3.156074 
0.151143 0.113766 4.884840 4.236480 2.575866 
1.145170 0.057170 0.062342 6.419140 2.670877 
0.639499 1.272345 0.088138 7.025408 2.937230 
0.125032 2.278969 0.137703 6.313672 2.643351 
0.660376 0.069210 1.834485 6.893096 2.958209 
0.094620 1.254384 1.910835 6.892214 2.846967 
0.120565 0.042738 3.431585 6.277158 2.620227 
0.530773 0.052686 0.055863 7.588822 2.359187 
0.080300 1.020422 0.079103 7.571182 2.363871 
0.082700 0.038114 1.580526 7.537167 2.365630 
0.065624 0.071326 0.074234 7.904093 2.062762 
1.863276 0.077361 0.083712 0.089663 4.450032 
1.721809 1.168810 0.122477 0.128906 5.335899 
1.192697 2.433235 0.092658 0.046876 5.558856 
0.584817 3.339593 0.119535 0.104321 5.175299 
0.173642 3.625103 0.048577 0.111987 4.352241 
1.711760 0.089802 1.704140 0.143688 5.266262 
1.312036 1.389035 2.032172 0.111159 6.283855 
0.666506 2.665482 2.116868 0.079840 6.248237 
0.161058 3.278414 1.736214 0.127480 5.094075 
1.207417 0.055083 3.629734 0.088744 5.605866 
0.694937 1.269740 4.071300 0.096279 6.058996 
0.132649 2.368417 3.635694 0.064445 5.505220 
0.596204 0.059285 4.966110 0.148050 5.139379 
0.092674 1.125827 4.942238 0.062751 5.115980 
0.166023 0.109602 5.462586 0.142017 4.179814 
1.672598 0.061409 0.055437 2.051840 5.369970 
1.356164 1.393373 0.099666 2.620868 6.299305 
0.724092 2.713072 0.115778 2.575156 6.321465 
0.162786 3.288067 0.051854 2.120362 5.183269 
1.328451 0.076689 2.079955 2.490978 6.298108 
0.761723 1.522659 2.315820 2.854043 6.898130 
0.141329 2.631233 2.015840 2.473314 6.150201 
0.670499 0.056121 3.991228 2.546572 6.173628 
0.089121 1.321227 3.980667 2.488144 6.129219 
0.037742 0.052894 4.964667 2.096044 5.129049 
1.230053 0.076189 0.078200 4.626077 5.782366 
0.700178 1.384391 0.051936 5.066091 6.234589 
0.132262 2.436160 0.044282 4.540902 5.698425 
0.704332 0.056661 2.109432 5.034530 6.306954 
0.080296 1.370226 2.127461 5.024074 6.310224 
0.139175 0.068843 3.693693 4.429036 5.749808 
0.609448 0.044300 0.063690 6.428684 5.338705 
0.089197 1.173191 0.077489 6.441792 5.337335 
0.083188 0.052274 1.719867 6.417043 5.378927 
0.170109 0.123565 0.078612 7.178358 4.428813 
1.472447 0.042196 0.045077 0.047655 6.994222 
1.168219 1.163087 0.072464 0.084317 7.910760 
0.622144 2.317634 0.131370 0.159983 8.051928 
0.122719 2.923479 0.070983 0.108314 6.979023 
1.148699 0.069991 1.775278 0.082463 7.956348 
0.645926 1.288396 1.871710 0.067549 8.558415 
0.127551 2.221200 1.714524 0.105103 7.929485 
0.579636 0.062069 3.457588 0.064647 7.860845 
0.088190 1.181968 3.410429 0.073139 7.810691 
0.052817 0.044912 4.389005 0.108142 6.941673 
1.144352 0.046773 0.080569 2.215527 7.949481 
0.650523 1.299858 0.090526 2.254556 8.630678 
0.121945 2.259319 0.058333 2.135840 7.903867 
0.641206 0.061685 1.870972 2.475101 8.615613 
0.091310 1.241421 1.880145 2.402860 8.574582 
0.082935 0.052012 3.395553 2.191997 7.908560 
0.608320 0.050366 0.041749 4.308186 8.009153 
0.080937 1.194607 0.059460 4.262217 8.005773 
0.059482 0.039723 1.748146 4.312334 7.999020 
0.073216 0.063310 0.063274 5.735475 7.114527 
0.982446 0.058450 0.042446 0.062611 8.861819 
0.542867 1.044920 0.061833 0.055189 9.402973 
0.119472 1.941835 0.087546 0.074522 8.838360 
0.551488 0.048971 1.563658 0.039120 9.365120 
0.077577 1.054971 1.530587 0.078877 9.379802 
0.080259 0.062374 2.831096 0.123463 8.919301 
0.546661 0.052724 0.056295 1.913346 9.454183 
0.079987 1.040850 0.065969 1.950076 9.417066 
0.078538 0.055750 1.564759 1.930010 9.414898 
0.099934 0.050582 0.042488 3.622110 8.956107 
0.458366 0.045217 0.061333 0.045347 9.820770 
0.067661 0.890909 0.038386 0.045525 9.799688 
0.062724 0.031098 1.294394 0.056955 9.802657 
0.062899 0.058291 0.073404 1.583311 9.874707 
0.083252 0.052840 0.035044 0.034318 10.030071 
