1.963557 0.008817 0.009122 0.009380 0.009223 
1.058368 0.410155 0.015509 0.013179 0.016193 
0.773239 0.745852 0.014890 0.008285 0.008632 
0.561337 1.099871 0.011415 0.021232 0.019035 
0.388232 1.508303 0.009041 0.019343 0.009438 
0.232200 2.157847 0.008473 0.008442 0.010857 
0.007595 3.833218 0.007629 0.007396 0.007584 
1.059089 0.008506 0.615896 0.007958 0.007326 
0.635013 0.316567 0.456342 0.012682 0.011574 
0.452383 0.597686 0.439963 0.013151 0.013073 
0.309689 0.873521 0.431663 0.011257 0.015773 
0.170525 1.215696 0.453263 0.012618 0.011341 
0.010890 2.120346 0.646852 0.011063 0.010634 
0.812271 0.011201 1.184537 0.011382 0.012142 
0.448863 0.300647 0.871739 0.011650 0.013150 
0.282760 0.545513 0.827876 0.022161 0.020044 
0.153934 0.876703 0.881189 0.010157 0.009337 
0.008057 1.569192 1.175549 0.008457 0.008384 
0.564257 0.010835 1.633101 0.015329 0.015297 
0.308799 0.300795 1.314836 0.009456 0.015841 
0.153535 0.572255 1.288580 0.015660 0.009629 
0.010227 1.060137 1.585190 0.024169 0.009270 
0.402535 0.012768 2.323296 0.010878 0.014994 
0.158650 0.311668 1.783159 0.026434 0.011944 
0.014358 0.729334 2.181881 0.006616 0.006721 
0.217827 0.014078 3.040603 0.008708 0.017230 
0.008810 0.431807 3.194497 0.007962 0.009665 
0.009191 0.008992 5.661509 0.010725 0.011090 
1.030534 0.012136 0.013641 0.821636 0.011633 
0.623972 0.304134 0.011101 0.625856 0.011419 
0.454655 0.577285 0.011318 0.595207 0.013180 
0.300397 0.859121 0.010346 0.576504 0.016179 
0.166355 1.272606 0.021998 0.651314 0.025953 
0.011606 1.998941 0.006121 0.830978 0.011103 
0.602054 0.014462 0.438199 0.625653 0.011216 
0.383174 0.245414 0.370288 0.505716 0.018026 
0.245087 0.452654 0.355926 0.487046 0.009837 
0.132147 0.714461 0.361382 0.502399 0.014554 
0.012822 1.183162 0.444991 0.602167 0.009723 
0.441774 0.011709 0.846445 0.596002 0.010257 
0.247128 0.235758 0.688187 0.489172 0.010635 
0.127546 0.455109 0.711419 0.479870 0.009779 
0.012389 0.827577 0.831410 0.558787 0.012722 
0.287119 0.012487 1.246004 0.584021 0.007748 
0.129108 0.248298 1.076984 0.498647 0.011869 
0.011938 0.565860 1.292594 0.578092 0.010395 
0.162055 0.014111 1.826073 0.628573 0.012317 
0.009400 0.314277 1.835890 0.624879 0.018057 
0.010675 0.010548 3.141317 0.875633 0.010689 
0.790286 0.009565 0.008596 1.557887 0.009177 
0.435081 0.274405 0.021571 1.147818 0.015540 
0.291219 0.562525 0.010136 1.182839 0.010274 
0.153763 0.889163 0.011241 1.206303 0.012382 
0.011103 1.553585 0.010296 1.559564 0.010855 
0.442517 0.009524 0.441386 1.155885 0.014685 
0.247562 0.236382 0.351412 0.972893 0.030669 
0.127938 0.464964 0.352065 0.964424 0.010328 
0.012136 0.843990 0.422446 1.148942 0.014401 
0.285501 0.009934 0.835597 1.127741 0.014448 
0.125597 0.241902 0.708110 0.978570 0.012287 
0.011846 0.554133 0.836092 1.136519 0.012694 
0.153459 0.011670 1.263971 1.172029 0.014864 
0.009212 0.293748 1.279728 1.172815 0.016281 
0.010507 0.011814 2.335142 1.583809 0.014615 
0.558804 0.017837 0.009956 2.203084 0.010356 
0.314016 0.291120 0.010582 1.790212 0.010890 
0.152117 0.554438 0.021608 1.690411 0.009946 
0.011853 1.131307 0.014438 2.323985 0.024526 
0.296067 0.015932 0.428074 1.732157 0.012287 
0.131077 0.240691 0.370003 1.530647 0.012296 
0.010309 0.575829 0.428459 1.715310 0.008479 
0.142935 0.033533 0.802644 1.599527 0.019991 
0.013512 0.291394 0.837387 1.751138 0.018397 
0.008834 0.009775 1.707429 2.328038 0.009372 
0.389096 0.009752 0.009235 3.035041 0.018532 
0.165771 0.306593 0.012083 2.505349 0.010663 
0.014074 0.735975 0.008992 3.006039 0.011166 
0.167114 0.012256 0.476349 2.571934 0.017299 
0.008724 0.323486 0.464646 2.567296 0.009155 
0.008159 0.010506 1.098258 3.043183 0.021375 
0.215132 0.011150 0.008209 4.206985 0.009047 
0.009136 0.410362 0.009309 4.309073 0.009233 
0.009403 0.009737 0.633517 4.268810 0.021167 
0.007764 0.008058 0.007719 7.851684 0.009711 
1.780303 0.008054 0.009469 0.015756 1.800755 
0.943393 0.452796 0.018710 0.019414 1.180909 
0.668781 0.848166 0.022836 0.011879 1.133363 
0.439634 1.238608 0.022194 0.014179 1.113570 
0.232396 1.691999 0.021667 0.034289 1.088562 
0.010737 3.517914 0.009807 0.020291 1.821000 
0.932061 0.014070 0.682330 0.007089 1.173578 
0.535762 0.362410 0.520304 0.008724 0.903055 
0.333893 0.617116 0.476539 0.037033 0.810962 
0.169195 0.979767 0.495968 0.056096 0.654897 
0.011706 1.860171 0.683001 0.008519 1.174998 
0.653937 0.010357 1.260392 0.023621 1.120792 
0.329390 0.310243 0.954419 0.034776 0.829348 
0.166153 0.664748 1.013209 0.017222 0.859920 
0.014070 1.246674 1.229789 0.011886 1.059759 
0.428356 0.012491 1.813523 0.023117 1.037677 
0.182948 0.346606 1.585808 0.013101 0.902244 
0.018762 0.792297 1.739271 0.034418 1.012064 
0.239618 0.042397 2.838310 0.055151 1.311506 
0.009532 0.472807 2.957172 0.010207 1.281585 
0.009219 0.023624 4.774811 0.040023 1.311645 
0.873177 0.015495 0.032617 0.895576 1.100092 
0.492481 0.324451 0.029820 0.646544 0.791507 
0.351065 0.665720 0.009199 0.692942 0.847624 
0.173555 0.939967 0.032453 0.683904 0.808797 
0.008510 1.753685 0.030881 0.894962 1.160821 
0.499304 0.025556 0.471446 0.653839 0.794212 
0.278132 0.293255 0.391424 0.561935 0.607622 
0.149465 0.550759 0.401716 0.555723 0.757786 
0.013610 0.999891 0.509302 0.678281 0.874140 
0.329336 0.017438 0.949219 0.681415 0.803853 
0.146111 0.282402 0.833796 0.556456 0.746283 
0.013019 0.664667 0.960459 0.695861 0.847300 
0.177700 0.018918 1.523680 0.715500 0.874050 
0.013550 0.340490 1.506272 0.692848 0.870129 
0.015662 0.031598 2.420979 0.855685 1.032714 
0.626580 0.010182 0.035345 1.647355 1.050427 
0.321795 0.315222 0.028695 1.268756 0.806923 
0.176514 0.650594 0.014990 1.329537 0.779764 
0.015263 1.183179 0.028627 1.624849 1.051718 
0.334984 0.015406 0.494726 1.301253 0.795081 
0.146846 0.269061 0.433272 1.149225 0.746387 
0.012305 0.650337 0.495230 1.295396 0.793994 
0.172624 0.016963 0.978258 1.312323 0.857991 
0.013853 0.315420 0.972237 1.290121 0.808695 
0.010434 0.024197 1.792068 1.614936 1.051563 
0.422326 0.009067 0.025790 2.490606 1.061042 
0.173072 0.329883 0.024585 2.072395 0.849081 
0.010005 0.846386 0.014234 2.583409 1.061012 
0.184486 0.011381 0.532075 2.163884 0.926749 
0.010332 0.337632 0.546066 2.171523 0.896527 
0.009815 0.025684 1.217638 2.508988 1.061533 
0.248869 0.013332 0.019662 3.781063 1.165987 
0.012604 0.461467 0.017804 3.683046 1.163788 
0.010948 0.021720 0.634731 3.554057 1.134159 
0.011105 0.017777 0.024785 6.423822 1.653682 
1.205119 0.012601 0.011556 0.010000 3.022837 
0.634972 0.404617 0.015928 0.010325 2.105941 
0.396683 0.771406 0.009972 0.015285 1.997042 
0.219917 1.206626 0.009393 0.014048 2.045711 
0.016891 2.128324 0.010642 0.017850 2.748243 
0.606446 0.009789 0.596539 0.030194 2.025986 
0.424323 0.426610 0.624884 0.014456 1.787198 
0.266935 0.791549 0.649739 0.037203 1.920005 
0.009439 1.169206 0.601161 0.020129 1.996061 
0.357033 0.015307 1.084828 0.048637 2.391734 
0.154136 0.285860 1.063152 0.015538 2.003837 
0.009310 0.750974 1.121965 0.029794 1.996727 
0.200533 0.008876 1.747845 0.025629 1.995839 
0.009069 0.411466 1.783924 0.012263 2.068586 
0.014580 0.013613 3.276079 0.018831 2.796629 
0.595332 0.015297 0.010809 0.779421 1.996039 
0.387428 0.383695 0.034032 0.791675 1.893847 
0.218992 0.812177 0.028160 0.854200 1.982696 
0.015626 1.144720 0.010658 0.782293 1.999336 
0.400116 0.019876 0.597283 0.825947 1.920848 
0.176726 0.321155 0.488330 0.683366 1.663538 
0.013127 0.785967 0.610281 0.829015 1.918816 
0.191617 0.042846 1.089053 0.765617 1.887173 
0.026566 0.411654 1.086295 0.750476 1.925467 
0.008910 0.013056 1.793932 0.831230 2.046808 
0.404809 0.010663 0.012960 1.571163 2.012663 
0.158276 0.257841 0.020599 1.517302 2.008543 
0.013802 0.773529 0.013161 1.561585 1.999878 
0.220626 0.013600 0.621388 1.652601 1.969168 
0.010941 0.408970 0.627103 1.626008 1.963244 
0.009101 0.009053 1.177818 1.622865 2.006617 
0.214968 0.012856 0.011945 2.547271 1.999813 
0.011642 0.411635 0.010465 2.604679 2.178568 
0.009429 0.009636 0.634324 2.591518 2.162771 
0.009211 0.011024 0.008461 4.895680 3.109111 
0.800646 0.006994 0.010246 0.007095 4.016399 
0.482774 0.467041 0.028034 0.027307 3.595930 
0.236135 0.903982 0.024025 0.031639 3.473366 
0.006934 1.545568 0.010012 0.006903 3.990122 
0.423668 0.017064 0.629171 0.067062 3.267345 
0.199273 0.361758 0.564008 0.014237 2.825024 
0.019947 0.805655 0.647122 0.060494 3.195547 
0.243236 0.016381 1.394424 0.016941 3.674999 
0.012408 0.452480 1.506962 0.007603 3.765206 
0.008659 0.008659 2.292323 0.019725 3.994069 
0.489193 0.013584 0.014033 0.981334 3.648294 
0.205277 0.363692 0.015546 0.729863 2.950281 
0.012696 0.939927 0.012175 0.966709 3.646867 
0.197490 0.008884 0.546020 0.783876 2.865085 
0.009488 0.361505 0.555704 0.754917 2.864735 
0.011923 0.025609 1.414105 0.940465 3.648920 
0.257011 0.010634 0.010298 1.975505 3.750863 
0.009821 0.477793 0.009765 1.967961 3.747189 
0.010330 0.011095 0.712960 1.975331 3.750689 
0.009314 0.010106 0.009753 3.213494 4.011230 
0.585468 0.014017 0.014612 0.015576 5.881698 
0.221950 0.415218 0.015802 0.022761 4.404165 
0.012024 1.139207 0.014505 0.015796 5.949629 
0.211397 0.013014 0.603257 0.031895 4.113362 
0.012388 0.418982 0.617615 0.033900 4.083865 
0.012356 0.030712 1.763672 0.013565 6.007730 
0.225346 0.012747 0.013716 0.894976 4.437238 
0.010975 0.443799 0.011975 0.925663 4.603470 
0.007786 0.008680 0.668278 0.895280 4.600054 
0.008293 0.008323 0.008377 2.788614 7.017059 
0.266276 0.017708 0.018232 0.017786 6.465464 
0.015930 0.498053 0.017357 0.017244 6.464603 
0.013797 0.030990 0.957396 0.009192 8.221366 
0.009676 0.012899 0.019525 0.984936 6.072532 
0.006759 0.007698 0.006759 0.006764 9.868488 
