2.050310 0.050395 0.050359 0.050765 0.051031 0.051293 0.052013 0.051534 
1.838113 1.843250 0.050973 0.050964 0.050874 0.050330 0.051778 0.050857 
0.943703 3.629711 0.052050 0.050683 0.051227 0.051035 0.052034 0.052617 
0.050554 4.050248 0.050561 0.050700 0.051414 0.050305 0.051918 0.052430 
1.838382 0.050526 2.738484 0.051419 0.050785 0.051441 0.051754 0.051612 
1.203360 2.357441 3.525705 0.051123 0.051510 0.054525 0.052599 0.052977 
0.050515 3.626941 2.736977 0.051023 0.050795 0.051878 0.052476 0.051834 
0.944557 0.052016 5.418060 0.051399 0.051163 0.051217 0.052365 0.053019 
0.050443 1.842229 5.414744 0.050997 0.051472 0.050953 0.052730 0.051044 
0.051189 0.050309 6.050305 0.050401 0.051480 0.051734 0.051553 0.052149 
1.838932 0.050370 0.050765 3.629219 0.050854 0.051207 0.051937 0.050358 
1.204303 2.360605 0.051878 4.670606 0.051598 0.050936 0.052936 0.050807 
0.050881 3.627365 0.050999 3.631452 0.050992 0.051794 0.052226 0.051044 
1.204476 0.050623 3.515697 4.670733 0.051113 0.051481 0.052782 0.051464 
0.050645 2.361777 3.520761 4.656830 0.050886 0.051700 0.050504 0.054764 
0.051627 0.050725 5.416286 3.629185 0.053279 0.051304 0.051841 0.050393 
0.943579 0.050702 0.051463 7.208727 0.050640 0.051332 0.052694 0.051427 
0.050733 1.836595 0.051439 7.208702 0.054584 0.051308 0.052652 0.051407 
0.050475 0.051286 2.729502 7.208617 0.051885 0.050952 0.050973 0.050638 
0.050703 0.050561 0.050548 8.050526 0.051596 0.051924 0.051825 0.053329 
1.839213 0.050677 0.052429 0.051338 4.521925 0.052110 0.052516 0.050626 
1.205767 2.362748 0.052055 0.053809 5.812671 0.050486 0.053580 0.050714 
0.050922 3.630599 0.051963 0.051337 4.509483 0.050851 0.052646 0.050939 
1.204203 0.050491 3.523617 0.052640 5.813626 0.050930 0.052315 0.050788 
0.051048 2.362087 3.522312 0.050915 5.807095 0.051802 0.053640 0.052920 
0.050329 0.052110 5.420770 0.051363 4.509511 0.051381 0.052514 0.050367 
1.206124 0.051673 0.051650 4.662133 5.826305 0.050552 0.051812 0.052438 
0.050451 2.362047 0.051555 4.676750 5.808851 0.050956 0.055058 0.050995 
0.051047 0.050534 3.513558 4.673530 5.820395 0.051749 0.050736 0.050911 
0.050298 0.050398 0.056742 7.207106 4.518919 0.051910 0.052445 0.050544 
0.945899 0.050487 0.051257 0.050625 8.991670 0.052379 0.052645 0.052592 
0.050340 1.841448 0.051209 0.051045 8.991629 0.050491 0.052603 0.052479 
0.050805 0.050371 2.745174 0.050675 8.985006 0.050413 0.051850 0.050571 
0.050419 0.050482 0.050359 3.640763 8.986670 0.053180 0.053598 0.050744 
0.050247 0.050232 0.050232 0.050289 10.050232 0.050782 0.052205 0.050465 
1.838880 0.050535 0.050392 0.050688 0.050351 5.419891 0.054106 0.050285 
1.205076 2.361977 0.052146 0.053899 0.051437 6.973516 0.053948 0.050946 
0.050585 3.629553 0.050986 0.051082 0.050433 5.407652 0.051026 0.053116 
1.205323 0.051777 3.516572 0.051812 0.051633 6.980932 0.053060 0.051573 
0.051237 2.358086 3.515266 0.050830 0.051695 6.981674 0.051151 0.050416 
0.050284 0.050557 5.419647 0.050599 0.050691 5.405402 0.051724 0.050619 
1.205657 0.050354 0.050606 4.673749 0.051193 6.967103 0.050734 0.050592 
0.051028 2.362648 0.050888 4.671216 0.051443 6.967312 0.052706 0.050681 
0.050605 0.050545 3.523845 4.675367 0.052789 6.951093 0.053123 0.050919 
0.051208 0.050332 0.051284 7.206574 0.050938 5.414419 0.050834 0.051559 
1.206541 0.050520 0.051730 0.050943 5.820991 6.973444 0.053604 0.051260 
0.050456 2.359540 0.050694 0.054244 5.818043 6.986158 0.052027 0.050570 
0.050610 0.050659 3.520556 0.051559 5.823645 6.967452 0.052040 0.053500 
0.050492 0.050482 0.050569 4.677142 5.823565 6.967372 0.051187 0.050570 
0.050241 0.050247 0.050278 0.050240 8.995617 5.414148 0.051887 0.050485 
0.944180 0.050542 0.051091 0.050629 0.050684 10.785633 0.052590 0.050746 
0.050550 1.843298 0.050741 0.051506 0.052940 10.777651 0.052628 0.051172 
0.050339 0.051029 2.742541 0.050698 0.050502 10.774460 0.051501 0.052407 
0.050879 0.050816 0.050800 3.627845 0.051278 10.784423 0.052099 0.053603 
0.050345 0.050309 0.050553 0.050648 4.522159 10.783511 0.050888 0.050722 
0.050501 0.050187 0.050185 0.050210 0.050295 12.050185 0.050831 0.050584 
1.839377 0.050851 0.050953 0.051018 0.051081 0.051934 6.311610 0.050650 
1.204966 2.361741 0.052248 0.050840 0.050680 0.051612 8.130016 0.050698 
0.050506 3.628592 0.050892 0.050723 0.050774 0.051796 6.307729 0.050586 
1.203111 0.051319 3.522831 0.050745 0.051420 0.051547 8.128111 0.050866 
0.054318 2.355693 3.522739 0.051004 0.051658 0.051410 8.128221 0.050809 
0.051588 0.050802 5.416746 0.051048 0.051184 0.051273 6.314656 0.051021 
1.204245 0.051782 0.051476 4.674693 0.050919 0.051808 8.130867 0.052858 
0.051042 2.359788 0.051590 4.677780 0.051542 0.052021 8.119329 0.050588 
0.050523 0.050748 3.514359 4.677719 0.053064 0.051971 8.119279 0.050575 
0.051396 0.051604 0.051413 7.204952 0.052077 0.052494 6.318873 0.054185 
1.206590 0.051143 0.051462 0.050848 5.819176 0.050441 8.128053 0.051331 
0.050412 2.361775 0.051372 0.050919 5.818930 0.051165 8.132881 0.051381 
0.051341 0.051163 3.519977 0.051814 5.812439 0.055591 8.138820 0.053016 
0.050514 0.053304 0.050731 4.672200 5.818210 0.051660 8.135958 0.052489 
0.050335 0.050316 0.050314 0.050326 8.995362 0.050626 6.309132 0.051266 
1.205287 0.051281 0.050928 0.050973 0.050686 6.980509 8.130875 0.050645 
0.050469 2.361734 0.050938 0.050468 0.050359 6.972788 8.132840 0.053546 
0.050601 0.051501 3.517342 0.050726 0.051058 6.973759 8.133096 0.053878 
0.050288 0.050271 0.050384 4.670427 0.050302 6.974104 8.135900 0.052408 
0.050395 0.050421 0.050385 0.050391 5.826516 6.978303 8.129884 0.050731 
0.050430 0.050430 0.050516 0.050541 0.050444 10.783517 6.311511 0.050454 
0.944036 0.050486 0.050650 0.050738 0.051896 0.050967 12.575333 0.051902 
0.050443 1.846204 0.051219 0.050690 0.050637 0.051322 12.559919 0.053105 
0.050625 0.050903 2.737849 0.050937 0.051884 0.050874 12.567394 0.050888 
0.050436 0.050343 0.050376 3.624709 0.050507 0.050869 12.575247 0.051853 
0.050240 0.050254 0.050262 0.050240 4.522803 0.050498 12.571921 0.052341 
0.050301 0.050274 0.050951 0.050235 0.050236 5.419032 12.570905 0.050577 
0.050664 0.050217 0.050201 0.050631 0.050654 0.050372 14.050177 0.050533 
1.839070 0.050924 0.051341 0.051171 0.051398 0.051309 0.051963 7.214693 
1.203940 2.359126 0.050828 0.051969 0.050864 0.051359 0.050889 9.299806 
0.050704 3.630028 0.052412 0.052607 0.051593 0.051905 0.053239 7.191879 
1.203891 0.051857 3.513850 0.050844 0.052520 0.054280 0.051043 9.301005 
0.050622 2.355843 3.515099 0.050924 0.050863 0.050782 0.051118 9.301768 
0.050349 0.051886 5.417793 0.051429 0.051358 0.050793 0.052090 7.200798 
1.205442 0.050801 0.050986 4.678778 0.052863 0.051491 0.051141 9.268186 
0.051444 2.358516 0.052604 4.675214 0.051635 0.052081 0.054712 9.286581 
0.050384 0.051389 3.515311 4.672113 0.050989 0.051019 0.050859 9.279873 
0.050478 0.050430 0.050718 7.205739 0.051514 0.050929 0.050546 7.206283 
1.206828 0.050390 0.052357 0.050450 5.819826 0.050875 0.052614 9.280252 
0.050822 2.363737 0.051213 0.051264 5.820266 0.051058 0.052602 9.280691 
0.050415 0.051395 3.518684 0.052694 5.821149 0.050774 0.051770 9.281115 
0.050313 0.050311 0.054494 4.670893 5.823466 0.051209 0.051595 9.284893 
0.050277 0.050319 0.050272 0.050873 8.993798 0.051270 0.051062 7.208073 
1.206533 0.051079 0.050704 0.050477 0.051330 6.984900 0.055676 9.267947 
0.050841 2.358841 0.051637 0.051283 0.050852 6.972981 0.051379 9.300328 
0.050928 0.051335 3.523772 0.054408 0.052080 6.967106 0.051013 9.279229 
0.050437 0.050736 0.051191 4.668053 0.050861 6.976148 0.051393 9.292902 
0.050347 0.050361 0.050348 0.050347 5.824784 6.979536 0.053664 9.285140 
0.050396 0.050188 0.050797 0.052130 0.050387 10.780487 0.051817 7.213139 
1.204841 0.051664 0.051237 0.052175 0.051039 0.053539 8.126912 9.301122 
0.051292 2.361131 0.051330 0.050619 0.051262 0.051193 8.135693 9.279725 
0.050476 0.051394 3.517891 0.050946 0.051152 0.051612 8.132344 9.280365 
0.050911 0.053665 0.050813 4.669812 0.051082 0.051026 8.131709 9.290308 
0.050274 0.050352 0.050362 0.050486 5.820480 0.050940 8.137706 9.287927 
0.050423 0.050345 0.050316 0.051632 0.050317 6.978948 8.139814 9.279806 
0.050234 0.050228 0.050228 0.050229 0.050430 0.050228 12.567503 7.216390 
0.945774 0.050584 0.051385 0.051171 0.051182 0.051263 0.051446 14.357659 
0.050521 1.841105 0.051369 0.052050 0.051182 0.051276 0.051191 14.357660 
0.051257 0.050227 2.739411 0.050913 0.051541 0.050713 0.050943 14.353134 
0.050617 0.050527 0.050499 3.622123 0.051189 0.050992 0.051418 14.367376 
0.050275 0.050372 0.050372 0.050454 4.514528 0.050540 0.051148 14.367405 
0.050186 0.050166 0.050429 0.050573 0.050150 5.415182 0.051656 14.361996 
0.050192 0.050189 0.050224 0.050188 0.050220 0.050185 6.309401 14.362034 
0.050745 0.050648 0.050833 0.050672 0.050220 0.053063 0.053306 16.050174 
1.970650 0.498222 0.680932 0.916901 1.069234 1.333818 1.531105 1.764852 
1.388588 2.722580 0.864060 1.107003 1.440323 1.632129 1.867487 2.171778 
0.282341 3.886763 0.681165 0.904811 1.128418 1.343127 1.531807 1.744010 
1.385614 0.579998 4.085141 1.115975 1.377381 1.648733 1.921776 2.183464 
0.310577 2.728731 4.090412 1.123898 1.384557 1.655722 1.928441 2.271471 
0.257232 0.455268 5.817326 0.897968 1.113937 1.301830 1.510223 1.774433 
1.386839 0.583949 0.851945 5.405144 1.396671 1.646614 1.898767 2.173629 
0.313994 2.726089 0.800655 5.406944 1.421628 1.635075 1.918664 2.172953 
0.318680 0.587811 4.044853 5.422149 1.382091 1.691838 1.887047 2.192776 
0.261377 0.470837 0.682906 7.728279 1.130679 1.356503 1.541427 1.776678 
1.389429 0.584747 0.853069 1.117855 6.726369 1.651845 1.933089 2.176828 
0.313972 2.727726 0.851495 1.106536 6.728160 1.654977 1.915108 2.189949 
0.318867 0.585126 4.072698 1.115148 6.738534 1.687965 1.867915 2.182011 
0.319895 0.587818 0.864203 5.395575 6.725942 1.640537 1.920733 2.202173 
0.258645 0.464713 0.669509 0.899505 9.685998 1.285283 1.540847 1.714705 
1.388425 0.582447 0.861674 1.110875 1.377009 8.086003 1.918468 2.181594 
0.315748 2.728300 0.852712 1.090741 1.368462 8.079520 1.899499 2.165450 
0.317752 0.581377 4.060729 1.105427 1.401620 8.087600 1.934880 2.157999 
0.315146 0.576933 0.852659 5.417243 1.382553 8.063346 1.942594 2.100019 
0.316986 0.579412 0.851488 1.128117 6.741315 8.066922 1.902058 2.207290 
0.256001 0.478476 0.706401 0.915187 1.123177 11.564624 1.519574 1.758986 
1.387644 0.583758 0.852545 1.113658 1.394490 1.654155 9.407923 2.182949 
0.318577 2.720253 0.870763 1.113245 1.387762 1.664633 9.407246 2.186211 
0.317413 0.586593 4.066670 1.121012 1.396374 1.682732 9.412529 2.187693 
0.316059 0.582436 0.857470 5.401941 1.401684 1.669624 9.401473 2.188735 
0.317805 0.583792 0.842060 1.136682 6.686725 1.602521 9.500665 2.170044 
0.318613 0.587321 0.845237 1.138412 1.385642 8.080364 9.414473 2.172424 
0.260981 0.477875 0.686300 0.917594 1.123821 1.337059 13.479566 1.763113 
1.391830 0.585897 0.840668 1.137795 1.401300 1.665888 1.898401 10.776153 
0.315416 2.718688 0.842773 1.101779 1.368578 1.651974 1.906479 10.783408 
0.318577 0.584074 4.059684 1.118522 1.393010 1.638469 1.888857 10.772363 
0.317829 0.584916 0.854390 5.376931 1.391584 1.659419 1.940034 10.792910 
0.319357 0.588994 0.857936 1.119314 6.731423 1.643419 1.945613 10.745362 
0.321991 0.588727 0.864409 1.107426 1.352933 8.108236 1.901082 10.785245 
0.316761 0.584006 0.848956 1.113161 1.392950 1.663736 9.409475 10.744075 
0.258421 0.462045 0.684995 0.915303 1.122086 1.331307 1.504099 15.436671 
