0.616363 0.146976 0.107317 0.033222 0.028916 0.027990 0.022818 0.283681 0.088028 0.046408 
0.338964 0.380782 0.118308 0.017237 0.017253 0.018047 0.017341 0.857935 0.128886 0.433727 
0.135762 0.586616 0.209506 0.039711 0.252333 0.021873 0.024878 0.094082 0.177426 0.059199 
0.309088 0.081233 0.459590 0.030536 0.243397 0.020544 0.024362 0.294870 0.088061 0.058967 
0.040072 0.827306 0.832848 0.011064 0.031443 0.012356 0.011098 0.111674 0.098403 0.102390 
0.251853 0.068049 1.173281 0.028182 0.083028 0.031614 0.038991 0.146722 0.149738 0.146137 
0.103418 0.286994 0.892378 0.018211 0.029989 0.023302 0.026575 0.275915 0.137079 0.018408 
0.056650 1.120925 0.036068 0.256109 0.290565 0.033288 0.029302 0.081927 0.133699 0.104790 
0.019206 0.387110 0.812041 0.245063 0.244934 0.022943 0.015607 0.046680 0.120882 0.084094 
0.056864 0.060676 1.435904 0.255034 0.289490 0.033228 0.029259 0.081649 0.141546 0.104747 
0.075562 0.387167 0.131072 0.374173 0.155803 0.015179 0.019364 0.686581 0.028845 0.024132 
0.120968 0.109841 0.603707 0.387978 0.274874 0.020452 0.025178 0.049611 0.123644 0.048010 
0.415348 0.049884 0.160780 0.051104 1.228223 0.049104 0.046888 0.078768 0.154323 0.335560 
0.155525 0.216201 0.066968 0.027370 1.092770 0.020247 0.020311 0.379386 0.090798 0.073153 
0.026132 0.714555 0.054229 0.018816 1.026694 0.017490 0.015154 0.469472 0.122940 0.024702 
0.200334 0.034414 0.361411 0.019074 1.113217 0.020420 0.018435 0.170528 0.122588 0.063165 
0.020481 0.410737 0.367728 0.018146 1.104605 0.020495 0.018457 0.171441 0.121925 0.304946 
0.014375 0.122771 1.044323 0.016700 1.138739 0.019080 0.012688 0.170540 0.128792 0.022172 
0.062579 0.241924 0.101046 0.118279 1.029808 0.021120 0.018004 0.393472 0.183813 0.073760 
0.066551 0.084216 0.151871 0.500676 1.375514 0.033497 0.028565 0.124996 0.105834 0.061231 
0.052317 0.049490 0.430855 0.010498 1.617253 0.018315 0.021585 0.270696 0.131610 0.031489 
0.031006 0.143268 0.057383 0.166361 1.558212 0.017146 0.013144 0.578622 0.117503 0.170184 
0.325333 0.049638 0.076153 0.022675 0.137904 0.201614 0.101958 0.578628 0.089878 0.129089 
0.244706 0.046680 0.678400 0.026600 0.046939 0.327622 0.054542 0.183910 0.243845 0.146241 
0.035408 0.341865 0.408563 0.038768 0.278822 0.229088 0.027197 0.883574 0.054590 0.271024 
0.046591 0.056258 1.326287 0.029868 0.186509 0.275546 0.018574 0.116892 0.119792 0.131557 
0.098839 0.090280 0.476007 0.305239 0.217797 0.290114 0.026337 0.050770 0.124802 0.049168 
0.088709 0.128816 0.235484 0.599693 0.268160 0.293389 0.023410 0.061053 0.092469 0.056927 
0.064489 0.026650 0.225809 0.194443 1.113488 0.336188 0.045050 0.060178 0.253951 0.340456 
0.256413 0.039440 0.060203 0.015094 0.107740 0.474504 0.017285 2.108747 0.015210 0.133895 
0.031544 0.602828 0.128943 0.022906 0.279469 0.589683 0.021283 0.049205 0.138242 0.138545 
0.051196 0.146228 0.063662 0.256659 1.016613 0.607429 0.046299 0.122518 0.267777 0.357385 
0.239681 0.017920 0.046987 0.020624 1.518553 0.623887 0.023211 0.054187 0.013647 0.305446 
0.436658 0.036753 0.089467 0.040601 0.514859 0.029339 0.267371 0.122728 0.243509 0.032734 
0.221024 0.300307 0.167480 0.037075 0.086218 0.037968 0.291942 0.614889 0.169704 0.074944 
0.039321 0.988530 0.072948 0.016682 0.055785 0.016769 0.270595 0.463139 0.122604 0.051246 
0.305072 0.062638 0.783901 0.041273 0.072774 0.044021 0.328007 0.186355 0.146947 0.075725 
0.026431 0.497343 0.744122 0.011117 0.039006 0.013017 0.310053 0.180402 0.116332 0.047000 
0.079261 0.103648 1.872948 0.035177 0.086752 0.035746 0.373348 0.034914 0.144359 0.051713 
0.223760 0.034531 0.175768 0.256634 0.516741 0.031258 0.269272 0.124639 0.245411 0.035735 
0.026606 0.429579 0.097986 0.331680 0.146775 0.018092 0.272214 0.465834 0.124079 0.026266 
0.019318 0.102221 0.811481 0.359947 0.056176 0.019007 0.273078 0.465806 0.124944 0.034933 
0.108065 0.133614 0.092861 0.378930 0.145649 0.019006 0.270573 0.464346 0.122472 0.026736 
0.042919 0.048190 0.779567 0.032078 1.762675 0.032856 0.405898 0.138174 0.031876 0.360452 
0.034237 0.020576 0.333992 0.154531 1.288150 0.020239 0.279937 0.476994 0.090158 0.036045 
0.055054 0.065674 0.047552 0.029105 2.514532 0.030610 0.281882 0.589024 0.151369 0.147792 
0.306303 0.018440 0.055379 0.019733 0.390281 0.222071 0.257330 0.110970 0.226808 0.061875 
0.032191 0.484708 0.113407 0.025421 0.230443 0.478338 0.329139 0.053791 0.142873 0.126074 
0.095868 0.116846 0.082537 0.328640 0.031008 0.214673 0.265234 0.442560 0.231453 0.027728 
0.171262 0.025055 0.044228 0.026646 0.918316 0.200622 0.232362 0.490145 0.239185 0.023434 
0.114831 0.133886 0.093282 0.130620 0.239829 0.498503 0.342642 0.055547 0.080678 0.025626 
0.099955 0.410591 0.150764 0.033776 0.180272 0.021486 0.607770 0.105732 0.177590 0.059362 
0.048966 0.139541 0.259169 0.252649 0.146125 0.017450 0.500266 0.699342 0.029127 0.024196 
0.065791 0.071562 0.148969 0.014638 1.450620 0.029793 0.642560 0.123184 0.044368 0.050950 
0.098875 0.109270 0.229080 0.139389 0.154612 0.288208 0.633740 0.118321 0.147676 0.056761 
0.396837 0.049750 0.082964 0.010805 0.159008 0.011810 0.014293 2.110789 0.010910 0.047354 
0.186446 0.207881 0.067352 0.015364 0.041814 0.016070 0.018089 2.830838 0.125012 0.054361 
0.055195 0.672481 0.068580 0.026668 0.030223 0.027826 0.026245 2.785603 0.189750 0.080270 
0.118988 0.127982 0.399798 0.034530 0.155685 0.027219 0.028234 2.153503 0.038943 0.047982 
0.060998 0.065645 0.802154 0.034358 0.165348 0.027617 0.028098 2.032264 0.100783 0.053676 
0.150651 0.048461 0.161290 0.229213 0.156581 0.021345 0.023073 1.992014 0.092276 0.048244 
0.059497 0.304762 0.041621 0.246942 0.160476 0.016955 0.016371 2.044989 0.092005 0.037849 
0.055396 0.058524 0.546012 0.241854 0.165486 0.033692 0.034551 2.053658 0.095818 0.059738 
0.053020 0.058269 0.124504 0.319272 0.118359 0.011907 0.013701 2.816456 0.127379 0.050285 
0.166693 0.041659 0.048205 0.026826 1.103977 0.021053 0.023879 1.889270 0.092976 0.057268 
0.045774 0.255773 0.190210 0.040408 0.200500 0.166968 0.042599 2.802413 0.177934 0.049713 
0.036892 0.065097 0.508188 0.033079 0.107362 0.301906 0.028081 2.708242 0.137669 0.056631 
0.114292 0.028635 0.033120 0.018474 0.848402 0.352731 0.019939 2.060405 0.014602 0.050743 
0.070779 0.280370 0.046944 0.019828 0.203820 0.014866 0.189734 1.836682 0.089186 0.354393 
0.053752 0.060543 0.576257 0.033098 0.262493 0.024347 0.212161 1.682058 0.090201 0.052341 
0.041664 0.135016 0.138242 0.162122 0.044753 0.027229 0.274317 2.800089 0.163593 0.119190 
0.095411 0.124293 0.058378 0.034910 1.043151 0.035426 0.252288 2.007159 0.034936 0.363436 
0.058602 0.075105 0.261493 0.019275 0.089277 0.028275 0.400699 1.931804 0.118335 0.046891 
0.108893 0.120622 0.268628 0.026845 0.043736 0.016138 0.017938 2.830894 0.125079 0.054513 
0.062093 0.256429 0.106688 0.020812 0.115405 0.013026 0.012352 2.896222 0.169564 0.051337 
0.055303 0.073708 0.120669 0.152244 0.176711 0.022101 0.023867 3.802810 0.116131 0.031916 
0.014304 0.141809 0.103700 0.009694 0.781551 0.014003 0.015573 3.015116 0.103233 0.328928 
0.052041 0.070472 0.124336 0.022849 0.123382 0.136003 0.036182 3.680692 0.154820 0.286046 
0.194461 0.218266 0.069295 0.011869 0.146524 0.012761 0.015279 0.632445 0.993416 0.035729 
0.035789 0.854259 0.064721 0.083666 0.057093 0.019608 0.014780 0.101778 1.343808 0.051437 
0.267984 0.050825 0.664538 0.040306 0.059790 0.046729 0.060546 0.155169 1.406861 0.162595 
0.269100 0.045506 0.119061 0.319498 0.171024 0.025628 0.023949 0.049343 1.417214 0.132857 
0.045381 0.407412 0.109305 0.253739 0.159589 0.040050 0.036062 0.441840 1.354134 0.106245 
0.241826 0.035065 0.084114 0.035181 1.140707 0.034941 0.030471 0.150025 1.259966 0.171278 
0.071565 0.293027 0.044755 0.009004 1.215791 0.009034 0.013281 0.073857 1.010523 0.168314 
0.032881 0.067362 0.665907 0.031547 1.168038 0.026526 0.024165 0.059081 1.203245 0.375796 
0.034781 0.127805 0.050971 0.147888 1.282951 0.022130 0.024468 0.084090 1.446778 0.029285 
0.060885 0.108025 0.065297 0.047723 2.415666 0.049157 0.050963 0.467832 1.099384 0.149791 
0.306792 0.050793 0.072201 0.027993 0.304019 0.210703 0.027474 0.092571 1.184127 0.072719 
0.055165 0.298501 0.057643 0.025577 0.098968 0.355369 0.020635 0.395667 1.479626 0.138132 
0.030539 0.072383 0.512521 0.033544 0.932110 0.284484 0.028089 0.055645 1.207168 0.379719 
0.068560 0.075227 0.141606 0.408385 0.081612 0.247416 0.063102 0.046410 1.194655 0.368691 
0.022455 0.014556 0.087245 0.015272 1.139463 0.173318 0.019365 1.448637 1.003322 0.146761 
0.209843 0.307958 0.088873 0.028085 0.027979 0.030144 0.453793 0.121864 1.205812 0.057275 
0.032885 0.559747 0.127423 0.027510 0.126187 0.017116 0.232509 0.040989 1.408865 0.124394 
0.047810 0.067814 0.906538 0.024529 0.012908 0.015001 0.438650 0.106721 1.190669 0.042133 
0.031604 0.151855 0.158332 0.019044 0.086900 0.013680 0.659500 0.500879 1.425023 0.066076 
0.150407 0.170304 0.054778 0.014520 0.115966 0.015183 0.016851 1.493949 0.996080 0.038245 
0.023887 0.255562 0.065360 0.021522 0.064882 0.016619 0.122111 1.883907 1.415180 0.125093 
0.045644 0.021352 0.566445 0.018990 0.085793 0.019855 0.022159 1.967686 1.440994 0.036275 
0.072656 0.021634 0.086783 0.211867 0.087764 0.016503 0.019457 1.848966 1.490304 1.035878 
0.071667 0.078495 0.061449 0.019291 0.784305 0.019963 0.022052 1.497439 1.028775 0.058389 
0.050536 0.055154 0.155328 0.018170 0.027176 0.188560 0.014623 1.893555 1.558591 0.059563 
0.289854 0.069114 0.092923 0.052115 0.262328 0.045895 0.044571 0.127540 2.859918 0.379742 
0.057858 0.020118 0.697440 0.026463 0.234672 0.017307 0.016001 0.100875 2.831334 0.351158 
0.033664 0.015322 0.315038 0.276438 0.205236 0.014132 0.012922 0.272175 2.852395 0.040840 
0.075860 0.037307 0.079513 0.107458 0.990974 0.028689 0.029738 0.112997 2.866777 0.055386 
0.200391 0.067340 0.077855 0.050614 0.190942 0.046462 0.360767 0.128575 2.861044 0.379035 
0.544467 0.038666 0.095637 0.043246 0.089791 0.029220 0.028394 0.141496 0.098999 4.116944 
0.309023 0.362491 0.129164 0.019011 0.019099 0.019775 0.019047 0.128171 0.094468 4.779684 
0.053931 0.266742 0.549040 0.023824 0.178743 0.027814 0.025797 0.406222 0.024044 4.166616 
0.274572 0.053159 0.068819 0.198514 0.143972 0.016886 0.016175 0.107613 0.100468 4.197170 
0.026545 0.138409 0.211870 0.482557 0.198765 0.025493 0.024358 0.455294 0.073994 4.051716 
0.025459 0.107206 0.063992 0.232172 1.086390 0.029301 0.024598 0.455534 0.074234 4.051956 
0.042342 0.040759 0.100153 0.030316 2.617063 0.029364 0.034882 0.147716 0.100048 4.424044 
0.344417 0.079575 0.108289 0.066498 0.239736 0.240467 0.071734 0.063532 0.137966 4.170872 
0.116532 0.133703 0.599625 0.023455 0.027122 0.264994 0.023479 0.136335 0.099052 4.892662 
0.125494 0.059964 0.067069 0.056728 1.602630 0.222961 0.057546 0.061690 0.371525 4.112260 
0.024096 0.310638 0.069504 0.023710 0.086866 0.018103 0.243667 0.366815 0.770396 4.114204 
0.050657 0.232184 0.083688 0.030674 1.235726 0.031944 0.315898 0.549331 0.024814 7.417372 
0.045683 0.052114 0.471747 0.037507 0.950170 0.059523 0.663359 0.126904 0.165569 4.086543 
0.177761 0.043499 0.053714 0.044490 0.136395 0.039866 0.039833 2.304397 0.425746 4.495509 
0.071777 0.022559 0.655407 0.025959 0.122727 0.016606 0.020260 2.908672 0.020766 7.314164 
0.043635 0.049955 0.172605 0.133647 0.090558 0.020469 0.022010 1.976200 0.090240 4.198670 
0.033616 0.038768 0.409076 0.022204 0.864363 0.017611 0.020514 1.883285 0.119916 2.533853 
0.071788 0.022485 0.258152 0.021715 0.020175 0.157713 0.016433 2.152851 0.128704 4.545205 
0.173553 0.016292 0.441826 0.011023 0.024506 0.013713 0.024882 0.089798 0.948523 4.253846 
0.026647 0.058208 0.412802 0.025497 0.071989 0.026148 0.027704 1.382889 1.016014 4.001765 
0.056257 0.019534 0.067135 0.157107 0.067370 0.015850 0.017979 1.341123 0.993565 3.990353 
0.050099 0.188375 0.195823 0.036403 0.117745 0.029495 0.369939 0.497891 1.386085 3.682630 
0.055215 0.058050 0.130075 0.010045 0.064891 0.010306 0.012535 1.417398 0.812883 3.984679 
0.058136 0.181199 0.074294 0.044286 0.676989 0.411243 0.046333 0.095895 1.362423 15.283684 
0.549268 0.052598 0.122093 0.033171 0.208269 0.032824 0.032036 0.581291 0.132288 0.350411 
0.159276 0.560380 0.196819 0.048457 0.184138 0.053540 0.051528 0.615045 0.158049 0.149249 
0.225073 0.043583 0.614315 0.026507 0.199888 0.030973 0.028715 0.784897 0.243624 0.165994 
0.106963 0.101326 1.060019 0.021924 0.222291 0.028001 0.021649 0.279154 0.140587 0.137397 
0.111515 0.435106 0.067797 0.337614 0.462615 0.021012 0.019899 0.037152 0.091964 0.357170 
0.058041 0.062254 0.719041 0.309253 0.206363 0.028798 0.030389 0.873425 0.090150 0.048556 
0.128663 0.141015 0.307287 0.716319 0.280011 0.031816 0.036071 0.058032 0.146289 0.069312 
0.265173 0.031841 0.063403 0.027997 1.247560 0.022814 0.021216 0.540025 0.155247 0.134777 
0.123792 0.443445 0.175000 0.055761 0.900997 0.043560 0.046565 0.115769 0.199114 0.080886 
0.371433 0.076514 0.104878 0.047670 0.170935 0.239087 0.132482 0.409993 0.114091 0.192377 
0.040398 0.414103 0.261004 0.170161 0.085982 0.317906 0.043091 0.079530 1.038392 0.168811 
0.103506 0.137369 0.410927 0.041030 0.284802 0.227373 0.029453 0.885833 0.056849 0.273283 
0.126540 0.189619 0.110592 0.381880 0.249858 0.273413 0.021281 0.111078 0.131741 0.055177 
0.138137 0.164251 0.112045 0.158759 0.295387 0.619866 0.026183 0.055240 0.079843 0.032942 
0.225420 0.274255 0.197705 0.063430 0.191020 0.052521 0.314646 0.513147 0.121643 0.064568 
0.058314 0.079641 1.340114 0.030681 0.017099 0.019121 0.604489 0.155179 0.127811 0.045986 
0.132410 0.180591 0.140782 0.364062 0.088407 0.040157 0.294131 0.617077 0.171893 0.077133 
0.088149 0.112592 0.056736 0.041036 0.974022 0.037287 0.238872 1.631675 0.146333 0.368094 
0.169367 0.222234 0.109002 0.033135 0.150255 0.048192 0.729636 0.184524 0.127686 0.056242 
0.056927 0.025730 0.534032 0.117990 0.070233 0.020567 0.020155 2.832848 0.122323 1.671943 
0.030489 0.064191 0.062900 0.072844 0.672245 0.026362 0.273451 2.799232 0.162727 0.118216 
0.116091 0.627004 0.108789 0.050158 0.208480 0.050943 0.052264 0.433203 0.050374 4.155208 
0.046347 0.050159 0.417992 0.031090 0.194369 0.025019 0.158577 1.203847 0.071849 4.402056 
0.065133 0.016376 0.268643 0.016180 0.014257 0.156206 0.156409 1.225214 0.122663 4.539164 
