2.234156 0.235677 0.238468 0.269892 0.240760 
2.201461 0.730235 0.219421 0.225009 0.217938 
2.053488 1.758789 0.211052 0.209894 0.209774 
1.669011 2.881455 0.190930 0.190763 0.189781 
1.101448 3.686461 0.159485 0.162831 0.158818 
0.497560 4.095987 0.158351 0.164457 0.165732 
0.109647 4.109487 0.113846 0.113934 0.109577 
2.201776 0.220011 1.021799 0.220995 0.224434 
2.146535 0.957069 1.210210 0.217490 0.210385 
1.895946 2.197580 1.489128 0.212584 0.215185 
1.302782 3.307556 1.541080 0.158725 0.161684 
0.578542 3.920866 1.367670 0.121405 0.119065 
0.111770 4.051621 1.142860 0.115385 0.113855 
2.062489 0.208448 2.453401 0.210226 0.209353 
1.924862 1.088845 3.008211 0.210862 0.210880 
1.434550 2.439626 3.311850 0.166622 0.167754 
0.680743 3.388155 3.110185 0.116680 0.118033 
0.110107 3.759386 2.566706 0.114407 0.113393 
1.741674 0.209352 4.058543 0.209972 0.210882 
1.355192 1.186568 4.723275 0.161504 0.162856 
0.700708 2.334539 4.790585 0.120391 0.116427 
0.074326 3.008336 4.151912 0.075199 0.089220 
1.160930 0.159972 5.353394 0.161969 0.161643 
0.645272 1.068911 5.720861 0.116976 0.115426 
0.075276 1.977174 5.352106 0.084427 0.075183 
0.692909 0.182319 5.982018 0.232572 0.198215 
0.068646 0.898696 5.937221 0.078144 0.068683 
0.027212 0.034947 6.027160 0.030963 0.029789 
2.190199 0.216939 0.215779 1.479777 0.222047 
2.146972 0.923263 0.214989 1.712827 0.217622 
1.880068 2.159068 0.192344 1.895593 0.191721 
1.295888 3.307061 0.157127 2.042770 0.157223 
0.605097 3.918130 0.124785 1.769115 0.125134 
0.113194 4.048263 0.113115 1.546809 0.116289 
2.143269 0.209868 1.259315 1.687348 0.211187 
2.038488 1.157023 1.597151 2.109875 0.211666 
1.534672 2.603337 1.824403 2.384572 0.159933 
0.723261 3.617423 1.686947 2.220423 0.111857 
0.117379 3.940675 1.374858 1.763679 0.121839 
1.922406 0.212282 2.996660 2.015808 0.226919 
1.571756 1.339560 3.629274 2.439927 0.161020 
0.814091 2.728708 3.749139 2.498535 0.122184 
0.070779 3.376331 3.100206 2.064691 0.070830 
1.370591 0.156743 4.680467 2.153050 0.168936 
0.768783 1.293501 5.239701 2.336499 0.117092 
0.071063 2.345385 4.761431 2.118640 0.078547 
0.614960 0.117964 5.763256 1.951636 0.122957 
0.027030 1.054484 5.653140 1.898452 0.043296 
0.038368 0.043736 5.923928 1.591201 0.055086 
2.057842 0.210773 0.209342 3.262846 0.215912 
1.918215 1.126116 0.208954 3.929216 0.208338 
1.424594 2.420828 0.158254 4.384801 0.158488 
0.685871 3.389068 0.115213 4.101452 0.114812 
0.113920 3.753336 0.114491 3.432486 0.123818 
1.909446 0.196914 1.475866 3.959422 0.196997 
1.561521 1.329838 1.809455 4.865499 0.161223 
0.815502 2.730718 1.890649 4.941627 0.117097 
0.065511 3.384557 1.530316 4.078765 0.065714 
1.450961 0.159848 3.396454 4.484665 0.159901 
0.823715 1.391086 3.796757 5.054555 0.098232 
0.066830 2.515454 3.415830 4.545906 0.069092 
0.703987 0.110742 4.886975 4.331353 0.115428 
0.044251 1.208136 4.825003 4.280720 0.047731 
0.034335 0.036453 5.405628 3.596836 0.052338 
1.752030 0.212882 0.213892 5.317794 0.217433 
1.364220 1.150988 0.160180 6.228564 0.159425 
0.705371 2.330745 0.113759 6.336437 0.115086 
0.074421 3.008271 0.073043 5.507727 0.088017 
1.364084 0.160336 1.633281 6.239298 0.160312 
0.756687 1.295640 1.740864 6.900463 0.095233 
0.059678 2.340160 1.591014 6.306429 0.064141 
0.705897 0.121845 3.277780 6.479583 0.114439 
0.061088 1.201643 3.219128 6.469261 0.062807 
0.045066 0.046659 4.290892 5.695724 0.058938 
1.170448 0.162570 0.161006 7.065256 0.160497 
0.641672 1.070734 0.116792 7.596100 0.126071 
0.072356 1.959997 0.070950 7.121714 0.107650 
0.632929 0.115138 1.438074 7.637309 0.119540 
0.051359 1.080780 1.451867 7.552794 0.053742 
0.025187 0.025103 2.726979 7.160537 0.035361 
0.545569 0.158941 0.159131 8.007795 0.163856 
0.067031 0.880675 0.067367 7.898993 0.092952 
0.029524 0.028711 1.204371 7.872891 0.053373 
0.022979 0.031050 0.022916 8.022898 0.025591 
2.196622 0.224609 0.225545 0.225504 1.887246 
2.148098 0.926418 0.217326 0.223772 2.071008 
1.894129 2.159129 0.208768 0.209463 2.480369 
1.310013 3.300759 0.166363 0.164683 2.530079 
0.572672 3.922161 0.120221 0.127252 2.250521 
0.111361 4.048232 0.115030 0.115760 1.872366 
2.146492 0.212135 1.275674 0.212032 2.023470 
2.027158 1.165378 1.589377 0.206388 2.638949 
1.547120 2.608804 1.803515 0.172510 2.956726 
0.728991 3.635759 1.650871 0.119854 2.752631 
0.113103 3.932575 1.387485 0.113061 2.187412 
1.920845 0.208383 2.993958 0.208362 2.459590 
1.571761 1.340690 3.625733 0.164692 3.072773 
0.805082 2.726646 3.712486 0.110279 3.125213 
0.067723 3.376085 3.080785 0.067565 2.572875 
1.370141 0.159875 4.705631 0.160088 2.605316 
0.767029 1.298650 5.257096 0.132731 2.979234 
0.070862 2.330911 4.765143 0.073139 2.666324 
0.633891 0.117664 5.736964 0.117308 2.479720 
0.029614 1.057632 5.647670 0.027786 2.394853 
0.036598 0.039565 5.920384 0.047035 1.993091 
2.144839 0.211663 0.212253 1.638619 2.047095 
2.032898 1.154633 0.211389 2.118807 2.618828 
1.532316 2.619749 0.162901 2.375327 2.936280 
0.726504 3.613127 0.112746 2.215029 2.751497 
0.115268 3.933318 0.118027 1.802578 2.221278 
2.028256 0.206906 1.602882 2.137996 2.617724 
1.711743 1.467109 1.986843 2.647845 3.302839 
0.897967 3.015167 2.061700 2.732776 3.444329 
0.067140 3.598866 1.676850 2.237398 2.800917 
1.567085 0.161198 3.646507 2.450465 3.065397 
0.892800 1.532006 4.164319 2.784640 3.474340 
0.067918 2.731981 3.720148 2.500823 3.113101 
0.767362 0.110679 5.247344 2.370152 2.929120 
0.045322 1.296091 5.212959 2.303201 2.879858 
0.031505 0.032447 5.697730 1.914029 2.326394 
1.885511 0.190469 0.190165 4.013837 2.490745 
1.569563 1.347310 0.160636 4.795324 2.980640 
0.806084 2.724876 0.112905 4.950409 3.064879 
0.068544 3.371677 0.072010 4.098684 2.603638 
1.573606 0.161995 1.820130 4.838982 3.001390 
0.908076 1.543944 2.086894 5.528982 3.446540 
0.067892 2.744357 1.867486 4.925666 3.126342 
0.833521 0.117772 3.850494 5.098459 3.221562 
0.068459 1.416162 3.855096 5.080832 3.152917 
0.043201 0.046082 4.855838 4.320718 2.683372 
1.349338 0.162785 0.162756 6.294020 2.623933 
0.766055 1.294870 0.122351 6.969282 2.913456 
0.071907 2.339245 0.072270 6.320937 2.682646 
0.760773 0.112427 1.744556 7.001372 2.921094 
0.072148 1.318721 1.805086 6.943397 2.925704 
0.033851 0.033840 3.262705 6.425736 2.717117 
0.642252 0.125189 0.129368 7.619168 2.439140 
0.026810 1.053956 0.035225 7.515879 2.392989 
0.034244 0.033777 1.438414 7.582874 2.373362 
0.042352 0.046116 0.042303 7.886502 2.006170 
2.062045 0.214498 0.212443 0.214719 4.008446 
1.916195 1.100895 0.208823 0.208262 4.893143 
1.417741 2.415919 0.160574 0.162512 5.515365 
0.681895 3.384271 0.115601 0.117585 5.134345 
0.113346 3.744924 0.112924 0.112659 4.299244 
1.917266 0.208749 1.536625 0.210880 4.911065 
1.566596 1.339470 1.833886 0.166877 6.057493 
0.819072 2.717177 1.849484 0.119196 6.189017 
0.065011 3.353884 1.559844 0.065896 5.181674 
1.445557 0.161108 3.376262 0.177033 5.625926 
0.828315 1.375251 3.811915 0.102544 6.306233 
0.071464 2.499125 3.436435 0.071348 5.702055 
0.712108 0.117797 4.890308 0.118145 5.394407 
0.047598 1.205436 4.831413 0.046731 5.335307 
0.033777 0.033916 5.412119 0.037500 4.466238 
1.912947 0.208862 0.208813 1.973681 4.942409 
1.552014 1.362383 0.159087 2.407723 6.029900 
0.823719 2.710810 0.114328 2.473926 6.160350 
0.062036 3.350800 0.066912 2.020184 5.196626 
1.562673 0.160619 1.842948 2.462209 6.052137 
0.911401 1.526121 2.112748 2.783516 6.898298 
0.066694 2.734726 1.832110 2.497814 6.196569 
0.826577 0.110863 3.837718 2.550126 6.380136 
0.075401 1.413667 3.830800 2.569887 6.390312 
0.032741 0.032968 4.859133 2.177972 5.332869 
1.446167 0.158131 0.157596 4.497569 5.544650 
0.840660 1.395906 0.114240 5.070987 6.280629 
0.064127 2.522059 0.063930 4.488310 5.689483 
0.818328 0.085768 1.925135 5.058840 6.290466 
0.083493 1.436973 1.957831 5.127693 6.323404 
0.036941 0.033017 3.501141 4.642212 5.802346 
0.707942 0.112484 0.116057 6.458769 5.423105 
0.046887 1.190562 0.045800 6.422192 5.349700 
0.051843 0.050708 1.642636 6.474624 5.387424 
0.050106 0.049554 0.054488 7.206363 4.518193 
1.735575 0.209560 0.210272 0.210140 6.672208 
1.355800 1.182388 0.158373 0.161335 7.743462 
0.688778 2.348647 0.115842 0.120919 7.900992 
0.076135 3.011182 0.079047 0.079394 6.868869 
1.356700 0.165906 1.577064 0.169749 7.843909 
0.765461 1.282861 1.745828 0.100246 8.614509 
0.066990 2.314656 1.583529 0.069179 7.941877 
0.723940 0.115917 3.229960 0.116774 8.104685 
0.060078 1.217425 3.259690 0.067695 8.008420 
0.045081 0.045166 4.285364 0.048217 7.119947 
1.359249 0.159363 0.158604 2.137928 7.762681 
0.760777 1.260110 0.086369 2.291311 8.596212 
0.064656 2.343442 0.063954 2.100183 7.876300 
0.757057 0.084734 1.739229 2.302806 8.652590 
0.089357 1.295541 1.760167 2.369340 8.743626 
0.031756 0.031179 3.231013 2.185315 8.049571 
0.707499 0.116881 0.121229 4.341361 8.078913 
0.060465 1.191572 0.062219 4.254147 8.090225 
0.062480 0.061353 1.645184 4.378926 8.055347 
0.039825 0.040529 0.039276 5.679393 7.131199 
1.142368 0.159356 0.159180 0.162729 8.867273 
0.637857 1.057858 0.114404 0.114665 9.470088 
0.073913 1.970292 0.072545 0.073628 8.874386 
0.634934 0.114542 1.453991 0.117550 9.504155 
0.057179 1.047246 1.438669 0.064712 9.467466 
0.029697 0.029697 2.719174 0.038541 8.968700 
0.628891 0.115827 0.115156 1.913195 9.514349 
0.059307 1.056560 0.063749 1.928702 9.455776 
0.064128 0.062953 1.433790 1.906524 9.521778 
0.027255 0.027200 0.026248 3.603857 8.970567 
0.545577 0.152789 0.153536 0.152818 9.957944 
0.064018 0.873859 0.063772 0.067072 9.856405 
0.043927 0.035118 1.205186 0.028260 9.832679 
0.042167 0.040221 0.039367 1.601737 9.845135 
0.023061 0.029630 0.022170 0.025707 10.022121 
