2.014788 0.015216 0.014799 0.016355 0.016954 
1.982112 0.783132 0.019895 0.023006 0.018965 
1.806258 1.806590 0.018158 0.020399 0.025300 
1.425365 2.847121 0.013877 0.017682 0.014128 
0.905644 3.606364 0.022878 0.022708 0.020775 
0.394119 3.942617 0.015309 0.015197 0.017541 
0.014197 4.011289 0.012305 0.017615 0.031132 
1.982971 0.026712 1.185053 0.021173 0.023379 
1.907297 0.947762 1.442427 0.021694 0.021946 
1.627727 2.184750 1.624183 0.032006 0.030907 
1.098773 3.220504 1.617687 0.028035 0.022188 
0.485778 3.806764 1.418469 0.027785 0.026483 
0.015320 3.938038 1.164808 0.019165 0.017875 
1.805459 0.020419 2.725781 0.024740 0.021385 
1.616746 1.089536 3.251544 0.021163 0.019876 
1.160752 2.338191 3.493448 0.019600 0.017101 
0.550703 3.229070 3.250220 0.025938 0.025387 
0.022135 3.594269 2.711757 0.029052 0.021805 
1.428566 0.012754 4.247739 0.014891 0.045703 
1.076182 1.096938 4.856938 0.024245 0.022406 
0.544458 2.163726 4.837053 0.027876 0.021246 
0.015164 2.843884 4.249703 0.037132 0.016280 
0.911742 0.012430 5.365010 0.010204 0.015122 
0.479200 0.948432 5.677059 0.040825 0.013747 
0.015191 1.813146 5.372110 0.019919 0.032723 
0.402514 0.019658 5.906302 0.027947 0.019208 
0.016880 0.820291 5.893717 0.022256 0.017014 
0.013976 0.013699 6.012162 0.018544 0.012774 
1.975429 0.016106 0.018575 1.579565 0.014780 
1.907545 0.962705 0.023156 1.898052 0.022630 
1.623315 2.169372 0.022450 2.149618 0.023015 
1.081197 3.240130 0.021593 2.124485 0.021632 
0.480849 3.795833 0.023181 1.896734 0.023871 
0.015907 3.933189 0.014565 1.588436 0.021050 
1.901300 0.017578 1.428708 1.935696 0.018249 
1.762986 1.173193 1.752863 2.304439 0.058955 
1.275006 2.560699 1.949050 2.568768 0.022287 
0.583294 3.479704 1.753711 2.362038 0.017745 
0.014627 3.778300 1.420620 1.921563 0.018463 
1.622615 0.025303 3.253887 2.153592 0.024382 
1.273879 1.283943 3.863545 2.569201 0.024626 
0.665831 2.573035 3.856294 2.569243 0.044354 
0.019295 3.215394 3.244977 2.148442 0.034952 
1.085759 0.019686 4.836489 2.147884 0.019784 
0.577594 1.174570 5.195363 2.416117 0.017509 
0.022948 2.149643 4.827201 2.215540 0.021973 
0.481284 0.026558 5.686764 1.932025 0.033057 
0.024953 0.935059 5.682071 1.935782 0.021057 
0.018106 0.020375 5.896910 1.598064 0.016297 
1.805551 0.020194 0.019863 3.621354 0.022357 
1.624029 1.099902 0.023411 4.293474 0.022844 
1.169492 2.362544 0.029832 4.660229 0.035233 
0.549034 3.227991 0.025922 4.328095 0.029806 
0.014291 3.588848 0.012203 3.589630 0.031137 
1.616838 0.021959 1.611258 4.329220 0.018209 
1.275901 1.279707 1.968512 5.125075 0.026470 
0.640244 2.542955 1.949813 5.122481 0.030421 
0.026194 3.224256 1.619358 4.323713 0.023684 
1.173982 0.027740 3.500328 4.659428 0.031316 
0.646403 1.294350 3.843539 5.103754 0.032181 
0.027176 2.340144 3.478129 4.614642 0.018035 
0.544228 0.019743 4.830156 4.298780 0.016492 
0.016861 1.090032 4.811098 4.318441 0.019790 
0.012660 0.015602 5.374797 3.600489 0.014668 
1.425728 0.022667 0.022944 5.723126 0.043000 
1.086242 1.088370 0.026929 6.454755 0.023246 
0.545825 2.151275 0.023457 6.464679 0.023670 
0.019051 2.820423 0.016148 5.720442 0.020157 
1.072137 0.015841 1.611867 6.461331 0.015212 
0.588777 1.170665 1.738584 6.974482 0.027605 
0.025143 2.133658 1.615707 6.465171 0.019053 
0.543281 0.022865 3.212276 6.469081 0.023078 
0.020115 1.076725 3.211258 6.453757 0.023898 
0.015656 0.016495 4.257680 5.673319 0.020944 
0.900180 0.021194 0.021277 7.207035 0.021928 
0.461018 0.923794 0.020085 7.610770 0.020400 
0.020251 1.777763 0.019205 7.204214 0.019225 
0.479506 0.028466 1.430410 7.563252 0.015542 
0.020146 0.949045 1.435076 7.567919 0.020209 
0.013674 0.013651 2.660381 7.193124 0.014005 
0.401068 0.019575 0.019290 7.871473 0.019658 
0.022011 0.793945 0.025790 7.870708 0.021373 
0.018811 0.031456 1.187799 7.863483 0.022329 
0.013984 0.014063 0.013979 8.013977 0.014436 
1.977086 0.016738 0.016330 0.017855 1.987311 
1.910549 0.901036 0.019337 0.017975 2.348945 
1.625124 2.171346 0.027413 0.026671 2.698483 
1.084110 3.234711 0.024132 0.026112 2.714241 
0.494973 3.784324 0.016486 0.039578 2.369921 
0.020594 3.945310 0.017863 0.043705 1.912237 
1.904339 0.020813 1.454719 0.024401 2.383446 
1.752355 1.168228 1.748222 0.021038 2.941179 
1.276449 2.581734 1.897628 0.022838 3.176507 
0.588594 3.491179 1.741803 0.022346 2.905568 
0.015780 3.785221 1.450170 0.017660 2.347340 
1.622004 0.016979 3.217657 0.020020 2.682588 
1.296350 1.294061 3.817020 0.027963 3.154000 
0.639826 2.553942 3.854508 0.018897 3.067832 
0.018891 3.234535 3.206010 0.018684 2.648791 
1.095321 0.043215 4.833179 0.026418 2.695800 
0.587414 1.169069 5.251809 0.030553 2.919973 
0.017655 2.157021 4.824403 0.018854 2.687025 
0.480992 0.018416 5.684826 0.022685 2.340412 
0.013676 0.952825 5.678050 0.013296 2.316812 
0.020664 0.020853 5.907021 0.021250 1.957619 
1.902932 0.015270 0.014969 1.863744 2.368407 
1.752383 1.208733 0.026098 2.319210 2.932380 
1.284759 2.563490 0.016503 2.527520 3.075346 
0.590692 3.492893 0.020393 2.288809 2.927368 
0.014990 3.785796 0.013201 1.868202 2.382948 
1.758037 0.031901 1.767775 2.326083 2.924163 
1.432853 1.441148 2.149551 2.852410 3.567195 
0.721156 2.868496 2.149855 2.824170 3.557507 
0.027378 3.485988 1.777200 2.320180 2.909485 
1.284703 0.025798 3.825129 2.572531 3.201500 
0.719152 1.434330 4.276277 2.847760 3.583957 
0.028247 2.565958 3.844026 2.580165 3.029872 
0.589869 0.020397 5.219380 2.317675 2.945084 
0.026131 1.165359 5.228735 2.323440 2.924305 
0.012252 0.012770 5.669650 1.914546 2.344522 
1.610183 0.019963 0.016131 4.346398 2.681539 
1.281288 1.284122 0.021801 5.168045 3.012651 
0.644833 2.551034 0.026991 5.125366 3.164892 
0.021816 3.229748 0.019915 4.295336 2.670072 
1.277124 0.033120 1.913816 5.175314 3.220581 
0.722628 1.405101 2.175409 5.735377 3.505698 
0.029573 2.552274 1.946394 5.094571 3.163177 
0.640533 0.013883 3.745200 5.145090 3.233624 
0.029283 1.293442 3.820679 5.094250 3.174754 
0.014444 0.014788 4.821711 4.307384 2.662095 
1.074998 0.019123 0.017670 6.465276 2.681073 
0.580110 1.153737 0.021679 6.996658 2.872884 
0.021685 2.147456 0.020792 6.464865 2.631363 
0.584757 0.017570 1.682013 6.979785 2.935374 
0.020474 1.189347 1.703993 6.965566 2.879482 
0.018403 0.018402 3.226196 6.445365 2.640694 
0.476521 0.017773 0.017686 7.559326 2.439039 
0.023005 0.938252 0.022421 7.562150 2.441863 
0.018918 0.018854 1.380675 7.583118 2.352352 
0.017247 0.024209 0.022332 7.861812 1.972675 
1.803673 0.017110 0.017814 0.017672 4.490499 
1.632756 1.078273 0.020760 0.025421 5.314936 
1.166526 2.326927 0.020539 0.016804 5.798822 
0.537718 3.235562 0.017504 0.017443 5.356428 
0.020651 3.593549 0.019167 0.019018 4.491852 
1.622563 0.017193 1.628863 0.021041 5.327776 
1.282802 1.289462 1.918732 0.026211 6.382351 
0.642836 2.552027 1.917099 0.024674 6.380717 
0.020931 3.240152 1.609424 0.029310 5.333015 
1.171948 0.017706 3.470279 0.020539 5.808285 
0.651912 1.308503 3.801659 0.031707 6.367825 
0.019260 2.324066 3.470812 0.027119 5.824957 
0.552241 0.022852 4.833029 0.020291 5.358858 
0.020850 1.082790 4.850035 0.024514 5.324522 
0.020747 0.025458 5.377622 0.012585 4.487915 
1.619663 0.020327 0.018460 2.168719 5.363531 
1.281512 1.292053 0.022697 2.505350 6.393481 
0.656284 2.556718 0.030412 2.544606 6.370069 
0.018726 3.220846 0.017320 2.167579 5.362391 
1.282873 0.029848 1.945999 2.564314 6.358858 
0.725916 1.443649 2.098808 2.953177 7.115920 
0.016461 2.551389 1.931677 2.542349 6.305755 
0.646785 0.032649 3.824574 2.557281 6.396518 
0.035264 1.321357 3.855053 2.565528 6.264103 
0.018455 0.017652 4.820467 2.124228 5.391834 
1.167034 0.019590 0.019629 4.680641 5.775435 
0.645359 1.317268 0.032569 5.099024 6.365406 
0.017418 2.332498 0.016336 4.635926 5.767365 
0.645047 0.023220 1.917306 5.115652 6.330450 
0.024952 1.278007 1.893978 5.124818 6.331906 
0.019016 0.019398 3.458161 4.667722 5.796439 
0.532728 0.027894 0.037031 6.488263 5.354630 
0.018978 1.088989 0.018381 6.452990 5.322651 
0.019760 0.019879 1.594698 6.468199 5.324168 
0.018931 0.019897 0.028570 7.182248 4.470030 
1.429625 0.024441 0.025017 0.024897 7.131604 
1.086601 1.092771 0.016973 0.017307 8.019633 
0.540598 2.162318 0.021080 0.019647 8.049618 
0.017349 2.839436 0.015509 0.015187 7.096271 
1.082840 0.024230 1.628334 0.015690 8.022277 
0.592893 1.158721 1.747934 0.020033 8.701159 
0.014926 2.151766 1.627757 0.015785 8.024238 
0.548150 0.014562 3.246334 0.019969 8.005845 
0.025923 1.098131 3.238141 0.033249 8.032562 
0.013573 0.014655 4.242228 0.013460 7.103386 
1.095894 0.036796 0.035990 2.179100 8.057421 
0.591909 1.185624 0.029789 2.325910 8.714892 
0.019399 2.158284 0.019016 2.161744 8.028656 
0.600740 0.033260 1.748182 2.311653 8.728919 
0.022430 1.167662 1.731119 2.293847 8.705853 
0.018462 0.018559 3.227069 2.178577 8.025395 
0.538827 0.016594 0.016101 4.283595 8.060075 
0.018766 1.072106 0.023965 4.314147 8.031064 
0.014901 0.012452 1.603229 4.320305 8.005512 
0.010841 0.010851 0.010841 5.670636 7.078231 
0.907784 0.018348 0.016434 0.018177 8.964322 
0.469774 0.929773 0.013658 0.013650 9.476624 
0.012972 1.793314 0.012130 0.014950 8.964960 
0.478278 0.018615 1.416775 0.019157 9.467568 
0.012992 0.961509 1.427687 0.021287 9.435924 
0.015710 0.015758 2.709869 0.016448 8.950880 
0.489662 0.016731 0.017582 1.928024 9.434751 
0.016796 0.956870 0.016442 1.937648 9.434177 
0.019916 0.020011 1.457378 1.906384 9.437960 
0.014490 0.025162 0.014067 3.602903 8.950920 
0.408418 0.012773 0.012688 0.012579 9.814658 
0.017019 0.822506 0.020981 0.018090 9.811305 
0.013852 0.015092 1.221466 0.015182 9.809008 
0.012275 0.012385 0.012321 1.624394 9.807124 
0.010552 0.012677 0.011267 0.020319 10.010204 
