2.051101 0.069661 0.063906 0.062285 0.078005 
2.013411 0.880840 0.060880 0.078749 0.116917 
1.847006 1.911654 0.074006 0.120851 0.075143 
1.439517 2.947251 0.132732 0.100121 0.089916 
0.910438 3.682433 0.125236 0.062057 0.211701 
0.439451 3.957583 0.121737 0.064033 0.148464 
0.187247 4.017617 0.056086 0.034198 0.113588 
2.012898 0.095127 1.315720 0.079400 0.137435 
1.959780 1.047629 1.518057 0.120396 0.186171 
1.614954 2.323808 1.611318 0.069221 0.180395 
1.112147 3.322227 1.547753 0.072468 0.143592 
0.529123 3.837877 1.504449 0.140240 0.070048 
0.181021 3.920487 1.327856 0.049027 0.072044 
1.828101 0.085812 2.806882 0.122147 0.175840 
1.619108 1.176109 3.367564 0.149705 0.106295 
1.207295 2.412911 3.371214 0.067137 0.093514 
0.591355 3.376239 3.098666 0.089803 0.170592 
0.179185 3.634641 2.607360 0.069827 0.049617 
1.462136 0.103621 4.279828 0.089158 0.147000 
1.136401 1.260728 4.899948 0.155177 0.135500 
0.560938 2.186158 4.872267 0.070204 0.225373 
0.155740 2.998512 4.060838 0.047459 0.051076 
0.941832 0.092610 5.451473 0.197460 0.105688 
0.513604 1.028260 5.684428 0.169279 0.098232 
0.109857 1.828948 5.396534 0.136638 0.146843 
0.442513 0.052306 5.931014 0.056452 0.085578 
0.067991 0.899632 5.890047 0.045691 0.186103 
0.029491 0.083272 6.026226 0.121248 0.066972 
1.992217 0.050940 0.085911 1.728477 0.069494 
1.907647 1.064878 0.134751 2.068153 0.081009 
1.627565 2.277209 0.084003 2.300434 0.254305 
1.077644 3.329263 0.091820 2.178035 0.115123 
0.488931 3.852346 0.094096 1.842399 0.065749 
0.089015 3.913263 0.046879 2.087350 0.104491 
1.872806 0.086063 1.907309 2.257037 0.295442 
1.783709 1.217673 1.900605 2.369325 0.120614 
1.325620 2.657797 1.991492 2.410086 0.245048 
0.594058 3.603705 1.838198 2.241323 0.114247 
0.185536 3.792759 1.358615 2.047424 0.177570 
1.631538 0.085420 3.275604 2.257251 0.047024 
1.359119 1.397806 3.689449 2.414012 0.102572 
0.651831 2.736707 3.629428 2.548172 0.252092 
0.161152 3.204780 3.273997 2.246124 0.054719 
1.104862 0.132050 4.924202 2.185401 0.216926 
0.626179 1.279826 5.179074 2.557121 0.143448 
0.131870 2.194769 4.826367 2.246546 0.090409 
0.522531 0.082978 5.740743 1.908946 0.095417 
0.090304 1.004542 5.692082 2.004571 0.171671 
0.080499 0.064978 5.903565 1.903048 0.124441 
1.830217 0.073885 0.086400 3.878535 0.076982 
1.624946 1.178776 0.147125 4.490324 0.178301 
1.193041 2.402421 0.126074 4.676672 0.074610 
0.576237 3.296564 0.060080 4.191725 0.122124 
0.173305 3.573508 0.081252 3.716478 0.155429 
1.629161 0.067482 1.593472 4.530143 0.069959 
1.307883 1.314100 1.932407 5.278711 0.163129 
0.651056 2.613880 2.057473 4.981081 0.099449 
0.166536 3.241886 1.692485 4.268164 0.217821 
1.169606 0.055159 3.459175 4.746801 0.152064 
0.680480 1.388930 3.839374 5.012923 0.151010 
0.143351 2.369464 3.473162 4.693230 0.132086 
0.587007 0.086715 4.868427 4.327206 0.130293 
0.109345 1.261723 4.721420 4.416876 0.075752 
0.069754 0.077413 5.420666 3.653924 0.118496 
1.445238 0.063367 0.070265 5.762671 0.067872 
1.093234 1.105035 0.092152 6.529337 0.105434 
0.581885 2.237586 0.048313 6.387886 0.137032 
0.150080 2.907810 0.062546 5.587977 0.074635 
1.088517 0.063243 1.524563 6.620294 0.110957 
0.622205 1.222348 1.811131 7.022018 0.106658 
0.125606 2.237667 1.667124 6.342208 0.121636 
0.543603 0.067766 3.104255 6.666091 0.131038 
0.086484 1.090571 3.121016 6.586126 0.062150 
0.142974 0.081936 4.129392 5.865555 0.103399 
0.932263 0.087318 0.085589 7.258094 0.234346 
0.546631 1.032515 0.176332 7.669096 0.144663 
0.106618 1.829128 0.072344 7.177231 0.053196 
0.493111 0.048568 1.380632 7.617896 0.040000 
0.093228 0.961885 1.431623 7.604653 0.081620 
0.123562 0.061519 2.560805 7.322161 0.148573 
0.415939 0.056146 0.040649 7.892412 0.070798 
0.069281 0.834667 0.038554 7.871817 0.042708 
0.080771 0.060167 1.193177 7.891169 0.089076 
0.086109 0.064369 0.097939 8.060982 0.236036 
2.021252 0.066167 0.104160 0.108619 2.063548 
1.947185 1.013177 0.063223 0.083828 2.336080 
1.639636 2.359143 0.100165 0.098723 2.549276 
1.117837 3.285388 0.085107 0.148304 2.509061 
0.500913 3.852243 0.061046 0.118220 2.273526 
0.183351 3.939177 0.049964 0.066092 1.980221 
1.939736 0.073812 1.394710 0.099256 2.414501 
1.778308 1.204415 1.741547 0.131207 2.945332 
1.290052 2.644988 1.968267 0.058351 3.124565 
0.609249 3.628012 1.795745 0.081869 2.573340 
0.114038 3.853874 1.668098 0.160651 2.422490 
1.628852 0.053595 3.353026 0.082376 2.582206 
1.319715 1.357067 3.857923 0.070574 3.180460 
0.697606 2.617866 3.871647 0.084839 3.042637 
0.163409 3.292939 3.173301 0.209485 2.392425 
1.072472 0.063969 4.920171 0.076600 2.913698 
0.625796 1.196079 5.293429 0.056771 2.747108 
0.126943 2.225407 4.814425 0.103383 2.627833 
0.515836 0.052934 5.700734 0.121912 2.323705 
0.067666 1.011519 5.681780 0.093385 2.300582 
0.107528 0.066387 5.929441 0.250477 2.150786 
1.938353 0.068473 0.062533 1.980363 2.293901 
1.775633 1.220911 0.129804 2.477892 2.970893 
1.306397 2.640648 0.083326 2.647938 3.061503 
0.638641 3.563230 0.096743 2.475170 2.731407 
0.187492 3.827138 0.046753 1.778537 2.272219 
1.782814 0.061788 1.877832 2.360054 2.789752 
1.456062 1.561906 2.370292 2.992802 3.290697 
0.754448 2.936027 2.253153 2.963427 3.376562 
0.171866 3.522151 1.897154 2.183523 2.612926 
1.298050 0.055102 3.783676 2.771888 3.299213 
0.779047 1.474082 4.443060 3.044355 3.541579 
0.061621 2.547291 3.827430 2.729219 3.248030 
0.633990 0.060239 5.207390 2.493818 3.040313 
0.083061 1.234235 5.228980 2.375145 2.760780 
0.044981 0.095212 5.705638 2.133534 2.062287 
1.644834 0.064316 0.089845 4.416151 2.681947 
1.263344 1.271822 0.137227 5.301028 3.207135 
0.654336 2.697381 0.083453 5.115102 3.071014 
0.070534 3.405156 0.089082 4.005961 2.522444 
1.299555 0.058047 1.961782 5.190784 3.139600 
0.743745 1.521961 2.169789 5.780363 3.563350 
0.099372 2.526775 1.990103 5.250404 3.085637 
0.672269 0.078089 3.741552 5.249336 3.100648 
0.083845 1.306602 3.834252 5.089552 3.156078 
0.160307 0.048314 4.764670 4.362812 2.909819 
1.089290 0.049234 0.062650 6.556150 2.554343 
0.615647 1.227659 0.060094 7.039578 2.773536 
0.121880 2.209973 0.037652 6.419164 2.610343 
0.597263 0.037683 1.711506 7.062880 2.716251 
0.071696 1.174720 1.720659 7.009485 2.725449 
0.118924 0.041830 3.107253 6.643520 2.384442 
0.523624 0.061178 0.059561 7.621686 2.222531 
0.090066 1.014675 0.079492 7.588929 2.379478 
0.056697 0.096760 1.483960 7.576665 2.300457 
0.028894 0.087597 0.032387 7.860212 2.048882 
1.838950 0.058420 0.070151 0.121102 4.530308 
1.655244 1.164122 0.055291 0.178761 5.246188 
1.209428 2.440987 0.089690 0.124246 5.596251 
0.582369 3.332205 0.063813 0.099502 5.142252 
0.165834 3.639177 0.094997 0.204787 4.230825 
1.664504 0.064921 1.710498 0.135859 5.201627 
1.355346 1.396347 2.153465 0.118892 6.354406 
0.692395 2.648102 1.959511 0.114195 6.128127 
0.168907 3.281426 1.651827 0.220404 5.184058 
1.184429 0.043091 3.544655 0.165946 5.783487 
0.682378 1.427852 3.713030 0.213546 6.361616 
0.079979 2.392223 3.595219 0.116640 5.614775 
0.620351 0.078352 4.867726 0.079071 5.319968 
0.089623 1.141749 4.867310 0.231820 5.323265 
0.096187 0.055899 5.417724 0.174518 4.504135 
1.656549 0.061257 0.106683 2.377125 5.286883 
1.333419 1.350907 0.078702 2.547098 6.350140 
0.692399 2.663994 0.091512 2.610140 6.084574 
0.168685 3.305278 0.098314 2.081200 5.181838 
1.291405 0.061359 1.979602 2.699084 6.423694 
0.778588 1.549240 2.188622 2.822469 7.103637 
0.146251 2.618801 1.993556 2.577612 6.188087 
0.706255 0.086695 3.854956 2.844719 6.173863 
0.105784 1.379309 3.827930 2.609385 6.270708 
0.076504 0.097904 4.955856 2.017884 5.361954 
1.184834 0.053933 0.049268 4.754915 5.705637 
0.683140 1.364686 0.092349 5.177386 6.271701 
0.079954 2.393080 0.129098 4.731694 5.651910 
0.675830 0.086079 1.929025 5.290965 6.290180 
0.084261 1.331790 1.870667 5.096124 6.354653 
0.073303 0.052209 3.492022 4.859171 5.616846 
0.583754 0.035540 0.043900 6.537348 5.155270 
0.090987 1.148676 0.069987 6.551512 5.168297 
0.079321 0.045110 1.588713 6.510930 5.296162 
0.039514 0.051062 0.039172 7.244204 4.384420 
1.465752 0.088419 0.048793 0.073386 7.036654 
1.116268 1.156290 0.061818 0.068769 8.065559 
0.590973 2.366090 0.076580 0.089252 7.808811 
0.141303 2.954497 0.082544 0.172056 6.809901 
1.114206 0.065823 1.705652 0.104029 8.074436 
0.640738 1.271905 1.783746 0.095221 8.611397 
0.130475 2.258025 1.695125 0.148390 7.883858 
0.580185 0.089929 3.276389 0.141739 8.010804 
0.074751 1.111317 3.298321 0.073609 7.972103 
0.036386 0.085667 4.351760 0.092873 6.977015 
1.107272 0.044491 0.042020 2.250571 8.031936 
0.634426 1.240788 0.038504 2.445215 8.545694 
0.123222 2.234179 0.093295 2.274662 7.897438 
0.627374 0.080139 1.835051 2.387711 8.753771 
0.078314 1.293088 1.834416 2.407649 8.515980 
0.128756 0.068402 3.258835 2.278806 7.988640 
0.605307 0.059760 0.058587 4.428272 7.917645 
0.085457 1.157910 0.063265 4.433346 7.916885 
0.083840 0.058922 1.635782 4.553613 7.839932 
0.059169 0.042729 0.046143 5.802677 6.981975 
0.950311 0.047898 0.070572 0.073472 8.960325 
0.511428 1.047227 0.058592 0.071354 9.426165 
0.076912 1.861585 0.076265 0.074863 8.974926 
0.544616 0.052125 1.539058 0.048030 9.384813 
0.075037 0.997847 1.501933 0.100850 9.430383 
0.100941 0.032323 2.809529 0.060819 8.880138 
0.526501 0.045691 0.046998 2.036728 9.402698 
0.076072 1.044301 0.049072 1.991898 9.397483 
0.059026 0.033969 1.493764 2.033653 9.404951 
0.063660 0.063247 0.072445 3.910804 8.830709 
0.449287 0.043821 0.043168 0.038767 9.817148 
0.065263 0.847127 0.041433 0.085377 9.820388 
0.071964 0.043334 1.235169 0.063614 9.822372 
0.067600 0.033532 0.053851 1.705350 9.804609 
0.056260 0.056330 0.058837 0.057248 10.055108 
