2.050332 0.050389 0.050528 0.050383 0.051875 0.051229 0.051710 0.050765 
1.839381 1.839392 0.051260 0.050713 0.050749 0.051201 0.052764 0.050631 
0.944238 3.628721 0.051656 0.051164 0.051128 0.051350 0.052234 0.053173 
0.050449 4.050315 0.051046 0.050848 0.051308 0.051712 0.051641 0.054389 
1.839023 0.051617 2.735033 0.050658 0.051274 0.051527 0.052716 0.053376 
1.203437 2.363449 3.514319 0.050493 0.050778 0.051275 0.051685 0.053037 
0.050723 3.629661 2.729533 0.051601 0.050754 0.051193 0.052767 0.053152 
0.944402 0.050623 5.417547 0.051289 0.051372 0.051277 0.052547 0.053168 
0.050253 1.839239 5.416684 0.050467 0.051252 0.050842 0.055162 0.050403 
0.050644 0.050428 6.050213 0.050578 0.051077 0.051298 0.051214 0.050230 
1.839738 0.050351 0.050760 3.623259 0.051246 0.050912 0.054558 0.053131 
1.204835 2.360729 0.054808 4.672886 0.051094 0.052113 0.051612 0.053045 
0.050930 3.630975 0.051229 3.616064 0.050549 0.050967 0.051662 0.052317 
1.204715 0.051645 3.513664 4.672412 0.050807 0.051289 0.051717 0.053127 
0.050423 2.358263 3.514170 4.672281 0.051302 0.051384 0.052413 0.052336 
0.050574 0.050203 5.417250 3.626615 0.051416 0.053324 0.053059 0.050210 
0.945149 0.050520 0.051106 7.204590 0.051428 0.051062 0.051531 0.052138 
0.050534 1.840102 0.051591 7.204596 0.052289 0.051293 0.051218 0.052887 
0.050510 0.050242 2.732590 7.206279 0.051252 0.053363 0.053122 0.050249 
0.050250 0.050271 0.050243 8.050240 0.050985 0.051189 0.051365 0.050241 
1.838838 0.050490 0.050935 0.050611 4.526985 0.051095 0.051580 0.053000 
1.203816 2.364602 0.051490 0.050849 5.818475 0.051323 0.051751 0.052942 
0.050506 3.629652 0.052117 0.051034 4.514720 0.051779 0.051361 0.054415 
1.205116 0.051139 3.514245 0.051845 5.826517 0.052026 0.051802 0.052192 
0.052036 2.365740 3.511527 0.051362 5.815424 0.053725 0.052900 0.053503 
0.050236 0.051135 5.416513 0.050927 4.523320 0.051468 0.052697 0.053053 
1.205788 0.050426 0.050490 4.670763 5.817407 0.052623 0.055255 0.053072 
0.050376 2.364478 0.051468 4.667212 5.814391 0.051798 0.052388 0.054069 
0.050616 0.050761 3.515571 4.668310 5.823490 0.051364 0.052464 0.053052 
0.050092 0.050094 0.050112 7.203904 4.526235 0.050450 0.052011 0.052613 
0.943837 0.050372 0.050552 0.050573 8.996926 0.051229 0.051663 0.052885 
0.050321 1.842280 0.050992 0.050706 8.990664 0.051269 0.052349 0.052938 
0.050517 0.050309 2.736277 0.050540 8.992337 0.051980 0.052298 0.058717 
0.050264 0.050264 0.050271 3.624263 8.996853 0.050877 0.051864 0.052786 
0.050326 0.050325 0.050593 0.050780 10.050325 0.051281 0.051818 0.050613 
1.839437 0.050475 0.051641 0.050684 0.051269 5.414501 0.052433 0.053026 
1.205210 2.361648 0.051167 0.050590 0.051204 6.972141 0.052701 0.053352 
0.050406 3.632704 0.050940 0.055731 0.051174 5.388486 0.051246 0.054324 
1.205687 0.050842 3.512504 0.050861 0.051011 6.981324 0.052977 0.053424 
0.050411 2.358328 3.515388 0.050461 0.051386 6.980957 0.052314 0.053027 
0.050790 0.050384 5.417556 0.051188 0.051236 5.414504 0.052012 0.054497 
1.206223 0.050815 0.051680 4.668504 0.051471 6.975089 0.051629 0.057247 
0.050993 2.361414 0.051080 4.667792 0.050710 6.976285 0.054685 0.059144 
0.050754 0.050490 3.516163 4.669757 0.051379 6.974840 0.052097 0.053305 
0.050233 0.050237 0.050280 7.205741 0.051112 5.416519 0.052279 0.050551 
1.205176 0.050708 0.051124 0.050701 5.823993 6.978730 0.052202 0.053249 
0.052172 2.360836 0.051046 0.050648 5.826527 6.972400 0.052733 0.053203 
0.050437 0.051198 3.512035 0.051099 5.826336 6.980690 0.051765 0.050612 
0.050250 0.050251 0.055724 4.665733 5.826167 6.980522 0.052590 0.050443 
0.050443 0.050450 0.050369 0.050772 8.994156 5.418095 0.051862 0.050535 
0.944361 0.050568 0.050904 0.050535 0.050831 10.784860 0.052424 0.053153 
0.050713 1.839070 0.050966 0.050573 0.050785 10.783809 0.052752 0.050677 
0.050399 0.050887 2.734591 0.050595 0.050796 10.782533 0.051648 0.050820 
0.050166 0.050157 0.050157 3.630809 0.050488 10.781073 0.051718 0.050442 
0.050310 0.050313 0.050429 0.050491 4.524056 10.782470 0.051613 0.050746 
0.050208 0.050208 0.050368 0.050324 0.050211 12.050208 0.051153 0.050440 
1.839232 0.050327 0.051190 0.050492 0.050477 0.051633 6.309573 0.052831 
1.203651 2.362336 0.051453 0.050688 0.051425 0.051422 8.137008 0.053680 
0.050308 3.628437 0.050747 0.051071 0.051173 0.053521 6.308046 0.050438 
1.205652 0.050688 3.518268 0.050437 0.050462 0.050991 8.119345 0.054644 
0.050401 2.361024 3.518263 0.050372 0.050457 0.050986 8.119340 0.054638 
0.051116 0.050499 5.416070 0.050701 0.050753 0.051251 6.316093 0.053283 
1.206697 0.050531 0.051391 4.673658 0.051161 0.051661 8.114218 0.050616 
0.050661 2.366516 0.050477 4.666632 0.051326 0.051283 8.114223 0.053026 
0.050565 0.050516 3.513168 4.673694 0.051068 0.050935 8.127829 0.053913 
0.050296 0.050281 0.050289 7.205811 0.051617 0.051140 6.310876 0.050452 
1.204831 0.050876 0.050803 0.051400 5.822727 0.051599 8.137290 0.050526 
0.050589 2.358948 0.050800 0.050300 5.822499 0.050913 8.137035 0.053162 
0.050356 0.050919 3.518114 0.050871 5.826954 0.052942 8.120047 0.057082 
0.050413 0.050427 0.050434 4.663799 5.831690 0.051118 8.131893 0.057452 
0.050302 0.050301 0.050652 0.050301 8.995331 0.051286 6.309170 0.052280 
1.204816 0.050384 0.050859 0.051145 0.050465 6.976950 8.136826 0.054637 
0.050514 2.360134 0.051038 0.050551 0.051012 6.968118 8.144561 0.054594 
0.050469 0.051242 3.513336 0.051084 0.050942 6.981474 8.132952 0.053985 
0.050237 0.050228 0.050228 4.668068 0.050336 6.976825 8.136691 0.050400 
0.050833 0.051904 0.050477 0.053649 5.829850 6.972076 8.132803 0.050833 
0.050277 0.050277 0.050463 0.050306 0.050278 10.780658 6.317667 0.050574 
0.946073 0.050555 0.050617 0.050741 0.050661 0.050807 12.567662 0.052346 
0.050393 1.841806 0.050695 0.050476 0.050775 0.050956 12.567726 0.050510 
0.050463 0.050462 2.742760 0.050397 0.050740 0.050768 12.561514 0.052255 
0.052212 0.050342 0.050342 3.631272 0.050776 0.050711 12.569494 0.052366 
0.050263 0.050263 0.050266 0.052865 4.522475 0.050645 12.572189 0.050498 
0.050229 0.050229 0.050229 0.050337 0.050230 5.416696 12.572265 0.050519 
0.050189 0.050190 0.050192 0.050253 0.050189 0.050189 14.050188 0.052469 
1.839419 0.050894 0.051349 0.050673 0.050835 0.053350 0.054184 7.202227 
1.202873 2.362529 0.051456 0.051076 0.051494 0.051760 0.052235 9.301045 
0.050573 3.628639 0.050965 0.050816 0.050976 0.053426 0.054308 7.202363 
1.205057 0.050831 3.514283 0.050660 0.051196 0.051298 0.051621 9.291144 
0.050502 2.359987 3.515639 0.052126 0.051342 0.051699 0.051444 9.284997 
0.050207 0.050336 5.416960 0.050824 0.051295 0.051092 0.051670 7.204605 
1.204513 0.050490 0.050907 4.669848 0.051284 0.051081 0.053921 9.290902 
0.050515 2.361413 0.051495 4.670691 0.053228 0.051280 0.053655 9.279181 
0.050421 0.050426 3.515945 4.669491 0.051224 0.051007 0.051882 9.283694 
0.050228 0.050202 0.050284 7.202627 0.051122 0.050999 0.051226 7.217576 
1.205298 0.050714 0.050672 0.050896 5.825711 0.050983 0.051993 9.282304 
0.050332 2.360250 0.051009 0.050374 5.825594 0.051419 0.051410 9.282571 
0.050422 0.051192 3.512998 0.051313 5.831000 0.051118 0.052116 9.280735 
0.050318 0.051274 0.050266 4.670247 5.825600 0.051650 0.051416 9.282578 
0.050214 0.050214 0.050572 0.050214 8.994804 0.051001 0.051549 7.204613 
1.205432 0.051621 0.052178 0.051709 0.052131 6.982508 0.056816 9.292112 
0.050415 2.363218 0.050787 0.052065 0.050905 6.972128 0.051418 9.282519 
0.050509 0.050412 3.511984 0.050547 0.050984 6.981460 0.055680 9.290966 
0.050346 0.050344 0.050407 4.666787 0.051189 6.983136 0.053172 9.286544 
0.050264 0.050264 0.050264 0.052747 5.832316 6.972158 0.053154 9.282583 
0.050333 0.050333 0.050335 0.050598 0.050333 10.783977 0.051441 7.204368 
1.205249 0.050763 0.050670 0.051208 0.051226 0.051155 8.134633 9.287864 
0.051098 2.359904 0.050837 0.051267 0.051285 0.051215 8.134693 9.287923 
0.050488 0.051099 3.514270 0.051028 0.051011 0.052322 8.134455 9.287728 
0.050343 0.050362 0.050343 4.668853 0.051966 0.051091 8.140156 9.280590 
0.050297 0.050292 0.050295 0.052736 5.825895 0.051051 8.136681 9.280549 
0.050331 0.050308 0.050335 0.050308 0.050309 6.978865 8.133938 9.286611 
0.050262 0.050261 0.050553 0.050264 0.051220 0.052544 12.573363 7.203113 
0.945050 0.050525 0.050587 0.050358 0.050807 0.050663 0.051211 14.359691 
0.050356 1.839898 0.050802 0.050420 0.050876 0.050732 0.051035 14.359759 
0.050315 0.050400 2.734743 0.050358 0.051240 0.051668 0.050923 14.359622 
0.050293 0.050363 0.050294 3.629530 0.050335 0.050724 0.051217 14.359600 
0.050208 0.050201 0.054205 0.050385 4.524242 0.051300 0.051177 14.359508 
0.050214 0.050204 0.050401 0.050203 0.050202 5.419056 0.050621 14.359509 
0.050218 0.050217 0.050217 0.050230 0.050217 0.050217 6.318852 14.356680 
0.050216 0.050183 0.050181 0.050433 0.050192 0.050183 0.050456 16.050181 
1.969353 0.474164 0.695894 0.912501 1.107972 1.317609 1.553345 1.740634 
1.386155 2.729082 0.850815 1.118846 1.383908 1.660025 1.919331 2.178271 
0.266596 3.890509 0.678073 0.874633 1.095084 1.318078 1.553222 1.786896 
1.390396 0.581197 4.047802 1.128675 1.393866 1.646800 1.947706 2.169398 
0.319748 2.721275 4.062116 1.117221 1.400724 1.651079 1.919727 2.211065 
0.257660 0.470126 5.812173 0.910832 1.076481 1.342974 1.564200 1.726919 
1.389168 0.582465 0.842315 5.397846 1.379628 1.662798 1.913528 2.152506 
0.316365 2.731910 0.844129 5.394016 1.377688 1.634560 1.912838 2.162015 
0.319105 0.580930 4.073337 5.419868 1.368163 1.629614 1.905392 2.190603 
0.266473 0.481537 0.694047 7.731422 1.063543 1.326958 1.556250 1.787634 
1.385626 0.590594 0.850309 1.138376 6.743415 1.629651 1.906156 2.163980 
0.319235 2.726711 0.844184 1.125732 6.732992 1.663681 1.912825 2.196186 
0.317373 0.586378 4.057917 1.122687 6.739414 1.645984 1.921520 2.179496 
0.309916 0.580869 0.851112 5.409139 6.734739 1.664861 1.890012 2.176715 
0.261610 0.468551 0.693523 0.894265 9.661621 1.340955 1.530103 1.778493 
1.390246 0.583889 0.848685 1.126124 1.389329 8.083799 1.924841 2.169330 
0.314173 2.723677 0.854653 1.120587 1.378067 8.073491 1.922087 2.171629 
0.317841 0.587114 4.056766 1.123647 1.384089 8.079101 1.922071 2.201290 
0.311439 0.561890 0.844619 5.417882 1.386038 8.096133 1.936468 2.168642 
0.310509 0.582182 0.840064 1.112001 6.738692 8.083833 1.929201 2.174874 
0.261563 0.471363 0.688435 0.904004 1.101900 11.575521 1.532279 1.742323 
1.390284 0.584970 0.847730 1.107637 1.377737 1.663226 9.395768 2.201041 
0.315256 2.725680 0.841731 1.113367 1.384499 1.657766 9.421473 2.149944 
0.316159 0.578118 4.065273 1.121566 1.386246 1.655900 9.405314 2.158669 
0.313609 0.586227 0.851280 5.402864 1.362154 1.590148 9.433897 2.173088 
0.309944 0.576050 0.858515 1.115850 6.769480 1.657107 9.373952 2.172784 
0.308654 0.576230 0.834448 1.078346 1.368740 8.171202 9.339653 2.156217 
0.261561 0.477254 0.685801 0.903767 1.129326 1.333430 13.502435 1.770317 
1.394595 0.572011 0.855070 1.133402 1.380956 1.667967 1.635811 10.743459 
0.314166 2.726194 0.852235 1.107996 1.404533 1.657014 1.881324 10.753044 
0.316847 0.581759 4.064349 1.113510 1.388181 1.647480 1.933818 10.735603 
0.305678 0.568374 0.856507 5.433566 1.380744 1.683150 1.874430 10.706715 
0.318706 0.585601 0.848113 1.103801 6.726423 1.650225 1.900323 10.764549 
0.323631 0.587175 0.860204 1.104672 1.399717 8.078357 1.962324 10.766272 
0.314067 0.573182 0.846030 1.123629 1.397057 1.643517 9.424080 10.736737 
0.260586 0.475216 0.693453 0.891742 1.123649 1.353834 1.558872 15.405924 
