2.044821 0.045667 0.045718 0.049625 0.046700 0.046650 0.045081 0.045067 
1.831731 1.842471 0.046119 0.047388 0.046738 0.045055 0.046043 0.049488 
0.931133 3.633890 0.047456 0.048856 0.047677 0.046548 0.047019 0.047521 
0.046066 4.045307 0.046287 0.046502 0.051685 0.045377 0.045563 0.046674 
1.833388 0.046132 2.731030 0.046217 0.050961 0.045117 0.050188 0.046338 
1.192759 2.366374 3.518447 0.048020 0.046637 0.046811 0.048349 0.049895 
0.046641 3.624346 2.728627 0.047100 0.052371 0.046438 0.047422 0.047536 
0.937037 0.047043 5.419470 0.051016 0.050162 0.046926 0.052539 0.049607 
0.046948 1.841086 5.409248 0.051079 0.048113 0.046806 0.049763 0.047807 
0.044409 0.043987 6.043964 0.047782 0.050269 0.044557 0.048301 0.048974 
1.833971 0.047709 0.046532 3.626980 0.046796 0.045653 0.046226 0.049738 
1.195442 2.364656 0.047715 4.672580 0.047246 0.047955 0.049302 0.053142 
0.047536 3.622073 0.046293 3.626692 0.046508 0.045365 0.046012 0.048841 
1.200180 0.046472 3.511882 4.666584 0.048814 0.046513 0.048460 0.064517 
0.045455 2.347494 3.521892 4.662446 0.047957 0.046899 0.046571 0.047726 
0.046895 0.044787 5.411430 3.622146 0.047069 0.044780 0.047612 0.049132 
0.935843 0.048559 0.047676 7.214037 0.057001 0.048134 0.052181 0.048522 
0.048027 1.836381 0.047810 7.202470 0.053258 0.048754 0.050959 0.048655 
0.046577 0.045471 2.732226 7.198553 0.047616 0.045508 0.048165 0.049841 
0.045046 0.045033 0.048641 8.045030 0.047349 0.045060 0.047892 0.049412 
1.835191 0.046329 0.045790 0.046359 4.511612 0.046618 0.046337 0.049818 
1.203383 2.358683 0.048416 0.051105 5.812226 0.048653 0.053816 0.049045 
0.046029 3.622717 0.046709 0.046423 4.521334 0.045921 0.049286 0.049326 
1.204390 0.047980 3.516275 0.051292 5.804462 0.048045 0.050550 0.062332 
0.046367 2.365977 3.508733 0.047453 5.794581 0.046340 0.048026 0.046192 
0.045320 0.044324 5.408715 0.047743 4.523570 0.045670 0.061102 0.048690 
1.202692 0.049563 0.049319 4.680908 5.809703 0.048956 0.051603 0.052674 
0.047727 2.365376 0.047844 4.670325 5.793237 0.048009 0.047980 0.047772 
0.044540 0.045667 3.516884 4.662433 5.805379 0.045545 0.053245 0.045219 
0.045549 0.045549 0.046495 7.200078 4.519899 0.045580 0.054516 0.049341 
0.938717 0.045987 0.045930 0.046758 8.992477 0.045427 0.046741 0.049875 
0.045749 1.837641 0.046090 0.045947 8.985856 0.046692 0.049166 0.049152 
0.046415 0.045342 2.733399 0.045743 8.985612 0.046455 0.048904 0.046024 
0.045452 0.045349 0.045753 3.626269 8.987507 0.050100 0.048420 0.055675 
0.044195 0.044189 0.044207 0.044641 10.044188 0.045087 0.047002 0.047881 
1.834706 0.048873 0.049911 0.047053 0.055461 5.414399 0.046175 0.046144 
1.204751 2.369518 0.051805 0.053554 0.051469 6.950394 0.055261 0.054688 
0.045770 3.626434 0.052860 0.049494 0.047852 5.393844 0.048937 0.046391 
1.196886 0.046052 3.526073 0.046284 0.054935 6.961917 0.046249 0.045900 
0.046019 2.349870 3.516750 0.046903 0.047071 6.976737 0.046494 0.047357 
0.045930 0.045898 5.416464 0.048860 0.047727 5.396414 0.048656 0.045976 
1.197518 0.047496 0.051762 4.665968 0.055755 6.999983 0.051331 0.050963 
0.046827 2.358386 0.051313 4.659335 0.050840 6.975221 0.055325 0.052596 
0.045223 0.045769 3.505991 4.663541 0.047708 6.980805 0.046256 0.046213 
0.045493 0.045680 0.046702 7.206230 0.050465 5.396046 0.054336 0.051807 
1.201308 0.051992 0.048079 0.050254 5.823135 6.970841 0.051662 0.065799 
0.046981 2.363807 0.049358 0.048002 5.824192 6.947757 0.047159 0.053155 
0.045427 0.045415 3.508637 0.048300 5.827506 6.965009 0.048160 0.049734 
0.045701 0.045439 0.045451 4.668312 5.820773 6.965314 0.045725 0.046771 
0.044998 0.044967 0.045155 0.044963 8.991707 5.405587 0.045971 0.045989 
0.939509 0.047017 0.047432 0.048318 0.047561 10.785457 0.047519 0.048250 
0.046805 1.839784 0.049624 0.046352 0.048651 10.771188 0.046230 0.047188 
0.045494 0.045395 2.736458 0.047101 0.046001 10.770682 0.046280 0.050736 
0.044515 0.044668 0.044517 3.618947 0.046403 10.780094 0.045145 0.044829 
0.045109 0.045132 0.049774 0.049035 4.522437 10.775111 0.048805 0.045476 
0.045295 0.045295 0.045295 0.045304 0.045451 12.045295 0.047601 0.045610 
1.833836 0.045397 0.046101 0.046414 0.046444 0.045951 6.307883 0.046431 
1.200383 2.359006 0.046784 0.046596 0.049283 0.046702 8.116732 0.046422 
0.045827 3.625417 0.046441 0.049456 0.050528 0.046505 6.292039 0.046973 
1.199942 0.049229 3.506210 0.047784 0.050331 0.045820 8.141389 0.051379 
0.048262 2.351525 3.502065 0.049010 0.047509 0.046583 8.164461 0.047503 
0.045381 0.046120 5.412468 0.046533 0.054766 0.045411 6.303731 0.046592 
1.198831 0.046832 0.046778 4.671520 0.051350 0.046544 8.134289 0.050614 
0.047146 2.358838 0.046717 4.663457 0.049117 0.047312 8.123299 0.052223 
0.046508 0.047888 3.508535 4.671598 0.047526 0.046609 8.123234 0.050943 
0.045238 0.045166 0.045588 7.201196 0.045991 0.045221 6.304012 0.046495 
1.198608 0.046506 0.046787 0.046583 5.823473 0.046284 8.139185 0.047550 
0.047419 2.362451 0.050915 0.046785 5.790715 0.046751 8.144832 0.047452 
0.046201 0.045845 3.518898 0.048885 5.820313 0.046949 8.106326 0.050233 
0.045119 0.045221 0.045141 4.664635 5.819428 0.045852 8.125635 0.058707 
0.043909 0.044055 0.043921 0.044116 8.984920 0.044412 6.314013 0.045732 
1.196794 0.045820 0.045899 0.047860 0.045696 6.972718 8.152386 0.049512 
0.046787 2.354865 0.045701 0.047838 0.045789 6.942716 8.164827 0.051692 
0.045189 0.045329 3.517247 0.046973 0.046185 6.958280 8.127113 0.049495 
0.045057 0.045325 0.045057 4.657808 0.048750 6.982518 8.127730 0.051208 
0.046035 0.046035 0.046113 0.046142 5.811769 6.982923 8.129668 0.050003 
0.045339 0.045339 0.045339 0.045339 0.046758 10.775791 6.312565 0.046523 
0.939364 0.047093 0.046284 0.046537 0.046625 0.046246 12.570556 0.049764 
0.046454 1.845282 0.049334 0.047353 0.048571 0.046016 12.548220 0.045525 
0.044613 0.044432 2.729052 0.046140 0.045272 0.045896 12.564819 0.051436 
0.045031 0.045055 0.047720 3.633829 0.046109 0.045528 12.557288 0.045122 
0.044731 0.044732 0.044731 0.044829 4.519482 0.045172 12.564880 0.045923 
0.045551 0.045102 0.045084 0.045298 0.045340 5.409119 12.568533 0.048879 
0.045158 0.045158 0.045158 0.045158 0.045158 0.046439 14.045158 0.048644 
1.834097 0.045284 0.045329 0.048965 0.046220 0.046164 0.049691 7.188468 
1.202292 2.358475 0.048753 0.051238 0.047960 0.048700 0.049392 9.273183 
0.048786 3.630039 0.054357 0.047882 0.047859 0.047415 0.054656 7.157411 
1.201050 0.046301 3.517930 0.048533 0.046918 0.048475 0.047728 9.258422 
0.048868 2.371345 3.511262 0.054281 0.057957 0.049606 0.050867 9.235702 
0.045565 0.044261 5.412851 0.046414 0.049230 0.044773 0.046918 7.188753 
1.200298 0.049348 0.046147 4.680258 0.050657 0.046220 0.053131 9.255419 
0.047618 2.349413 0.047940 4.691565 0.048410 0.051240 0.050916 9.262992 
0.045636 0.045635 3.515915 4.660116 0.047817 0.047125 0.048663 9.275380 
0.045504 0.045348 0.045369 7.202933 0.046387 0.048441 0.047181 7.192089 
1.201839 0.049150 0.049600 0.049801 5.828493 0.049728 0.049492 9.291466 
0.047580 2.374832 0.048901 0.049733 5.809847 0.047428 0.049244 9.230258 
0.045319 0.045154 3.516051 0.049501 5.813823 0.045870 0.045482 9.272287 
0.045522 0.045414 0.045430 4.660911 5.829458 0.045877 0.052558 9.272732 
0.045487 0.045484 0.046450 0.045546 8.992627 0.046700 0.049013 7.191704 
1.203004 0.045911 0.046136 0.049003 0.049746 6.970873 0.047430 9.267179 
0.046443 2.357273 0.046824 0.048518 0.052844 6.980349 0.053892 9.269388 
0.045019 0.045357 3.520226 0.045559 0.047002 6.958456 0.045195 9.270901 
0.046990 0.047174 0.046995 4.669864 0.050651 6.972348 0.054506 9.280232 
0.045400 0.045402 0.045400 0.045549 5.827258 6.976212 0.051284 9.266127 
0.044642 0.044636 0.045075 0.044637 0.046068 10.784068 0.047272 7.183201 
1.202274 0.046608 0.048426 0.050482 0.047300 0.047181 8.134254 9.269461 
0.046845 2.357398 0.046445 0.047117 0.053432 0.047497 8.155652 9.247446 
0.048510 0.049276 3.516403 0.052605 0.053562 0.049198 8.132470 9.274771 
0.046211 0.045112 0.045157 4.669275 0.050081 0.045596 8.128557 9.271205 
0.045344 0.045344 0.045344 0.045666 5.811861 0.045835 8.146797 9.272891 
0.045362 0.045362 0.045362 0.045383 0.046404 6.967907 8.144079 9.272411 
0.044423 0.044528 0.044538 0.044554 0.044423 0.044442 12.570817 7.189739 
0.941481 0.048212 0.047283 0.048103 0.047868 0.046890 0.048409 14.356522 
0.045514 1.842395 0.045733 0.045634 0.049566 0.045264 0.049395 14.339435 
0.044909 0.044724 2.733620 0.047066 0.044890 0.045322 0.052911 14.348039 
0.045269 0.045323 0.045217 3.621511 0.047015 0.046660 0.049110 14.357458 
0.043735 0.043736 0.043737 0.043991 4.518553 0.045182 0.043797 14.352422 
0.044377 0.044377 0.044377 0.044377 0.045535 5.414159 0.044434 14.353065 
0.044384 0.044384 0.044384 0.044453 0.044683 0.046149 6.324512 14.344262 
0.043845 0.043833 0.043875 0.043826 0.043827 0.043826 0.043835 16.043825 
1.980389 0.408088 0.643278 0.893207 0.964321 1.290593 1.620642 1.733510 
1.405798 2.747569 0.832940 1.026962 1.395150 1.935389 1.957817 2.145568 
0.354430 3.889959 0.600588 0.778352 1.075052 1.172903 1.643443 1.615240 
1.387348 0.588245 4.069116 1.115596 1.362207 1.609661 1.937437 2.202807 
0.314077 2.724921 4.118912 1.035082 1.352793 1.677636 1.901739 2.184833 
0.263300 0.488486 5.810101 0.950386 1.142762 1.309162 1.484274 1.693264 
1.384027 0.573433 0.849721 5.413055 1.363439 1.642475 1.913602 2.136585 
0.310535 2.742045 0.838867 5.356644 1.376328 1.650223 2.008672 2.156352 
0.297768 0.570596 4.088600 5.420331 1.369233 1.700391 1.818792 2.110482 
0.261953 0.447166 0.698958 7.755080 1.140923 1.295310 1.489993 1.698983 
1.384226 0.570591 0.839096 1.097888 6.753924 1.628896 1.913978 2.180166 
0.306966 2.722552 0.845810 1.106594 6.760378 1.649828 1.920588 2.127414 
0.308976 0.596710 4.050139 1.118998 6.765670 1.573605 1.910140 2.181447 
0.313948 0.588811 0.844521 5.415966 6.704720 1.670157 1.925390 2.265313 
0.259682 0.471768 0.685063 0.896928 9.653087 1.286306 1.526085 1.729225 
1.397828 0.587186 0.858780 1.102690 1.413460 8.172386 1.902824 2.229128 
0.314165 2.739414 0.853008 1.104429 1.411794 8.038741 1.921040 2.113064 
0.315181 0.607597 4.077429 1.123010 1.374250 8.186723 1.894228 2.185463 
0.314248 0.567654 0.840686 5.417810 1.378584 8.099911 1.951249 2.110552 
0.313465 0.584718 0.859514 1.114957 6.722701 8.098248 1.912992 2.198778 
0.264294 0.444848 0.690984 0.888733 1.078187 11.621247 1.633050 1.728824 
1.386803 0.576550 0.847110 1.191815 1.373138 1.660778 9.395765 2.182379 
0.318170 2.739189 0.837467 1.111092 1.361200 1.583041 9.445540 2.122868 
0.321847 0.579305 4.086324 1.093691 1.413254 1.638936 9.458245 2.259515 
0.312737 0.572225 0.840393 5.407062 1.377236 1.654307 9.459429 2.186007 
0.316657 0.566456 0.824602 1.112383 6.758385 1.615338 9.506315 2.130929 
0.309932 0.574534 0.847339 1.107337 1.389411 8.059839 9.458971 2.105369 
0.254592 0.460506 0.671247 0.860435 1.126380 1.223784 13.542220 1.729533 
1.394840 0.581621 0.825004 1.067032 1.343240 1.613985 1.861284 10.718708 
0.309620 2.742665 0.827029 1.112475 1.341117 1.607831 1.940525 10.757017 
0.302329 0.588651 4.108293 1.115413 1.353749 1.679585 1.905004 10.752098 
0.294062 0.578290 0.826591 5.465463 1.384630 1.667978 1.888623 10.689598 
0.311787 0.581121 0.859543 1.122395 6.745130 1.677458 1.879393 10.761304 
0.316766 0.571013 0.842816 1.106458 1.338562 8.123433 1.864662 10.722496 
0.317924 0.579691 0.850033 1.125262 1.333181 1.626792 9.439516 10.804383 
0.261373 0.471959 0.749037 0.912783 1.145809 1.401850 0.696870 15.460069 
