2.224346 0.224409 0.224886 0.224974 0.272995 
2.191509 0.806839 0.220464 0.222021 0.214958 
2.041439 1.811785 0.210499 0.211016 0.214504 
1.629770 2.908196 0.172577 0.171612 0.172893 
1.081919 3.717933 0.164276 0.167505 0.166782 
0.494258 4.107779 0.164310 0.167118 0.168890 
0.116482 4.116353 0.126059 0.125579 0.153361 
2.193460 0.220576 1.157347 0.218462 0.222071 
2.145124 0.969955 1.285211 0.216348 0.215318 
1.866489 2.161189 1.490745 0.184316 0.187510 
1.282266 3.345698 1.549922 0.165334 0.163814 
0.583655 3.945231 1.340307 0.141299 0.135353 
0.109890 4.051577 1.112935 0.109788 0.123603 
2.070132 0.214716 2.451486 0.217610 0.221486 
1.888607 1.117487 2.994524 0.185130 0.185265 
1.412917 2.481853 3.308166 0.173135 0.171235 
0.656655 3.414741 3.074333 0.112663 0.113051 
0.107796 3.756867 2.558309 0.108882 0.106388 
1.706497 0.192682 4.089922 0.194130 0.191337 
1.346356 1.179711 4.735249 0.159947 0.159905 
0.694068 2.362768 4.763059 0.115221 0.121408 
0.076933 3.027807 4.120972 0.086202 0.112061 
1.150697 0.162208 5.373392 0.171841 0.169703 
0.621369 1.067244 5.739293 0.114561 0.118211 
0.068833 1.973376 5.342515 0.079685 0.068913 
0.675191 0.169956 5.974945 0.199266 0.176213 
0.062117 0.888826 5.931970 0.070871 0.064789 
0.018171 0.019520 6.018166 0.018678 0.022174 
2.191210 0.217550 0.219004 1.501195 0.217783 
2.144166 0.969199 0.214840 1.656652 0.220061 
1.854583 2.175301 0.177948 1.926923 0.178661 
1.283965 3.342583 0.166103 2.054797 0.167892 
0.574911 3.981772 0.160672 1.822480 0.160072 
0.110355 4.045822 0.108871 1.510713 0.110636 
2.143502 0.212864 1.261055 1.756144 0.216500 
1.985120 1.175028 1.604183 2.091509 0.173237 
1.522118 2.641770 1.796925 2.368474 0.161371 
0.710877 3.649424 1.649573 2.182558 0.118920 
0.107318 3.925850 1.337839 1.822244 0.112336 
1.878914 0.186269 3.039196 2.038014 0.189076 
1.552924 1.364118 3.676623 2.452425 0.163134 
0.791107 2.757646 3.715178 2.492607 0.115843 
0.062559 3.365899 3.093318 2.058795 0.094085 
1.353574 0.161740 4.749475 2.118768 0.164022 
0.752574 1.302854 5.240318 2.352788 0.114949 
0.067916 2.348096 4.738205 2.154886 0.069338 
0.620815 0.134505 5.784013 1.933039 0.134966 
0.026827 1.048666 5.657183 1.886414 0.028094 
0.031130 0.032716 5.919545 1.566240 0.036941 
2.061151 0.211590 0.211130 3.249516 0.218353 
1.882603 1.124674 0.185150 3.975157 0.187558 
1.406222 2.459690 0.159254 4.395768 0.159776 
0.667787 3.415786 0.113510 4.043067 0.117178 
0.111130 3.737897 0.109480 3.463490 0.121136 
1.872541 0.180657 1.534365 3.982215 0.174298 
1.552311 1.366409 1.825468 4.870541 0.160187 
0.798032 2.761516 1.862700 4.925299 0.116572 
0.064356 3.381363 1.555549 4.062403 0.065246 
1.446111 0.161515 3.378051 4.541678 0.162074 
0.809169 1.394761 3.777781 5.037044 0.087720 
0.065479 2.526224 3.396938 4.538534 0.080151 
0.702331 0.114792 4.915921 4.296608 0.118549 
0.035772 1.192322 4.816292 4.279032 0.038144 
0.031242 0.035184 5.416175 3.556734 0.044378 
1.706817 0.194087 0.193790 5.425276 0.194521 
1.344364 1.177646 0.161912 6.285388 0.166222 
0.681242 2.362787 0.110032 6.310245 0.111103 
0.076425 3.048716 0.086650 5.426237 0.088516 
1.359062 0.166030 1.604247 6.293008 0.167005 
0.743796 1.289730 1.730669 6.892875 0.083366 
0.061558 2.336711 1.614293 6.306958 0.064650 
0.694601 0.111830 3.247079 6.520282 0.112181 
0.053740 1.208374 3.225637 6.439613 0.056702 
0.022235 0.024259 4.274463 5.661235 0.020879 
1.144969 0.162995 0.162982 7.131474 0.162840 
0.628434 1.056836 0.112888 7.603108 0.111264 
0.067817 1.985852 0.067735 7.085911 0.072893 
0.613000 0.109367 1.464070 7.636500 0.112033 
0.048014 1.073075 1.404083 7.563417 0.056406 
0.024306 0.024302 2.709484 7.177784 0.033927 
0.589394 0.186404 0.173462 7.994513 0.172143 
0.060273 0.911303 0.060125 7.875716 0.065177 
0.027141 0.026775 1.214964 7.867812 0.034353 
0.017768 0.020065 0.017760 8.017757 0.022773 
2.186905 0.215118 0.215190 0.214947 1.874605 
2.136174 0.939985 0.207770 0.209156 2.119196 
1.849209 2.170705 0.181301 0.176685 2.453808 
1.281610 3.338959 0.163208 0.162096 2.510084 
0.575101 3.933987 0.126510 0.125983 2.205832 
0.112023 4.051454 0.110935 0.112178 1.810659 
2.139498 0.212723 1.327334 0.213200 2.140441 
1.991743 1.163756 1.585096 0.177570 2.644972 
1.522554 2.651210 1.789544 0.164933 2.961358 
0.710346 3.645113 1.655821 0.118670 2.721423 
0.114356 3.934343 1.334735 0.121279 2.257371 
1.876159 0.182848 3.033840 0.193724 2.482420 
1.559113 1.369160 3.659961 0.163824 2.987711 
0.798951 2.741886 3.723462 0.117535 3.110405 
0.066138 3.372762 3.105406 0.065378 2.486308 
1.351943 0.161173 4.744753 0.166182 2.642301 
0.750681 1.302708 5.251603 0.114186 2.889459 
0.067174 2.343951 4.746339 0.066950 2.661252 
0.605425 0.127685 5.782139 0.137488 2.467304 
0.020288 1.049914 5.645212 0.022422 2.354684 
0.030640 0.033158 5.913597 0.031937 1.995227 
2.143914 0.215733 0.215039 1.620009 2.142538 
1.978290 1.147848 0.169890 2.135207 2.636571 
1.512195 2.647422 0.159704 2.368888 2.979726 
0.706956 3.633945 0.113070 2.188005 2.734206 
0.113886 3.930323 0.117416 1.748692 2.292462 
1.987615 0.171965 1.551232 2.163031 2.632594 
1.718196 1.512677 2.006493 2.677564 3.358234 
0.879021 3.030993 2.042270 2.727663 3.396068 
0.063583 3.624277 1.645589 2.107781 2.741349 
1.563690 0.164180 3.671227 2.481555 3.073967 
0.896558 1.566856 4.174926 2.777177 3.485768 
0.061352 2.718324 3.727943 2.479798 3.116208 
0.756813 0.111582 5.261285 2.322061 2.980926 
0.037740 1.280846 5.191007 2.345931 2.905090 
0.023475 0.023632 5.676483 1.923236 2.387908 
1.853366 0.171501 0.170526 4.044017 2.546316 
1.551504 1.364470 0.163758 4.872505 2.995537 
0.789693 2.743962 0.111962 4.923379 3.113832 
0.064411 3.387949 0.066607 4.044235 2.555846 
1.567753 0.165436 1.882048 4.852443 3.015671 
0.892243 1.553571 2.084464 5.529140 3.467014 
0.062044 2.751255 1.809738 4.924773 3.109389 
0.814518 0.115168 3.851107 5.114613 3.242591 
0.061384 1.436209 3.806319 5.080551 3.196597 
0.030923 0.031013 4.861390 4.285904 2.656417 
1.356260 0.163110 0.163498 6.279179 2.598058 
0.750435 1.338376 0.118924 6.952988 2.896870 
0.064510 2.373978 0.063803 6.262437 2.633369 
0.763105 0.117779 1.773381 6.996906 2.938500 
0.066540 1.317632 1.761433 6.956492 2.900677 
0.025696 0.025558 3.226548 6.423069 2.776921 
0.620741 0.119339 0.126253 7.630821 2.462728 
0.024067 1.067454 0.029025 7.512130 2.379744 
0.024346 0.023948 1.441364 7.564780 2.383559 
0.031239 0.036071 0.031329 7.875071 1.994122 
2.046677 0.216582 0.214552 0.227817 4.222285 
1.866300 1.142235 0.172810 0.171473 4.890126 
1.400974 2.454897 0.162739 0.161927 5.511394 
0.662714 3.405112 0.112886 0.115442 5.072988 
0.112047 3.754325 0.113814 0.114315 4.244586 
1.882909 0.179697 1.475242 0.179952 4.950336 
1.548903 1.353939 1.826156 0.159375 6.072553 
0.792542 2.751529 1.869687 0.116703 6.155237 
0.066607 3.390320 1.538139 0.085027 5.052680 
1.459129 0.163075 3.352983 0.163927 5.611873 
0.815013 1.407521 3.775424 0.088757 6.268276 
0.063705 2.529935 3.390300 0.068304 5.646015 
0.702542 0.117641 4.878985 0.120028 5.424277 
0.034602 1.196500 4.802099 0.033601 5.361041 
0.032813 0.036612 5.406951 0.032084 4.476095 
1.873236 0.179702 0.179229 2.020546 4.969975 
1.547652 1.366388 0.163875 2.428978 6.073606 
0.788469 2.761805 0.115460 2.486637 6.124775 
0.063295 3.400723 0.063277 2.000758 5.010902 
1.559684 0.162357 1.869945 2.462360 6.061068 
0.891493 1.554908 2.061174 2.766786 6.929380 
0.057769 2.718866 1.847283 2.481350 6.189731 
0.819986 0.119511 3.858812 2.595160 6.389444 
0.059684 1.451293 3.811418 2.534600 6.320794 
0.070053 0.070034 4.895833 2.193360 5.386572 
1.451052 0.165830 0.165145 4.473744 5.600119 
0.822548 1.413924 0.113507 5.064770 6.319362 
0.069977 2.540891 0.070139 4.504208 5.645845 
0.810159 0.089263 1.952110 5.039025 6.338258 
0.075696 1.438713 1.957339 5.096950 6.331219 
0.024551 0.024158 3.499513 4.622937 5.802786 
0.703787 0.111822 0.115963 6.471168 5.406152 
0.040655 1.211761 0.041190 6.405758 5.336461 
0.039401 0.038701 1.637137 6.465091 5.365390 
0.026661 0.032136 0.024828 7.191165 4.469513 
1.719532 0.191600 0.194256 0.190707 6.631157 
1.341242 1.190449 0.162874 0.163700 7.817202 
0.679405 2.361252 0.113620 0.113620 7.879996 
0.075985 3.008285 0.077576 0.076286 6.873131 
1.343738 0.158865 1.581746 0.160199 7.853041 
0.743968 1.282936 1.747492 0.086369 8.596522 
0.064015 2.347402 1.580258 0.067580 7.873193 
0.712333 0.113893 3.230927 0.115621 8.116875 
0.055062 1.218527 3.237418 0.054497 8.015931 
0.027475 0.027553 4.275277 0.027761 7.089778 
1.333699 0.161310 0.162710 2.176485 7.860983 
0.733490 1.284118 0.077634 2.294337 8.590424 
0.060689 2.346115 0.061371 2.077721 7.870557 
0.721966 0.071807 1.757875 2.346195 8.642096 
0.076603 1.342916 1.745349 2.346259 8.689044 
0.040835 0.040424 3.248573 2.146293 8.062205 
0.708744 0.110206 0.110247 4.318089 8.070756 
0.053569 1.213002 0.054067 4.293526 8.021007 
0.058136 0.053563 1.647181 4.342061 8.066596 
0.022465 0.022614 0.022312 5.671676 7.102718 
1.147969 0.162611 0.163050 0.179435 8.863809 
0.617470 1.059640 0.112541 0.112918 9.494433 
0.071493 2.007780 0.071375 0.071055 8.819138 
0.619690 0.108224 1.445538 0.106478 9.510436 
0.050794 1.051658 1.428840 0.052290 9.455587 
0.024225 0.024239 2.708612 0.028163 8.966747 
0.621558 0.114287 0.110755 1.898829 9.513071 
0.052146 1.081069 0.051337 1.877310 9.440179 
0.055077 0.051149 1.430403 1.937526 9.493345 
0.023804 0.023810 0.023605 3.593938 8.972481 
0.522616 0.163335 0.165405 0.163393 9.999418 
0.058913 0.868677 0.059923 0.058165 9.850285 
0.032206 0.032146 1.202441 0.041827 9.839875 
0.035476 0.034508 0.031550 1.614733 9.833677 
0.019981 0.023957 0.019972 0.019972 10.019966 
