1.643025 2.703301 0.226210 0.532304 0.339635 0.132145 0.173964 0.410676 0.122816 0.435183 
0.619031 3.976385 0.222607 0.528336 0.335897 0.119920 0.170439 0.406852 1.036472 0.221648 
0.267526 4.083462 0.210054 0.516150 0.323481 0.116046 0.118193 0.394519 0.106660 0.419027 
2.006447 0.189706 2.126400 0.145490 0.123037 0.201375 0.174628 0.431756 0.202690 0.432035 
1.570934 2.509076 2.119112 0.521067 0.118281 0.196690 0.170625 0.427002 0.118729 0.431821 
0.192159 3.865363 2.072200 0.095414 0.095634 0.107517 0.107426 0.404268 0.181252 0.330711 
0.874593 0.144529 5.700936 0.158950 0.136527 0.214764 0.169563 0.319326 0.235703 1.240624 
0.082718 0.106532 6.042596 0.893205 0.203591 0.090483 0.438528 0.559851 0.184659 0.179315 
1.104218 1.693931 2.023823 5.756655 0.146927 0.142227 1.193615 1.271515 0.431213 0.142167 
0.192863 3.383998 0.235316 4.734598 0.147715 0.798048 0.650088 0.285591 0.273655 0.155020 
1.108713 0.161550 3.117685 5.760968 0.332308 0.134750 1.211909 0.227521 0.498129 0.292261 
0.183745 2.373408 3.278667 4.467820 0.157672 2.494301 0.204772 4.737416 0.239181 0.166145 
0.631374 0.078064 0.106534 7.758142 0.295846 0.091151 0.128872 0.368373 0.448369 0.391684 
0.304010 2.275870 0.383682 6.697463 0.348285 0.928962 0.207527 0.726770 1.262213 0.422901 
0.116524 0.657183 3.698003 6.402933 0.325255 0.119446 0.317331 0.525683 0.105453 0.130844 
1.854132 0.111553 0.111009 0.354153 4.692250 0.103131 0.169872 1.232954 0.547153 0.197144 
0.144183 3.662652 0.136746 0.380754 4.636600 0.267286 0.195239 1.258321 0.572520 0.222511 
1.124996 0.523871 3.513932 1.250852 6.465292 0.134585 0.244977 1.428342 0.238436 0.440380 
0.146498 0.141217 5.416797 0.189392 4.552174 0.932546 2.225685 0.909068 0.252984 0.145142 
0.230313 2.621409 1.218346 4.772804 4.361959 0.145599 3.405199 0.839713 0.610416 0.198510 
0.405795 1.864700 0.949698 0.467029 8.659315 0.169270 0.224680 0.325956 3.917855 1.424711 
0.108701 0.121968 2.082253 0.698054 9.441023 0.162639 1.340295 0.654649 0.194146 0.403825 
0.077817 0.077798 0.083105 0.170459 10.052172 0.159048 0.078850 0.313232 1.279842 0.090955 
1.888938 0.128971 0.128422 0.373992 0.161505 5.469680 0.187191 0.738699 0.566608 0.214524 
0.309026 3.654792 0.228067 0.142310 0.136460 5.655722 0.240084 0.143582 0.431818 0.188718 
1.383826 0.132309 2.823723 1.682654 0.121709 7.253411 0.201771 1.311703 0.752928 0.418731 
0.243432 2.430554 2.960154 0.095795 0.092444 7.608406 1.136683 0.362272 2.866865 0.845467 
0.292052 0.206458 5.333211 0.100510 0.100422 5.467259 1.877336 1.760870 0.834062 0.214020 
1.305647 0.113172 0.261534 5.178341 0.108814 5.775086 0.619701 1.376551 0.388728 1.748887 
0.214358 2.974415 0.162737 4.161862 0.248889 5.841669 0.227216 2.065010 0.576352 0.446724 
0.927784 0.109125 2.856086 5.054335 0.106403 5.774761 0.617936 1.374998 0.385447 1.678320 
0.219048 0.113299 0.114757 7.455370 0.314115 4.696938 0.374414 1.504054 0.484114 0.427429 
1.135520 0.362820 0.122812 0.313554 7.390330 5.477000 0.190048 0.499186 0.570628 0.219206 
0.429569 2.459785 0.216767 0.318498 4.759666 7.801663 0.690032 0.320340 0.836029 0.140202 
0.136095 0.763219 0.112584 5.505082 3.583371 7.641462 0.191129 0.820806 0.654554 0.218432 
1.098682 0.132073 0.131632 0.183033 0.157788 10.569026 0.222998 0.651710 0.127456 0.135282 
0.113656 0.338547 3.336172 0.554003 0.149247 10.090465 0.454528 0.561379 0.186225 0.383589 
0.115920 0.245570 0.131924 3.570911 0.123395 10.680411 2.198051 1.909455 0.813413 0.420894 
0.120030 0.112540 0.117939 0.631730 4.297787 10.978771 0.164244 0.351311 0.193199 0.421648 
2.013038 0.296537 0.480415 0.436377 0.334680 0.151291 4.524668 1.269539 0.207499 0.141954 
1.505576 1.990092 0.175926 0.190988 0.176091 0.153421 8.153270 0.477822 0.887656 0.461359 
0.168840 3.868727 0.474425 0.430733 0.329833 0.147855 4.823008 1.266318 0.204278 0.140669 
0.869183 0.111908 3.241204 0.933432 1.313671 0.120604 10.567106 0.272969 0.426782 0.669480 
0.612009 3.140597 2.999467 0.667892 0.733114 0.225470 4.949996 0.147461 0.415654 0.111676 
0.060196 0.084514 5.347782 0.060023 0.252204 0.074414 6.519718 1.647512 0.060025 0.087108 
1.245870 0.742636 0.313562 5.302847 1.987631 0.103807 5.883654 1.161974 0.394284 0.105202 
0.126797 2.614038 0.326304 5.144635 0.285827 0.105121 6.272576 1.232237 0.395787 0.116895 
0.075815 0.090853 3.345546 5.658073 0.268950 0.090340 6.565358 0.498494 0.075883 0.103696 
0.367855 0.315394 0.370125 7.106537 0.127892 0.172256 6.481190 0.647629 0.611886 0.108493 
0.344215 1.855474 0.392172 0.135818 6.896860 0.256723 8.301180 0.145447 0.433674 0.300053 
0.105140 0.350268 2.489548 1.235194 6.259492 0.266639 9.376337 0.221392 0.208751 0.231917 
0.188694 2.768756 0.223017 0.471756 0.597069 7.168916 5.793759 0.289362 4.372834 0.163434 
0.361529 0.095212 3.125802 1.119063 0.093346 7.150017 8.415972 1.676817 0.337031 0.199794 
0.262546 1.534097 0.354933 1.140263 4.840245 6.039149 8.755108 0.236127 1.015728 0.126533 
0.121991 0.742217 0.290576 0.884124 0.939965 10.941476 5.317270 0.115865 0.149022 0.110551 
1.127514 0.151684 0.842535 0.149690 0.675148 1.965013 11.923572 0.439286 0.591722 0.433691 
0.124724 0.183015 0.158231 3.493088 0.126153 0.128483 12.796242 0.655981 0.129888 0.214997 
0.463902 0.299802 0.104992 0.580630 5.364516 0.084891 11.570191 0.790130 0.088937 1.248368 
0.251093 0.175909 0.534370 0.295441 0.858877 5.919192 12.232719 1.427886 0.214916 0.439916 
1.893169 0.210869 0.636446 0.794152 0.348986 0.172698 1.116312 7.755618 1.202802 0.182139 
1.213704 2.229793 0.143751 0.377023 0.209431 0.139337 0.323404 10.511466 0.219779 0.146075 
0.224782 3.581421 0.551629 0.185151 0.158848 0.595343 0.512550 7.911482 3.013165 0.239474 
1.268529 0.303512 3.812986 1.280065 0.866577 0.592194 0.122213 7.788578 2.068237 0.128998 
0.201071 2.172468 2.991829 0.517066 3.082251 0.096692 0.159251 10.157854 0.598678 0.411877 
0.160128 0.149091 4.866725 0.342259 0.136790 0.156127 0.392607 9.936455 0.869625 0.245537 
1.215093 0.134538 0.424705 4.032420 0.431829 0.141657 0.927676 10.944755 1.178602 0.153588 
0.234556 2.919528 0.173140 5.044192 0.267032 0.223398 0.232431 6.172194 0.587365 0.457737 
0.083112 0.071814 0.243146 6.919698 0.190442 0.555625 1.846576 8.017084 0.705085 0.099204 
1.305242 0.480317 0.196488 0.299938 4.788606 0.136715 0.539531 10.193503 0.853142 0.108870 
0.129787 2.380244 0.443839 0.271707 5.463443 0.120265 0.351956 9.977789 0.822225 0.209774 
0.396667 0.319815 0.983306 0.406033 8.713971 0.195992 1.210369 7.261432 1.912070 0.214536 
1.305195 0.490220 0.209815 0.312017 1.017422 6.203130 0.977215 9.693349 0.867724 0.123451 
0.159212 2.832736 0.204873 0.322228 0.092713 4.302140 0.534139 10.214410 0.810573 0.114659 
0.247804 0.170589 4.206788 1.573040 0.095787 5.523818 1.358792 8.523167 0.101121 0.176176 
0.437153 2.377661 0.117576 1.302140 0.163244 3.710234 7.932523 7.778912 1.018991 0.214731 
0.144156 0.634178 3.831527 0.761698 0.417533 0.449685 6.470321 9.952339 1.772243 1.212547 
0.104077 0.103174 0.111010 0.216330 6.984091 0.157138 5.043606 10.225971 0.614935 0.109812 
0.184693 0.124600 0.957027 0.348546 0.125013 7.921996 8.417756 7.380573 0.406237 0.221429 
1.249486 0.106327 0.640558 1.051081 0.233897 0.109247 0.108296 13.003872 0.108661 0.413900 
0.150315 2.555062 0.098820 0.316674 1.345094 0.454185 0.589854 12.494991 0.114797 0.476113 
0.080207 0.087782 0.517374 3.692794 1.040845 0.191663 0.113772 14.220472 0.085776 0.463944 
0.084139 0.084129 0.092848 0.349958 5.966677 0.318500 0.085228 13.008193 0.087364 0.097872 
0.418761 0.132221 1.365352 0.444503 0.596226 0.179019 4.289348 14.782543 0.432255 0.501683 
1.746770 0.127135 0.126683 0.403425 0.964691 0.579583 0.757708 0.637217 10.151034 0.213765 
1.080305 1.873679 0.524147 1.643559 3.522941 0.143632 0.112073 0.522074 11.253150 1.209162 
0.192866 3.520451 0.373219 0.253285 0.156877 0.848423 1.910796 0.395063 9.421977 0.274519 
1.185273 0.615707 3.253242 0.131197 1.888260 2.096405 0.171662 3.881468 10.164967 0.837031 
0.396642 2.199095 3.047780 0.130726 0.135242 2.114900 0.168061 3.693238 9.555578 7.008486 
0.164141 0.374025 5.526686 0.332316 0.253903 0.107466 1.052745 1.006787 7.512121 0.440202 
0.169339 2.584262 0.753929 4.039258 0.127525 1.033504 0.545807 0.346498 10.998648 0.141601 
0.427878 0.313735 3.878037 4.235278 0.261649 0.458555 0.137380 0.241252 10.303997 0.935527 
1.573056 0.106373 0.497916 0.091141 3.841626 0.169781 0.155200 1.046656 9.899593 0.195885 
0.200386 2.452224 0.419656 0.633342 5.969578 0.183994 0.494096 2.939215 9.938197 0.237119 
0.357035 0.269909 2.990578 0.463350 0.208471 8.048588 0.139439 0.241576 10.303695 0.935225 
0.117504 0.454049 0.104887 5.765094 0.785608 7.054604 0.175973 0.760204 7.053883 0.212822 
0.256606 1.853470 0.365523 1.215691 4.688115 6.276983 0.157008 0.139311 9.688649 3.370546 
0.132230 0.227515 0.144208 0.192036 3.132198 10.258580 0.196693 0.401651 8.116400 0.170903 
1.235246 0.191209 0.446275 0.455113 0.201640 0.368264 8.603992 0.255336 10.118794 0.447242 
0.410485 0.144731 0.209657 4.538857 0.216028 0.383538 8.176800 0.265642 10.665684 0.461144 
0.102488 0.300344 2.053065 1.025461 5.141515 0.231992 7.694927 0.194924 10.420757 0.226786 
0.103389 0.100277 0.102457 0.612184 0.130593 4.312100 6.631159 0.413556 14.655941 0.127794 
0.105412 0.105585 0.913903 0.269804 0.177685 1.433729 12.604280 0.347323 7.547869 0.695994 
0.429843 2.390427 0.315810 0.367690 0.171656 0.135123 0.165124 8.597418 11.117683 0.125950 
0.178609 0.360439 4.824376 0.670875 0.153585 0.129515 0.950989 7.374190 7.552348 0.225519 
0.103094 0.084618 0.341063 6.064267 0.123369 0.145986 0.681592 6.011598 9.941356 0.112756 
0.324316 1.465876 0.659360 0.142380 0.145820 1.457557 6.052231 8.569443 11.527435 0.128681 
0.093971 2.004950 0.985438 1.350960 0.156224 0.340883 0.113939 0.217821 15.358586 0.192217 
0.294543 0.125823 3.215322 0.158097 0.091026 0.125953 0.132797 0.218510 15.342366 0.119860 
0.110491 0.110279 0.156463 1.743087 5.467624 0.148251 2.077920 0.443337 14.630322 0.439085 
0.105626 0.105605 0.113203 0.391843 1.337429 6.788705 0.170908 0.590279 14.866039 0.106667 
0.222055 0.154372 0.201778 2.592072 0.456152 0.416306 6.927304 0.398348 14.640620 0.166789 
0.160917 3.620748 0.574919 0.243701 0.160083 0.862856 1.950728 0.293260 0.135934 9.340929 
0.971360 0.590007 4.845801 0.158234 2.675047 0.211318 0.168933 1.578140 0.231054 7.209013 
0.410803 2.793466 2.615248 0.906912 2.729896 0.177128 1.918189 0.261040 1.027707 10.080975 
0.259903 1.747968 0.320028 3.514535 0.255211 0.604268 0.170598 0.482726 0.804593 16.090331 
1.239700 0.477318 0.382771 0.286083 4.567063 0.253336 0.487482 7.144103 0.415295 10.280949 
0.089557 0.089448 0.158978 2.911512 7.959543 0.428802 0.091043 4.131262 0.089802 8.839824 
0.149934 0.331213 0.134599 0.134661 9.270640 0.145030 1.326377 3.058927 0.362600 7.109518 
1.266438 0.822039 0.147292 3.505776 0.240080 4.916678 0.201445 1.771837 0.491048 10.978461 
0.231259 2.693435 0.772350 0.122189 0.262937 6.348122 2.945657 0.269299 0.252251 10.197611 
0.138369 0.562321 3.928159 1.082501 0.252303 6.510571 1.382814 1.099386 0.102456 10.440238 
0.232968 1.504356 0.378599 4.571267 0.091904 6.384620 1.021422 0.317130 1.238349 10.417688 
0.115627 0.116443 0.321714 0.126799 6.351921 6.501319 0.134625 3.985708 0.203274 10.473130 
0.449696 0.112611 0.115100 1.233027 1.003202 9.756309 0.205514 0.560453 0.341182 10.985945 
0.188318 2.313588 0.655370 0.094173 0.084288 5.466714 6.649006 0.516875 0.408564 10.171480 
0.100449 0.656614 0.247392 3.596356 0.102621 0.094619 10.207636 0.504201 0.199404 10.364764 
1.071204 0.403935 1.296447 0.271070 4.186528 0.146672 0.480177 8.613781 0.354826 10.282820 
0.381800 3.220022 0.141706 0.143368 0.907466 0.129268 1.149431 8.090507 0.348458 7.095376 
0.356172 0.123309 2.482833 0.127822 0.120829 0.153843 0.132252 13.564866 0.214092 7.192051 
0.217990 1.279964 0.125054 0.128776 7.260098 0.128674 1.089621 7.907331 0.345314 8.162425 
0.306105 0.106964 1.539544 0.287417 0.104779 0.125707 4.563986 13.566082 0.224855 7.112110 
1.385706 0.091048 0.747760 0.077653 2.349947 0.143589 0.131311 0.880802 8.335979 10.862958 
0.177896 3.036146 0.332811 0.229793 0.207077 0.741019 1.653593 0.351585 8.105670 10.376345 
0.158179 0.501842 4.626229 1.127719 0.117315 0.142126 0.177784 0.301509 9.388975 7.695333 
0.123124 0.280864 0.333898 5.496654 0.356399 1.820501 0.142838 3.408899 8.864654 9.891228 
0.095296 0.095017 0.175635 0.438023 7.348101 0.151870 1.810643 0.315514 7.988243 10.377914 
0.330974 1.334160 0.360209 3.731325 0.180363 5.417716 0.881883 0.284519 8.374319 10.419031 
0.947140 0.435759 0.671783 0.100289 0.187034 0.146462 0.890106 1.209034 0.248606 17.942638 
0.146247 0.787253 0.434662 0.202478 0.120960 5.083563 0.159147 0.341851 0.290303 17.984759 
0.306623 0.099853 0.293468 0.099660 0.095708 3.225020 4.977514 0.316809 0.265261 17.959717 
0.176343 3.128490 0.890981 4.907164 0.125227 1.232750 0.636560 0.388106 4.182125 0.138862 
1.053611 0.115230 2.071899 0.105688 7.732748 0.117585 3.100548 1.224009 3.352806 0.212249 
1.527763 0.939021 1.875337 0.149419 0.131836 7.591907 0.212834 0.440705 0.211638 0.440984 
0.104852 0.102391 0.346846 5.907455 0.389328 8.227564 0.112393 1.863153 0.104857 0.407952 
0.474654 0.097610 0.100393 1.533334 1.154900 11.543754 1.277859 0.631329 0.461132 0.626250 
0.504306 2.826335 0.128380 1.510388 0.182767 4.406995 8.241453 2.027045 1.029730 0.225470 
0.407581 0.147462 0.932417 0.377041 6.444378 0.289165 10.436150 2.487084 0.457408 0.518394 
0.387475 0.131637 3.162358 0.557237 0.245771 0.135333 4.058246 12.996042 0.134964 0.440532 
0.289783 0.139403 0.174416 2.577450 0.258660 7.856196 1.631578 11.113891 0.828561 0.436042 
0.156730 0.337584 0.398389 6.317654 0.424187 2.127825 0.182441 3.912976 10.181845 0.297316 
0.128043 0.140886 1.539348 0.718100 7.991647 3.033904 0.188802 0.382014 9.329171 0.165692 
1.609437 0.858252 1.948813 2.024194 0.122544 0.113129 0.184140 0.401863 0.649887 10.165145 
0.434879 2.889004 2.375798 0.991983 2.739064 0.467628 1.930115 0.275593 1.041045 10.143369 
0.093650 0.098602 1.569124 0.172986 7.937743 0.420663 0.109882 3.973104 0.183729 10.375907 
0.534766 0.122947 0.255732 1.856892 0.128814 0.259274 0.450988 0.330361 10.299999 15.480168 
0.217230 1.079179 0.252056 2.346452 0.175770 0.530729 0.167976 0.360741 0.564036 18.699076 
