2.325043 2.346802 1.000341 1.000537 1.000783 1.000934 1.001244 1.001528 1.001360 0.999838 
2.258115 2.289195 1.020879 1.034805 1.042854 1.053950 1.070965 1.076821 1.087981 1.022803 
1.170818 4.655198 1.000347 1.000541 1.000792 1.001174 1.001106 1.001340 1.001428 0.999929 
2.218459 1.003158 3.333677 1.001219 1.001006 1.001179 1.001629 1.002100 1.001895 0.999838 
1.287465 2.545615 3.813218 1.000742 1.001220 1.001163 1.002259 1.001856 1.001770 0.999818 
1.117401 0.999873 6.644113 1.000492 1.000605 1.000767 1.000892 1.001547 1.001642 0.999893 
2.170426 1.000044 1.000263 4.311847 1.000789 1.000988 1.001404 1.001552 1.002700 0.999836 
2.023756 1.000414 1.006020 3.956075 1.036147 1.380879 1.057667 1.938039 1.083962 0.992166 
1.252343 2.495352 1.000233 4.994661 1.000739 1.000789 1.001255 1.001471 1.001325 0.999875 
1.200180 0.999822 3.585236 4.745742 1.001008 1.001152 1.001574 1.002146 1.001849 0.999784 
1.092337 0.999825 0.999847 8.624779 1.000829 1.001280 1.001864 1.001477 1.002085 0.999817 
2.138008 1.000038 1.000123 1.000217 5.304006 1.000913 1.001072 1.001163 1.001385 0.999871 
2.034492 1.001405 1.012898 1.024642 5.121293 1.100722 1.122403 1.144602 1.167313 0.979130 
1.245884 2.448688 1.000096 1.000210 6.141587 1.001226 1.001328 1.001588 1.001681 0.999804 
0.993199 2.507623 1.085930 1.036012 5.615554 1.215456 1.266458 1.319915 1.375603 0.987552 
1.179006 0.999810 3.526870 1.000301 5.886175 1.001176 1.001428 1.001648 1.001901 0.999834 
1.125914 0.959265 3.261566 1.050027 4.951187 1.299051 1.291885 1.351490 1.414073 1.039890 
1.150827 0.999775 0.999794 4.597522 5.741277 1.001415 1.001738 1.001874 1.002189 0.999733 
0.885711 0.909314 1.233275 3.416121 4.896851 1.458502 1.594981 1.746250 1.913210 1.049702 
1.075002 0.999871 0.999884 0.999881 10.620881 1.000775 1.000870 1.001402 1.001128 0.999898 
1.075007 0.999882 0.999895 0.999892 10.621191 1.000713 1.000796 1.001315 1.001028 0.999910 
2.111941 1.000033 1.000213 1.000233 1.000365 6.320647 1.001390 1.001599 1.001434 0.999835 
1.229358 2.444818 1.000174 1.000201 1.000233 7.282718 1.001590 1.001410 1.001198 0.999866 
1.161379 0.999901 3.524366 1.000206 1.000270 6.977923 1.000828 1.001299 1.001125 0.999872 
1.155145 0.999338 0.999406 4.502374 1.001294 6.790947 1.004874 1.005839 1.006336 0.999242 
1.046450 1.197998 0.994946 4.437870 1.010298 6.720679 1.076105 1.046409 1.052901 0.993421 
1.139671 0.997416 0.997644 0.997846 5.476194 6.706972 1.018378 1.021410 1.024221 0.997012 
1.136336 0.997434 0.997654 1.011390 5.476513 6.707276 1.018182 1.021184 1.023961 0.997045 
1.004107 0.966552 0.967289 0.968032 0.968945 12.098060 1.200557 1.239219 1.278647 0.965226 
2.068659 1.000161 1.001383 1.002557 1.017058 1.005015 7.363683 1.014658 1.081680 0.997950 
2.069517 1.000148 1.001259 1.002323 1.017419 1.004554 7.365081 1.013221 1.080042 0.998157 
1.222845 2.434502 1.000160 1.000348 1.000425 1.000489 8.410812 1.001653 1.001495 0.999911 
1.159810 0.999751 3.476146 1.000321 1.000595 1.000598 8.092775 1.002098 1.002426 0.999740 
0.987428 1.315385 3.490907 1.112646 1.024871 1.033105 7.403362 1.106570 1.122822 0.992171 
1.137535 0.999707 0.999749 4.518060 1.000602 1.000717 7.869613 1.002377 1.002769 0.999672 
0.922663 0.934410 1.346786 3.802424 1.097699 1.141208 7.280445 1.519473 1.621285 0.922357 
1.056334 0.966247 0.968136 0.970080 5.323349 1.073685 7.517003 1.255645 1.298549 0.962692 
0.979446 0.921206 0.924393 0.927867 0.931601 6.112146 7.164523 1.562475 1.675439 0.915616 
0.988533 0.942721 0.944134 0.946854 0.949432 0.970835 13.662620 1.414963 1.487171 0.939193 
2.087402 1.000032 1.000258 1.000278 1.000376 1.000491 1.000763 8.290960 1.001694 0.999827 
1.219920 2.407710 1.000224 1.000294 1.000423 1.000567 1.000801 9.597458 1.002408 0.999706 
1.166384 0.999736 3.459197 1.000373 1.000472 1.000645 1.000934 9.099136 1.002577 0.999719 
1.114788 0.987203 0.988182 4.404570 1.021894 1.029494 1.037271 8.800434 1.117777 0.985316 
0.979498 0.917903 0.921500 0.925368 5.082533 1.164605 1.220549 8.218862 1.706981 0.911741 
1.071673 0.982793 0.983693 0.984593 5.795826 1.041877 1.052592 8.217082 1.151555 0.981066 
0.912862 0.870441 0.874910 0.880022 0.885741 5.926909 1.331092 7.953289 2.094932 0.863135 
0.911727 0.869181 0.873728 0.878936 0.884777 5.913976 1.334034 7.947257 2.105934 0.861760 
0.889208 0.844366 0.850654 0.857967 0.866481 0.876344 6.896954 7.907399 2.324133 0.834508 
0.946903 0.875852 0.883286 0.891723 0.901635 0.912166 0.925700 14.753403 2.090911 0.863723 
0.864629 0.864028 0.864091 0.907743 1.216080 0.899947 1.214702 14.577142 2.081339 0.986613 
2.239580 1.000032 1.000296 1.000184 1.000325 1.001287 1.000413 1.000695 7.835401 0.999887 
1.313938 2.566681 1.000443 1.000333 1.000471 1.000595 1.001503 1.000878 9.111364 0.999758 
1.242892 0.999559 3.715760 1.000934 1.001164 1.001806 1.001913 1.002197 8.641867 0.999450 
1.051858 0.919282 0.927794 4.332877 1.160188 1.226800 1.299374 1.378231 7.743400 0.904736 
1.033150 0.908686 0.918000 3.878855 1.148654 1.558174 1.315375 1.402930 8.182651 0.898226 
0.852156 0.793558 0.807498 0.824605 4.759265 1.471013 1.691371 1.956372 7.025468 0.773482 
0.851659 0.793104 0.807091 0.824263 4.753664 1.471570 1.692417 1.958330 7.026762 0.772975 
0.858141 0.808111 0.817765 0.830451 0.846038 5.959846 1.576856 1.793282 7.970034 0.791781 
0.783792 0.724468 0.751194 0.788746 0.835161 0.896858 6.908166 2.327954 6.839974 0.690691 
0.792581 0.734013 0.758007 0.790220 0.832048 0.885976 7.132043 2.281274 6.800591 0.703253 
0.755555 0.693335 0.731875 0.784709 0.857526 0.953960 1.080681 8.145830 7.051315 0.646675 
0.373293 0.386057 0.446245 0.666665 0.633049 0.833857 4.041902 5.188809 6.045082 0.370008 
0.797894 0.716442 0.762732 0.826615 0.912398 1.026710 1.176735 1.373521 13.948062 0.664584 
0.065938 0.075560 0.115944 0.188850 0.367915 0.762047 1.611685 4.287116 8.791443 0.354789 
0.205797 0.223244 0.248786 0.312282 0.440928 0.689992 1.686843 5.154851 8.583806 0.491788 
2.562816 1.000143 1.000550 1.000514 1.000770 1.000902 1.001325 1.001208 1.001416 5.353267 
1.496285 2.971844 1.000385 1.000433 1.000508 1.000663 1.000953 1.001102 1.001358 6.164179 
0.961980 3.162127 1.080431 1.149617 1.225575 1.307787 1.487193 1.501549 1.606863 4.232917 
1.423248 0.999919 4.260028 1.000294 1.000480 1.001615 1.000620 1.000826 1.001230 5.889328 
0.999614 2.421781 3.636341 1.001431 1.001963 1.002377 1.003018 1.003387 1.003766 5.065122 
0.999389 2.395529 3.568044 1.002099 1.002885 1.003507 1.004454 1.115183 1.135740 5.122536 
1.385613 0.999852 0.999927 5.548176 1.000762 1.001389 1.001087 1.001712 1.001496 5.757923 
1.384980 0.999848 0.999924 5.540768 1.000775 1.001408 1.001111 1.001458 1.001530 5.782812 
0.931518 1.915891 0.984500 3.922531 1.227704 1.312686 1.402816 1.499968 1.606859 4.260898 
0.938935 0.980281 2.925459 3.899717 1.165417 1.219444 1.276824 1.337469 1.401693 4.271497 
1.380963 0.999897 0.999977 0.999960 6.753871 1.000638 1.000769 1.001339 1.001056 5.673182 
0.932732 1.923248 0.985036 1.015526 4.851596 1.304565 1.393282 1.488860 1.592778 4.336619 
0.942966 0.980433 2.948146 1.024248 4.856273 1.210975 1.262680 1.319957 1.379228 4.158084 
1.354009 0.999853 0.999947 0.999937 0.999984 8.097787 1.001110 1.001296 1.001395 5.619885 
1.250725 0.941945 0.960389 0.980451 1.002366 7.124117 1.388621 1.485736 1.585001 4.294568 
1.265135 0.970663 0.977875 0.985326 0.993147 1.001282 9.005788 1.218691 1.257564 5.367007 
0.922801 1.906922 0.983807 1.020132 1.060412 1.108302 6.717162 1.562053 1.685488 4.220827 
0.936893 1.978167 0.989013 1.019175 1.052134 1.091452 6.910956 1.472278 1.569272 4.240845 
0.951168 0.974776 2.962159 1.023426 1.043888 1.066583 6.809178 1.294417 1.355086 4.193629 
1.140418 0.910874 0.931864 0.955476 0.981967 1.011620 1.044730 9.660363 1.761431 5.024796 
0.911130 1.887362 0.982801 1.026715 1.076051 1.130476 1.192075 7.646344 1.799232 4.042930 
0.891210 0.756733 0.828074 0.924402 1.052777 1.222076 1.443597 1.732084 7.960143 4.565924 
0.894456 1.923796 1.005408 1.054254 1.124959 1.205926 1.298420 1.403183 7.418529 4.275620 
0.906800 2.000307 1.012210 1.054682 1.118726 1.191884 1.272582 1.363842 7.411937 4.305211 
0.889158 0.965521 2.962661 1.064766 1.123158 1.187994 1.260212 1.339679 6.896439 4.309503 
0.899060 0.986012 0.904414 3.917268 1.126330 1.174884 1.239074 1.311636 6.923902 4.219505 
0.900344 0.903723 0.900514 1.060370 4.906236 1.166423 1.227757 1.293576 7.054345 4.221336 
0.874392 0.879828 0.875004 0.875397 1.133098 5.796118 1.285830 1.376279 6.909133 4.195473 
0.785537 0.789897 0.842436 0.798454 1.091372 0.847752 6.402739 1.651373 6.717581 4.119901 
0.188127 0.198792 0.241998 0.376565 0.479355 0.770910 1.341945 4.871504 6.350739 3.415436 
0.357410 0.369308 0.425765 0.650820 0.642071 0.836577 1.184056 6.498156 5.230573 3.586580 
0.139918 0.150345 0.191676 0.301888 0.425951 0.756197 1.411554 2.710939 8.874138 2.985659 
1.723372 0.999951 1.000098 1.000085 1.000171 1.000240 1.000283 1.000345 1.000430 13.758602 
0.912413 2.157461 1.015076 1.079149 1.151923 1.233087 1.325004 1.428471 1.543898 9.621112 
0.921561 1.022587 3.348767 1.064625 1.108990 1.155752 1.206739 1.261848 1.320536 9.863389 
0.093945 0.100463 0.126651 0.197637 0.298920 0.550953 1.078525 2.165456 6.212076 7.587098 
0.008730 0.008734 0.008747 0.008779 0.008855 0.009030 0.009428 0.010316 0.012271 20.000784 
2.673191 1.000295 1.000892 1.001172 1.057979 1.306667 1.488927 1.857205 1.515343 1.278740 
1.506999 2.985606 1.029583 1.046866 1.116738 1.514491 1.535583 1.972463 1.671125 1.326809 
1.418909 0.977015 4.240761 1.097108 1.136564 1.419472 1.648281 1.734486 1.486082 1.237253 
0.911048 1.827209 3.146836 1.199320 1.303822 1.420296 1.550026 1.707535 1.853945 2.691195 
1.361623 0.959376 0.978152 5.456764 1.235622 1.314503 1.430053 1.688091 1.586073 1.215570 
0.914316 1.863354 1.010013 4.016942 1.297863 1.411490 1.536806 1.676020 1.829161 2.756682 
0.833307 0.927068 2.551376 3.407768 1.424954 1.614260 1.827457 2.077472 2.368082 0.900541 
1.356678 0.956619 0.976979 0.998859 6.777059 1.333746 1.432659 1.601074 1.625442 1.226687 
0.838952 0.934233 2.622075 1.069268 4.284908 1.592231 1.798574 2.035456 2.307632 1.064392 
0.950641 0.982435 2.947737 1.146551 4.871486 1.184285 1.230408 1.278962 1.329436 4.157019 
0.843710 0.851373 0.998089 3.459430 4.448071 1.573558 1.767188 1.989127 2.241644 1.010747 
0.840914 0.848653 0.994208 3.393104 4.483783 1.580153 1.778171 2.005193 2.264386 1.005392 
1.352182 0.955037 0.976086 0.998802 1.023444 8.165856 1.434530 1.708655 1.648738 1.160385 
0.877554 1.732769 0.966738 1.024840 1.092167 5.457811 1.700967 1.910098 2.149890 2.835783 
0.831778 0.927277 2.550906 1.065462 1.153314 5.381518 1.831598 2.082544 2.373045 0.969171 
0.815828 0.825833 0.987154 3.295914 1.163012 5.227503 1.875508 2.150300 2.470046 0.910693 
0.794356 0.795693 0.815051 1.062148 4.050391 5.055472 1.946976 2.262901 2.635709 0.904406 
1.360406 0.957390 0.977607 0.999341 1.049964 1.234454 9.509735 1.681824 1.619572 1.197711 
0.878243 1.741283 0.987055 1.032321 1.103765 1.186670 6.628065 1.944546 2.197186 2.561087 
0.820765 0.920185 2.517914 1.069711 1.165578 1.278345 6.440533 2.148952 2.468139 0.916776 
0.831427 0.925594 2.527130 1.062347 1.149170 1.250379 6.307347 2.464038 2.511704 0.929154 
0.786254 0.799219 0.977304 3.170004 1.186792 1.324904 6.024571 2.310796 2.707691 0.878201 
0.762140 0.764342 0.788735 1.063310 3.926656 1.344394 5.844497 2.428185 2.889601 0.898411 
0.736646 0.737375 0.745602 0.825464 1.119481 4.779970 5.738437 2.545621 3.080425 0.963807 
1.364352 0.959198 0.978413 0.998965 1.074506 1.283998 1.523439 10.753283 1.591035 1.216761 
0.874274 1.763707 0.972055 1.036313 1.111602 1.198095 1.299001 7.973932 2.232896 2.431495 
0.891696 1.852160 0.981582 1.038876 1.104957 1.179397 1.264706 8.087691 2.083137 2.487762 
0.790428 0.900799 2.400864 1.077471 1.195674 1.338290 1.509697 7.322139 2.724471 0.878846 
0.781939 0.892883 2.341459 1.074058 1.197188 1.345488 1.526447 7.292013 2.795129 0.869966 
0.748607 0.765275 0.959925 2.991357 1.211731 1.385171 1.599077 6.901181 3.002084 0.919026 
0.768432 0.783763 0.979129 3.143147 1.210933 1.369675 1.563322 6.970272 2.843108 0.940712 
0.718457 0.721578 0.754294 1.059330 3.743069 1.411301 1.659487 6.674804 3.226093 0.943048 
0.686145 0.687766 0.699281 0.804163 1.119882 4.609782 1.697478 6.647643 3.477943 0.928675 
0.646704 0.647405 0.652355 0.690858 0.955047 1.110603 5.618304 6.706655 3.776040 0.967402 
0.670322 0.671007 0.676247 0.716662 1.013387 1.167695 1.426985 11.754958 3.618880 0.800913 
1.406172 0.947756 0.987209 1.031717 1.125649 1.442769 1.505699 1.769530 9.766732 1.248463 
0.793387 1.576913 0.961079 1.089568 1.254158 1.459427 1.718091 2.040361 7.723186 0.976746 
0.679450 0.815455 2.015595 1.101179 1.320701 1.611193 1.991721 2.487819 6.383014 0.736027 
0.605987 0.637545 0.874228 2.415658 1.309878 1.661071 2.146313 2.806053 5.889867 0.903534 
0.549978 0.560551 0.631851 0.974722 2.993205 1.654856 2.217361 3.011681 5.986643 0.877868 
0.495416 0.502957 0.547698 0.774161 0.970901 3.848976 2.269451 3.210602 5.971223 0.988677 
0.432290 0.438163 0.470685 0.618223 0.892437 1.070580 5.068206 3.382048 6.327831 0.918466 
0.293168 0.304055 0.351058 0.523371 0.756701 0.901968 1.395720 6.739377 6.499287 0.878437 
0.297092 0.310661 0.370902 0.588819 0.635645 0.910278 1.395219 2.240274 11.552531 0.900964 
1.566708 0.966501 1.029878 1.101919 1.331933 1.542094 1.715558 1.874429 1.828269 6.523718 
0.922567 2.537159 1.064659 1.154160 1.255808 1.371327 1.502240 1.650903 1.816420 5.784316 
0.841415 0.975235 3.385848 1.168237 1.289027 1.429033 1.590986 1.775600 1.988413 5.300134 
0.803060 0.818695 1.053067 4.184075 1.317401 1.488154 1.690342 1.928927 2.208636 5.005178 
0.766947 0.769997 0.808695 1.153861 5.031441 1.531678 1.777058 2.073834 2.431323 4.909431 
0.722914 0.724925 0.744611 0.933785 1.120479 5.970531 1.866926 2.240704 2.705498 4.832617 
0.663646 0.664547 0.676517 0.765914 0.980296 1.200490 7.020381 2.431424 3.055034 4.876011 
0.588295 0.589374 0.597125 0.639346 0.894425 1.050005 1.297811 8.486486 3.490527 4.928319 
0.309514 0.323322 0.386874 0.620654 0.630135 0.909111 1.376747 2.183814 8.166580 4.814734 
0.451892 0.460540 0.508014 0.731715 1.027913 1.245138 1.367187 1.897195 2.694611 11.382452 
