1.900275 0.004684 0.004755 0.004884 0.005050 0.006505 0.005560 0.005650 
0.702832 0.692924 0.008524 0.007753 0.013481 0.015162 0.007445 0.007977 
0.373530 1.436455 0.012188 0.012344 0.020504 0.014047 0.012584 0.012438 
0.005530 3.872484 0.005564 0.005743 0.005512 0.005695 0.006439 0.007399 
0.719492 0.005332 1.084780 0.004560 0.009045 0.015371 0.005681 0.006253 
0.256624 0.517192 0.783404 0.009592 0.007952 0.007387 0.013206 0.014813 
0.007001 1.392559 1.086414 0.006147 0.007591 0.007017 0.013607 0.007244 
0.371685 0.007597 2.211893 0.005230 0.007583 0.006758 0.006283 0.006156 
0.007539 0.676917 1.995499 0.010584 0.025732 0.011311 0.011556 0.009676 
0.005548 0.004956 5.557332 0.005168 0.005010 0.006740 0.008728 0.008042 
0.680817 0.006239 0.006090 1.266509 0.040773 0.007658 0.033666 0.013120 
0.254870 0.513891 0.007346 0.998225 0.016052 0.017923 0.007047 0.007647 
0.006654 1.367721 0.005401 1.379100 0.016595 0.016627 0.005964 0.008155 
0.284003 0.006283 0.829611 1.074422 0.007034 0.008788 0.006704 0.006736 
0.007269 0.538027 0.834071 1.067089 0.006994 0.008475 0.009795 0.008771 
0.006723 0.006260 2.306839 1.427327 0.006681 0.010816 0.007371 0.011258 
0.324462 0.010629 0.019383 2.502435 0.015822 0.008181 0.031847 0.013127 
0.007339 0.644410 0.025546 2.490761 0.017859 0.008323 0.031965 0.013375 
0.006276 0.006264 1.123375 2.746116 0.034828 0.011211 0.006684 0.016521 
0.005825 0.006187 0.005384 7.349626 0.007850 0.005961 0.006446 0.008492 
0.637117 0.010586 0.027190 0.016399 1.584864 0.004917 0.011392 0.010715 
0.266261 0.527181 0.006615 0.011440 1.323875 0.007548 0.008524 0.006586 
0.010442 1.198178 0.020029 0.038169 1.543176 0.008727 0.010410 0.006657 
0.265473 0.007867 0.795465 0.014310 1.322592 0.008928 0.006871 0.008283 
0.008090 0.542764 0.797232 0.015460 1.339012 0.010118 0.008061 0.009475 
0.015812 0.019238 1.861956 0.004391 1.548405 0.015146 0.005386 0.006032 
0.266056 0.013073 0.006431 1.032941 1.351822 0.005801 0.006628 0.009815 
0.007655 0.495075 0.016107 0.970096 1.281854 0.007129 0.032059 0.013881 
0.005038 0.005589 0.835048 1.007874 1.349662 0.006006 0.005858 0.007619 
0.013018 0.020324 0.037510 2.276421 1.490590 0.007243 0.014469 0.006371 
0.344660 0.006520 0.018733 0.011930 3.421186 0.017190 0.006862 0.013221 
0.006619 0.668999 0.019121 0.012033 3.361399 0.006786 0.033127 0.009477 
0.005216 0.007495 1.043050 0.005495 3.436989 0.029164 0.011418 0.005428 
0.010681 0.013812 0.016742 1.317933 3.256056 0.008142 0.025290 0.009518 
0.005878 0.006276 0.005254 0.005121 9.321701 0.005135 0.005869 0.005599 
0.521890 0.012809 0.021068 0.038078 0.060507 1.565376 0.033233 0.006276 
0.211458 0.416183 0.039446 0.049212 0.011050 1.216443 0.029702 0.007474 
0.008553 1.054966 0.021449 0.038507 0.060885 1.565553 0.033729 0.006661 
0.209421 0.007463 0.638654 0.027820 0.097078 1.227501 0.028949 0.010307 
0.006923 0.462613 0.749849 0.051627 0.012695 1.350995 0.013094 0.007100 
0.006122 0.013464 2.092565 0.008450 0.006159 2.058767 0.023728 0.010057 
0.266487 0.012877 0.006862 0.983371 0.014014 1.537594 0.007506 0.008833 
0.010101 0.516190 0.011353 1.050240 0.019046 1.611345 0.011187 0.047199 
0.007100 0.006199 0.799234 1.026804 0.006235 1.521445 0.011708 0.005939 
0.014441 0.015184 0.028561 2.682456 0.014324 2.030932 0.013206 0.016765 
0.258605 0.012299 0.006725 0.016997 1.235015 1.537471 0.007383 0.008709 
0.008464 0.513517 0.007357 0.006676 1.335443 1.551647 0.006849 0.038202 
0.006986 0.016685 0.683640 0.025509 1.146999 1.343946 0.029644 0.018697 
0.010028 0.013014 0.016164 0.925292 1.262280 1.495474 0.008914 0.010135 
0.006484 0.006485 0.011128 0.008337 3.584362 2.163620 0.024041 0.009465 
0.308476 0.014802 0.018629 0.027743 0.008553 3.543820 0.027346 0.012567 
0.006741 0.626954 0.021851 0.025366 0.011045 3.656530 0.040080 0.008426 
0.004871 0.013481 1.018010 0.013681 0.017767 4.019113 0.006102 0.005867 
0.008520 0.014221 0.022329 1.169824 0.010272 3.750906 0.028794 0.007366 
0.008593 0.014809 0.018805 0.033293 1.365049 3.220668 0.087188 0.011202 
0.005001 0.005685 0.004706 0.007258 0.005220 11.078993 0.005520 0.006401 
0.713124 0.006293 0.006481 0.012909 0.007083 0.011910 2.602856 0.011371 
0.258210 0.525039 0.016726 0.008006 0.010054 0.008650 1.877846 0.010843 
0.009133 1.439741 0.007857 0.009431 0.008960 0.009887 2.646203 0.008055 
0.269024 0.007306 0.780898 0.008759 0.007643 0.012918 1.901070 0.008206 
0.006288 0.513131 0.749081 0.023371 0.010485 0.006975 1.824866 0.012489 
0.006040 0.006906 2.218283 0.007585 0.007162 0.008037 2.643748 0.008910 
0.277434 0.005973 0.009038 1.032409 0.007380 0.006796 1.925866 0.008174 
0.006362 0.514086 0.009131 1.023650 0.007553 0.012286 1.926154 0.008462 
0.007277 0.011892 0.749856 0.947250 0.011819 0.020920 1.798627 0.008693 
0.013888 0.019369 0.027507 2.244801 0.014571 0.018894 2.068854 0.008455 
0.247025 0.006404 0.010000 0.010198 1.185457 0.020102 1.761296 0.006461 
0.010241 0.485900 0.017181 0.014632 1.255687 0.009465 1.763017 0.016981 
0.007561 0.012688 0.751244 0.014252 1.237397 0.010999 1.795877 0.008004 
0.010165 0.013434 0.010808 0.933608 1.229703 0.007759 1.826474 0.016179 
0.007181 0.008763 0.007145 0.007156 3.664740 0.014254 2.660652 0.010052 
0.242759 0.009427 0.013464 0.025874 0.009757 1.364664 1.759940 0.008288 
0.007744 0.477158 0.010941 0.011107 0.012450 1.428147 1.778819 0.005876 
0.009992 0.012953 0.706119 0.032158 0.006631 1.389240 1.712711 0.010214 
0.006802 0.023692 0.015681 0.900959 0.013900 1.416952 1.780220 0.007276 
0.008205 0.028463 0.017312 0.008513 1.175257 1.435975 1.771258 0.012649 
0.010051 0.015577 0.021588 0.039053 0.095163 2.992734 1.825929 0.006657 
0.306944 0.015083 0.014485 0.028408 0.009781 0.013645 4.424651 0.016121 
0.007254 0.649568 0.015235 0.008160 0.007281 0.013751 4.844079 0.006491 
0.011394 0.014185 0.964074 0.004572 0.005615 0.011308 4.709070 0.008525 
0.011799 0.014955 0.039093 1.224043 0.014052 0.008508 4.445249 0.011364 
0.009855 0.012791 0.006234 0.038178 1.490468 0.021198 4.327265 0.011169 
0.009054 0.014009 0.015559 0.021196 0.038136 1.727801 4.200253 0.038487 
0.004799 0.004671 0.004653 0.004725 0.004712 0.004654 13.641566 0.006708 
1.064476 0.033011 0.009774 0.005836 0.005826 0.005954 0.006791 4.410480 
0.263510 0.527273 0.040274 0.069006 0.119864 0.027848 0.205451 2.003370 
0.017389 1.529900 0.055935 0.018402 0.075419 0.022790 0.019628 3.196929 
0.353098 0.014177 1.085661 0.006687 0.005558 0.006644 0.006556 3.230094 
0.014208 0.579290 0.893182 0.011844 0.131356 0.133415 0.143653 2.424176 
0.014617 0.019807 2.431381 0.012029 0.071512 0.008150 0.052391 3.348192 
0.263801 0.057977 0.033205 0.932818 0.138599 0.046949 0.155472 2.057563 
0.014049 0.910747 0.008449 1.760278 0.021774 0.009102 0.005813 3.664829 
0.028291 0.026341 1.335365 1.764249 0.037624 0.024091 0.021366 3.679842 
0.007982 0.010805 0.031814 3.009627 0.064623 0.083572 0.007636 3.195569 
0.408775 0.008298 0.030998 0.027170 2.090793 0.030147 0.027081 3.426148 
0.012901 0.855520 0.012537 0.030883 2.195459 0.039005 0.008819 3.447103 
0.010937 0.007763 1.348819 0.027199 2.090944 0.030136 0.027109 3.426176 
0.015398 0.024094 0.008958 1.545855 2.086436 0.030697 0.026962 3.466502 
0.005421 0.005439 0.008755 0.005422 5.908094 0.013779 0.006603 4.911206 
0.355903 0.009175 0.028775 0.093937 0.129159 1.928346 0.028149 2.716041 
0.027806 0.469919 0.065046 0.083664 0.110668 1.322779 0.163203 1.909183 
0.014578 0.007931 1.089191 0.093378 0.126870 1.928127 0.027394 2.683008 
0.009435 0.013908 0.015600 1.312829 0.005454 1.953423 0.005383 3.187197 
0.011784 0.037879 0.021265 0.016262 1.573574 1.944602 0.011789 3.225769 
0.005782 0.006069 0.005454 0.007723 0.009385 6.797700 0.018464 4.785815 
0.337412 0.006215 0.024819 0.090249 0.123728 0.029396 2.336990 2.703020 
0.016012 0.645514 0.041875 0.034593 0.080011 0.069786 2.348637 2.766044 
0.011149 0.009978 1.011166 0.084738 0.167424 0.006951 2.338139 2.680149 
0.030049 0.055624 0.084414 0.930033 0.073163 0.060369 1.773137 2.031933 
0.024597 0.037671 0.058651 0.043949 1.335890 0.094531 1.946994 2.067434 
0.019441 0.032048 0.043506 0.026291 0.096719 1.736475 2.354367 2.486955 
0.006476 0.007639 0.006424 0.009794 0.006965 0.018663 8.129432 4.676873 
0.296388 0.064959 0.078059 0.117439 0.115879 0.025139 0.113341 4.456783 
0.019234 0.727697 0.044120 0.040627 0.132812 0.045403 0.204188 5.740184 
0.013301 0.019869 1.134929 0.103899 0.128195 0.078145 0.146374 6.179691 
0.028469 0.048643 0.024799 1.611554 0.013255 0.149466 0.114177 6.514549 
0.024017 0.044299 0.065008 0.083658 1.388835 0.129199 0.187733 4.561609 
0.025198 0.031738 0.040793 0.055371 0.032934 2.263104 0.247453 6.135039 
0.012045 0.019721 0.065548 0.032844 0.146683 0.060059 3.234736 7.397150 
0.021729 0.032914 0.076600 0.044030 0.084787 0.070763 0.139962 13.854425 
0.331360 0.079785 0.117194 0.142014 0.186315 0.200110 0.266090 0.337277 
0.164291 0.325679 0.111852 0.146016 0.140831 0.197948 0.265289 0.174862 
0.036487 0.644942 0.101396 0.147445 0.191488 0.226473 0.308614 0.300193 
0.168550 0.056766 0.497200 0.138280 0.193635 0.170168 0.245864 0.228994 
0.035339 0.343418 0.517216 0.150479 0.142393 0.227565 0.227482 0.337131 
0.041934 0.074646 0.942155 0.149688 0.181744 0.180336 0.308538 0.273692 
0.205438 0.058240 0.075033 0.735919 0.208755 0.207265 0.322766 0.293176 
0.023301 0.332232 0.104818 0.753979 0.208838 0.244158 0.193113 0.336552 
0.050492 0.073061 0.540043 0.760359 0.209736 0.224924 0.288147 0.294155 
0.044477 0.079555 0.121809 1.209239 0.195031 0.192527 0.277983 0.333923 
0.184055 0.092104 0.085794 0.126396 0.886671 0.232142 0.293647 0.188478 
0.031481 0.341083 0.093437 0.145786 0.854094 0.216533 0.314308 0.279703 
0.037519 0.062780 0.540306 0.106840 0.852393 0.218953 0.313925 0.258770 
0.042375 0.071558 0.092523 0.684945 0.894906 0.224402 0.272501 0.353747 
0.042665 0.075593 0.107987 0.174269 1.544648 0.240898 0.280903 0.186325 
0.185319 0.088870 0.082219 0.138487 0.144499 1.020439 0.286204 0.282380 
0.046247 0.357823 0.078838 0.133443 0.139588 1.066662 0.283380 0.281615 
0.038287 0.054837 0.579071 0.130414 0.202648 1.066537 0.296994 0.375689 
0.039125 0.073448 0.098453 0.657902 0.187400 0.995829 0.317957 0.347266 
0.042074 0.084652 0.115927 0.174315 0.781597 0.867068 0.240182 0.198155 
0.048740 0.082790 0.123901 0.138251 0.199043 1.891299 0.206883 0.339856 
0.192771 0.053458 0.105076 0.106447 0.197733 0.208626 1.388246 0.379171 
0.050383 0.371880 0.118835 0.112996 0.206984 0.230974 1.401442 0.386843 
0.036994 0.064592 0.561863 0.115117 0.191488 0.221371 1.371697 0.385944 
0.038356 0.080721 0.108064 0.697880 0.132754 0.228260 1.212276 0.277455 
0.040503 0.084814 0.115688 0.065366 0.914610 0.204270 1.273113 0.386633 
0.044864 0.081384 0.111411 0.165360 0.139935 1.151122 1.289677 0.181578 
0.045515 0.079519 0.122504 0.159390 0.149374 0.164610 2.483619 0.245046 
0.233458 0.100057 0.099127 0.161226 0.263977 0.213952 0.308835 1.746672 
0.032805 0.397454 0.200401 0.169061 0.277283 0.204276 0.359829 1.624330 
0.052860 0.092319 0.720103 0.186892 0.265591 0.192206 0.301941 1.950148 
0.045097 0.092603 0.115295 0.829510 0.264060 0.277804 0.306851 1.728388 
0.044750 0.097443 0.134726 0.195669 1.068757 0.239413 0.314642 1.768436 
0.056754 0.106233 0.134093 0.201477 0.187980 1.080860 0.361146 1.720118 
0.056772 0.102768 0.143066 0.188314 0.181075 0.257660 1.899183 2.028261 
0.052820 0.110416 0.132860 0.201272 0.187653 0.201178 0.253494 3.387225 
