0.234587 0.265562 0.104663 0.022086 0.057942 0.244341 0.060889 0.157843 0.396701 0.030472 
0.107309 0.685585 0.061559 0.065070 0.099290 0.274679 0.097925 0.327155 0.559870 0.069186 
0.094028 0.196559 0.476662 0.021333 0.080575 0.125966 0.048197 0.133303 0.555102 0.025366 
0.021461 0.436933 0.427535 0.038492 0.077611 0.197825 0.058433 0.139438 0.558692 0.028956 
0.025437 0.319716 0.733075 0.016376 0.080540 0.391600 0.031301 0.060034 0.491186 0.031325 
0.218238 0.066638 0.074993 0.304866 0.084326 0.200555 0.065791 0.144126 0.687746 0.034718 
0.101329 0.249417 0.078835 0.310622 0.083485 0.195623 0.066310 0.153313 0.517915 0.037452 
0.023849 0.546893 0.073129 0.278174 0.093508 0.214391 0.068177 0.105376 0.517363 0.027671 
0.019060 0.295216 0.288970 0.290676 0.076972 0.197273 0.057788 0.138845 0.558404 0.017562 
0.125075 0.131370 0.070763 0.556673 0.065537 0.250030 0.077834 0.163644 0.478054 0.039554 
0.093123 0.227111 0.049620 0.539885 0.075922 0.189255 0.149843 0.058022 0.481787 0.037167 
0.038047 0.085358 0.653881 0.621348 0.097055 0.218048 0.078788 0.129175 0.431032 0.044002 
0.226682 0.043332 0.019880 0.019202 0.575733 0.153258 0.225880 0.130134 0.504759 0.032981 
0.024664 0.512169 0.063665 0.012778 0.650425 0.217094 0.080781 0.073461 0.500164 0.022262 
0.127596 0.048122 0.531345 0.032024 0.521282 0.253399 0.071599 0.059991 0.468774 0.049257 
0.015694 0.192740 0.447923 0.010940 0.441982 0.196376 0.085275 0.133529 0.467780 0.017973 
0.018592 0.040612 1.300269 0.017835 0.494451 0.183379 0.088863 0.054767 0.511314 0.024990 
0.016537 0.260502 0.035326 0.278425 0.662440 0.211792 0.062196 0.071276 0.497719 0.020072 
0.057416 0.103564 0.031914 0.615117 0.471677 0.176321 0.087797 0.114495 0.557487 0.048908 
0.100012 0.191622 0.052705 0.031549 1.017832 0.221920 0.078699 0.153464 0.630760 0.045765 
0.060233 0.097345 0.045697 0.261780 1.037869 0.251618 0.081178 0.176860 0.522104 0.046962 
0.015207 0.079755 0.178554 0.014443 2.019569 0.231946 0.070287 0.052924 0.447465 0.019956 
0.270153 0.060608 0.040781 0.017015 0.037840 1.293428 0.041179 0.152670 0.418269 0.020084 
0.115223 0.217831 0.044821 0.048861 0.024823 1.095644 0.084341 0.137011 0.570960 0.037596 
0.095538 0.068672 0.464628 0.030841 0.049152 1.263312 0.098765 0.096768 0.519034 0.034620 
0.014404 0.039597 0.934211 0.024757 0.048918 1.286294 0.066243 0.051153 0.479388 0.021167 
0.143751 0.034058 0.036668 0.319435 0.051810 1.202230 0.146004 0.055660 0.481609 0.030312 
0.027033 0.294527 0.030127 0.247856 0.038373 1.265979 0.058321 0.153489 0.420000 0.021099 
0.019821 0.046279 0.414923 0.278940 0.042455 2.306645 0.103083 0.091630 0.027017 0.166533 
0.159055 0.071826 0.079017 0.052642 0.549044 1.171271 0.108626 0.185849 0.512764 0.061934 
0.027889 0.074090 0.344849 0.009803 0.315723 1.061331 0.046724 0.117917 0.409079 0.018273 
0.040556 0.016223 0.018242 0.275566 0.536408 1.126277 0.066787 0.142747 0.482998 0.020480 
0.014238 0.057513 0.110942 0.015722 1.144294 1.179036 0.016837 0.132608 0.612323 0.035354 
0.155139 0.039897 0.029388 0.016648 0.027011 2.488462 0.052099 0.131145 0.493161 0.030970 
0.021408 0.360498 0.027952 0.016921 0.027394 2.564513 0.053563 0.137901 0.395746 0.019604 
0.012102 0.128876 0.265076 0.016118 0.033969 1.611322 0.052809 0.282532 0.533493 0.024137 
0.015750 0.045543 0.087890 0.321999 0.028435 2.533773 0.064061 0.106926 0.414803 0.042360 
0.017466 0.077602 0.149688 0.016977 0.380042 1.636179 0.059909 0.124153 0.822360 0.018996 
0.021707 0.030586 0.016651 0.014636 0.113524 4.503112 0.082000 0.086092 0.528410 0.016634 
0.447831 0.112340 0.105320 0.033058 0.096167 0.036445 0.765904 0.235674 0.044531 0.046661 
0.176327 0.473894 0.096561 0.023708 0.087007 0.027286 0.756745 0.226515 0.035372 0.037501 
0.034578 0.659456 0.029249 0.013514 0.051156 0.118430 0.725193 0.146247 0.502564 0.023462 
0.147344 0.038394 0.644425 0.021742 0.027394 0.160657 0.653944 0.066615 0.518061 0.031276 
0.013218 0.269432 0.553192 0.015330 0.029727 0.162674 0.640688 0.049025 0.504039 0.024956 
0.095710 0.112697 0.039332 0.340154 0.055841 0.154227 0.683881 0.140952 0.520513 0.024217 
0.019395 0.272131 0.044407 0.445289 0.070644 0.187727 0.643009 0.078086 0.515978 0.026286 
0.053453 0.056934 0.468311 0.488292 0.093556 0.224426 0.668053 0.109383 0.497051 0.054407 
0.023659 0.047518 0.157805 0.707486 0.065149 0.181352 0.546018 0.137033 0.459579 0.039278 
0.137368 0.047912 0.038930 0.028345 0.680600 0.121037 0.960424 0.178678 0.559747 0.032882 
0.033988 0.357152 0.058380 0.023163 0.467353 0.166159 0.726082 0.086982 0.538178 0.025369 
0.020345 0.022027 0.540857 0.019069 0.724365 0.063701 0.940002 0.169072 0.557944 0.023606 
0.016256 0.064045 0.136579 0.210942 0.631401 0.149383 0.613095 0.114766 0.472792 0.030573 
0.023733 0.041145 0.127850 0.021984 1.487951 0.176891 0.640808 0.056743 0.451283 0.023775 
0.122870 0.035835 0.023084 0.020990 0.035907 1.674713 0.550031 0.155288 0.479926 0.018159 
0.023800 0.300950 0.025726 0.018690 0.019614 1.680904 0.544416 0.210583 0.431803 0.043168 
0.022606 0.052747 0.090444 0.350329 0.035587 1.369091 0.610632 0.113129 0.422905 0.031252 
0.089355 0.132522 0.040612 0.021343 0.034384 0.507321 0.989179 0.148246 0.520223 0.029490 
0.029771 0.229117 0.435807 0.026890 0.059472 0.128796 1.091500 0.157614 0.498950 0.040695 
0.054834 0.081022 0.249943 0.035397 0.810683 0.149176 1.169180 0.035665 0.484666 0.049411 
0.039720 0.043068 0.150918 0.025132 0.036651 1.148286 1.445750 0.155990 0.512207 0.028586 
0.037562 0.024299 0.119895 0.023622 0.028177 0.336192 3.200319 0.109926 0.535525 0.285967 
0.297456 0.074044 0.039602 0.044194 0.027304 0.159053 0.101999 1.255656 0.488409 0.036219 
0.191802 0.288285 0.028044 0.026877 0.064181 0.110539 0.069831 1.225758 0.526029 0.028507 
0.058847 0.678633 0.044571 0.039710 0.074835 0.188805 0.071449 1.259908 0.515082 0.054506 
0.143517 0.067834 0.032733 0.330115 0.061209 0.156989 0.241673 1.050816 0.511028 0.032262 
0.023259 0.055729 0.533799 0.356118 0.052767 0.164631 0.025741 1.058888 0.528636 0.103763 
0.033387 0.047620 0.157755 0.590531 0.063956 0.169780 0.066086 1.132848 0.510084 0.024424 
0.039256 0.347865 0.039254 0.036759 0.702268 0.143098 0.074525 1.075635 0.526721 0.056281 
0.016505 0.018108 0.533876 0.015648 0.685532 0.169006 0.060772 1.035503 0.523544 0.017963 
0.190314 0.055157 0.027712 0.026109 0.060320 1.578162 0.062126 1.305057 0.059277 0.032362 
0.040672 0.057556 0.401902 0.045690 0.050189 0.884593 0.076348 0.626101 0.575836 0.042498 
0.055693 0.033655 0.018935 0.371902 0.042318 1.603859 0.064279 1.327219 0.029461 0.057931 
0.017310 0.016095 0.067073 0.032947 0.579556 1.301702 0.045437 1.120977 0.494635 0.022157 
0.022428 0.015091 0.014706 0.037925 0.040865 3.139448 0.043706 1.045833 0.501933 0.015962 
0.027476 0.148887 0.332923 0.038655 0.050549 0.111251 0.457720 1.049879 0.538425 0.025616 
0.014529 0.049168 0.096641 0.130390 0.422518 0.102747 0.410373 1.126026 0.501121 0.021765 
0.051331 0.025215 0.175280 0.019750 0.036994 0.915178 0.382624 1.096636 0.502718 0.026251 
0.117927 0.035578 0.254713 0.020986 0.034125 0.068723 0.036819 2.239963 0.547359 0.043580 
0.010680 0.013182 0.587020 0.008641 0.223604 0.082841 0.040653 2.319524 0.502005 0.019395 
0.060201 0.214762 0.079273 0.325404 0.089620 0.140774 0.088399 2.367205 0.427177 0.061320 
0.024840 0.208524 0.031396 0.020993 0.506316 0.114890 0.044194 2.207830 0.619949 0.042993 
0.226641 0.057610 0.031371 0.034869 0.060470 0.140614 0.046638 0.079496 3.319937 0.031223 
0.114486 0.228995 0.080490 0.022738 0.037843 0.058806 0.043409 0.133220 3.490419 0.024381 
0.095666 0.032782 0.397624 0.028367 0.053374 0.148726 0.046840 0.082347 2.877849 0.029240 
0.022399 0.153627 0.356130 0.017733 0.052809 0.125998 0.056679 0.073949 3.424538 0.025858 
0.014357 0.042780 0.962006 0.013844 0.051196 0.158336 0.047108 0.050320 2.821655 0.020437 
0.175971 0.085131 0.087837 0.223399 0.099429 0.175278 0.085219 0.091041 2.885815 0.063990 
0.048439 0.051570 0.421501 0.358243 0.081054 0.188987 0.072642 0.079898 2.851232 0.050015 
0.041777 0.060281 0.154382 0.540659 0.065902 0.162095 0.061217 0.103786 3.048886 0.058330 
0.019345 0.277678 0.040012 0.013047 0.350941 0.121333 0.049165 0.071161 3.318225 0.022536 
0.027403 0.037447 0.084341 0.282898 0.541488 0.157797 0.045214 0.067136 3.038407 0.047929 
0.026946 0.142646 0.023353 0.023556 1.120735 0.134043 0.067802 0.096927 2.884636 0.029826 
0.083135 0.036172 0.040458 0.032287 0.216248 1.040693 0.065636 0.099148 3.371826 0.040077 
0.014342 0.202658 0.016410 0.012546 0.022022 1.395240 0.040718 0.061677 3.362673 0.022622 
0.027997 0.045922 0.079159 0.177244 0.035330 1.094563 0.053357 0.046729 3.006043 0.035913 
0.013292 0.033788 0.063769 0.013041 0.582166 1.252378 0.014409 0.036430 2.756300 0.019664 
0.116195 0.036354 0.017250 0.019288 0.032843 0.229473 0.353597 0.081623 3.475346 0.022002 
0.015138 0.337367 0.022496 0.011701 0.030203 0.080829 0.289000 0.107506 3.494355 0.017872 
0.036844 0.050351 0.116900 0.395744 0.046660 0.120765 0.414843 0.100988 3.046087 0.055532 
0.164951 0.054827 0.037732 0.039980 0.056684 0.108550 0.047665 0.702066 3.329735 0.041118 
0.035229 0.060559 0.555047 0.035082 0.063409 0.101464 0.055788 0.685388 3.324453 0.045123 
0.019687 0.089365 0.025898 0.259596 0.038010 0.046361 0.030740 1.291225 3.353087 0.045790 
0.022346 0.028168 0.145582 0.099074 0.361065 0.088582 0.043127 0.681941 3.312153 0.031345 
0.019056 0.029352 0.046830 0.045604 0.019519 0.442022 0.395212 0.663404 3.000301 0.030171 
0.018993 0.185987 0.194453 0.021576 0.039974 0.022582 0.039905 0.085418 5.368758 0.018539 
0.013948 0.009085 0.295918 0.008533 0.300958 0.100440 0.031731 0.055043 5.293994 0.018096 
0.030791 0.043273 0.064980 0.217089 0.039920 0.417977 0.047180 0.122734 5.614242 0.035939 
0.039920 0.089062 0.032297 0.014123 0.329501 0.079218 0.030287 0.063208 5.329089 0.026871 
0.010424 0.032925 0.061987 0.009937 0.126339 0.949067 0.024713 0.063227 4.896313 0.051169 
0.355624 0.075934 0.091291 0.013144 0.077399 0.205435 0.075970 0.115318 0.539641 1.778618 
0.179806 0.296413 0.117040 0.065494 0.107314 0.114054 0.086728 0.212125 0.537289 2.047303 
0.137929 0.076508 0.785749 0.026164 0.089910 0.232664 0.033468 0.137410 0.429488 1.801612 
0.057267 0.386046 0.666181 0.055209 0.054744 0.201923 0.055774 0.147104 1.295366 2.828104 
0.042721 0.034794 1.278272 0.032823 0.493623 0.103183 0.096382 0.170418 0.512128 1.979599 
0.018028 0.031281 0.512488 0.546792 0.063154 0.230755 0.046066 0.196486 0.491983 1.972250 
0.028047 0.036164 0.368297 0.895040 0.075591 0.243414 0.058564 0.208774 0.509017 1.984797 
0.155469 0.161193 0.032135 0.028724 0.824269 0.238572 0.103304 0.160095 0.465327 2.025514 
0.046539 0.503138 0.033549 0.029934 0.811260 0.204915 0.104599 0.159570 0.466537 2.026723 
0.038166 0.059225 0.845979 0.037402 0.830723 0.215070 0.097169 0.167086 0.473981 2.040614 
0.022426 0.328637 0.027589 0.016591 0.017159 1.826034 0.114603 0.128224 0.948287 1.950881 
0.012932 0.042019 0.080913 0.290848 0.024789 2.604197 0.060634 0.092492 0.401370 1.917171 
0.127126 0.034381 0.042277 0.164387 0.026078 0.379503 0.604330 0.212936 0.503954 1.777946 
0.027417 0.225015 0.464936 0.036999 0.063265 0.122509 0.604252 0.212137 0.506492 1.539890 
0.147734 0.239976 0.098083 0.057094 0.043631 0.089121 0.069805 1.099426 0.535612 2.045347 
0.025157 0.196989 0.034871 0.021361 0.031500 1.310394 0.051658 1.024917 0.957721 1.761424 
0.173050 0.040063 0.019416 0.022168 0.042067 0.304550 0.035960 0.081493 3.178661 1.836816 
0.072053 0.050352 0.039968 0.032529 0.564306 0.108823 0.313417 0.101386 3.305211 2.202420 
0.033325 0.076473 0.029802 0.083349 0.034264 0.997197 0.051512 0.085302 2.926776 1.781929 
0.046368 0.027231 1.376389 0.022438 0.059304 0.208393 0.053659 0.177475 0.515826 10.980466 
0.125490 0.033055 0.031481 0.011693 1.091731 0.012279 0.556401 0.162210 0.466257 8.764573 
0.077765 0.213584 0.043034 0.021193 0.044148 1.707975 0.083215 0.062517 0.579945 4.700277 
0.035261 0.049678 0.027258 0.232762 0.039578 0.998381 0.060436 2.695005 0.030610 14.542335 
0.014072 0.009918 0.907652 0.017594 0.361838 0.135693 0.206260 0.342487 0.501987 0.031131 
0.206432 0.062182 0.034880 0.602121 0.102499 0.250955 0.067529 0.087013 0.529875 0.035469 
0.035704 0.508433 0.034972 0.478591 0.064999 0.217515 0.069567 0.128931 0.514673 0.104913 
0.021980 0.071248 0.775525 0.513332 0.065696 0.230766 0.027132 0.103709 0.527061 0.102188 
0.061730 0.094131 0.483480 1.119040 0.127671 0.181203 0.096473 0.154920 0.460955 0.099396 
0.239366 0.056682 0.047979 0.044797 0.899673 0.305848 0.097855 0.197359 0.554509 0.063931 
0.044488 0.457248 0.044376 0.041069 0.929595 0.249208 0.093928 0.193693 0.550646 0.060068 
0.017710 0.105612 0.237450 0.287947 0.039832 1.186684 0.081396 0.072667 0.526648 0.162267 
0.137433 0.042232 0.050465 0.175313 0.033904 0.395251 0.637376 0.225852 0.524703 0.035064 
0.029006 0.270219 0.051153 0.175960 0.034529 0.395720 0.637796 0.226794 0.525253 0.035440 
0.054357 0.124523 0.425711 0.046583 0.117714 0.176304 0.623731 0.132910 0.472281 0.047563 
0.066077 0.077002 0.277706 0.486366 0.092845 0.226839 0.667328 0.108950 0.496427 0.055701 
0.063131 0.116107 0.196511 0.278944 0.752567 0.154149 0.692728 0.100010 0.519064 0.077274 
0.189543 0.079297 0.027965 0.042644 0.049477 0.123070 0.188138 1.959625 0.505989 0.027250 
0.039147 0.377189 0.058257 0.031680 0.051626 0.821916 0.067361 1.213617 0.486159 0.038052 
0.042175 0.037714 0.747680 0.037050 0.297530 0.076484 0.168315 1.604901 0.497269 0.052861 
0.020368 0.142548 0.025224 0.164658 0.032853 1.219709 0.051579 1.177192 0.476565 0.021576 
0.143009 0.042522 0.026923 0.029003 0.044222 0.675625 0.046303 0.079161 3.319581 0.030981 
0.020742 0.095696 0.022463 0.019946 0.719869 0.091784 0.301049 0.114285 3.505026 0.028543 
0.159532 0.049095 0.052675 0.219632 0.030527 0.513752 0.086714 0.215104 0.503405 1.777397 
0.019183 0.028088 0.922521 0.013355 0.401044 0.072771 0.209312 0.179078 0.533808 1.958701 
0.023697 0.032653 0.322294 0.023535 0.870250 0.163769 0.056920 0.059247 2.752106 2.149070 
0.102348 0.070020 0.051228 0.049207 0.155777 1.964704 0.086450 0.690451 0.496206 2.005620 
0.095139 0.076406 0.065480 0.064307 0.126140 1.176094 0.093936 2.465971 0.512513 2.021255 
