1.186248 4.594986 1.005285 1.007823 1.010085 1.012817 1.014633 0.997651 
1.004811 4.237768 1.125944 1.188336 1.235359 1.274215 1.338439 0.943647 
2.210104 1.001622 3.332021 1.005877 1.007926 1.011068 1.011703 0.998996 
2.090479 1.004071 3.124001 1.103525 1.110300 1.306781 1.174735 0.970917 
1.287341 2.560627 3.755397 1.007156 1.009981 1.012073 1.014056 0.997662 
0.996308 2.859903 3.916933 1.052493 1.047298 1.222788 1.072786 0.988109 
1.129514 0.998705 6.585563 1.004696 1.006856 1.007829 1.009720 0.998448 
0.996113 1.259466 6.528268 1.031986 1.018761 1.022836 1.027795 0.995608 
2.163405 1.000555 1.002112 4.286190 1.011541 1.014061 1.016492 0.997296 
2.089615 1.002664 1.014789 4.184856 1.086381 1.104082 1.131848 0.979019 
1.259148 2.447161 1.001538 5.018170 1.009247 1.011578 1.016439 0.998312 
0.943527 2.276844 1.022638 4.729999 1.397836 1.408812 1.523004 1.135391 
1.187479 0.998524 3.563262 4.795796 1.009350 1.009278 1.011353 0.998448 
0.997714 1.012449 3.813652 5.118921 1.022532 1.027847 1.033081 0.996709 
1.098705 0.998538 0.998580 8.574033 1.007375 1.010174 1.010060 0.998653 
0.999260 0.991911 1.285585 8.471039 1.032956 1.042356 1.048987 0.992175 
2.133697 1.000268 1.001421 1.002773 5.283018 1.009924 1.012247 0.998225 
2.085193 1.000709 1.004720 1.091665 5.232090 1.036155 1.043375 1.092934 
1.234803 2.409438 1.001436 1.005323 6.227166 1.017104 1.018312 0.997005 
0.985213 1.950871 0.994980 3.466459 5.202041 1.097245 1.118409 0.980529 
1.181665 0.998243 3.537675 1.002724 5.816233 1.010921 1.013456 0.997919 
0.996012 0.912116 3.496056 1.143509 4.711050 1.485235 1.621198 0.896708 
1.166198 0.996151 0.996540 4.558090 5.635344 1.024098 1.028303 0.995533 
0.978961 0.963603 0.994808 4.721633 5.760328 1.183648 1.222073 0.964472 
1.031340 0.961603 0.963277 0.965128 10.159746 1.202346 1.249088 0.958520 
0.959949 0.945297 1.124786 0.959854 9.969572 1.295120 1.335463 0.944162 
2.120131 1.000239 1.001702 1.001761 1.001948 6.247750 1.006787 0.998937 
2.138897 1.000352 1.002202 1.002626 1.003180 6.117971 1.010575 0.998305 
1.253205 2.426525 1.002676 1.004133 1.006558 7.092002 1.026049 0.995821 
0.942902 2.427755 1.024957 1.072835 1.125555 6.755537 1.570644 0.935100 
1.182754 0.998485 3.422431 1.001988 1.002955 7.015192 1.012287 0.998028 
1.177529 0.994465 3.395042 1.006795 1.010253 6.995286 1.041886 0.993094 
1.095322 0.954632 0.959163 4.356355 1.085821 6.398530 1.321682 0.946396 
0.954537 0.950967 1.383841 4.416236 1.079192 6.413327 1.295507 0.950751 
1.013241 0.907986 0.915794 0.924144 5.261693 6.187494 1.631089 0.895254 
1.074841 0.969418 0.972491 0.973495 5.282669 6.883953 1.207223 0.965939 
0.970582 0.895626 0.901784 0.909817 0.916343 11.545734 1.688786 0.885240 
0.934763 0.885035 0.998401 0.905224 0.912967 11.451711 1.734704 0.877587 
2.304692 1.000740 1.003114 1.003318 1.004649 1.007611 5.798918 0.998198 
2.150526 1.008484 1.034653 1.107977 1.088362 1.117016 5.673960 0.961114 
1.347025 2.639832 1.002015 1.003749 1.005281 1.006774 6.757155 0.998039 
0.966763 3.042085 1.084546 1.108891 1.157626 1.214957 5.871835 0.925530 
1.256877 0.983792 3.708274 1.031968 1.046807 1.061136 6.336197 0.977414 
1.296015 0.991016 3.691396 1.018835 1.027492 1.035409 6.329715 0.986952 
0.946927 1.997028 2.952483 1.120011 1.171405 1.231651 5.267097 0.926382 
0.963094 1.988877 3.205100 1.088251 1.120741 1.160281 5.223692 0.949632 
0.974759 0.832402 0.862394 4.118794 1.419822 1.636370 5.451869 0.788243 
0.931217 0.814237 0.841194 3.924922 1.460524 1.717433 5.511040 0.758138 
0.841708 0.740738 0.790428 0.856830 4.931058 1.978408 5.259951 0.678661 
1.226897 0.899015 0.953901 1.018973 4.481247 1.600417 4.907478 0.815977 
0.814213 0.718208 0.778272 0.868321 0.975724 6.178021 5.583703 0.646441 
1.343759 0.979452 0.981387 1.070417 1.010807 6.652302 4.950046 1.062876 
0.514537 0.544734 0.591180 1.112714 3.585784 4.639890 3.951555 0.509143 
0.543415 0.571770 0.613785 1.131765 3.752913 4.727874 3.772812 0.538936 
0.864326 0.737979 0.821433 0.938514 1.095219 1.308285 10.320821 0.637865 
0.994087 0.830590 0.876266 0.955233 1.051608 1.174178 10.660203 0.981999 
0.078331 0.118908 0.241110 0.547353 1.249262 3.247738 6.698926 0.132483 
0.335693 0.387275 0.611308 0.642012 0.956853 4.155681 7.027776 0.652448 
2.559376 1.001682 1.003813 1.005663 1.006820 1.008641 1.010280 4.415235 
2.436590 1.007285 1.018750 1.030133 1.041026 1.366046 1.067024 4.415412 
1.511379 2.974725 1.002763 1.004121 1.006371 1.007717 1.009298 4.922410 
1.458026 2.834754 1.055001 1.091216 1.129915 1.169458 1.210952 4.014708 
1.440210 0.999498 4.249000 1.003633 1.004951 1.005761 1.007066 4.750978 
1.251582 0.933306 3.414258 1.171668 1.261709 1.360693 1.470352 4.681512 
0.934684 2.059749 3.190557 1.174939 1.258695 1.350850 1.449696 3.659783 
0.986434 2.279904 3.460566 1.091739 1.129692 1.171107 1.209670 3.627493 
1.403210 0.998288 0.999097 5.509392 1.008770 1.010543 1.012812 4.658770 
1.117025 1.679679 1.967157 4.327781 1.036628 1.046054 1.056052 3.673845 
0.934584 2.060388 0.995976 4.149943 1.262780 1.358353 1.460193 3.524892 
0.985062 2.385131 1.005108 4.257509 1.116333 1.153649 1.187579 3.609011 
0.968283 1.006344 3.183404 4.302839 1.098699 1.131871 1.156670 3.586724 
0.995632 1.000023 3.371386 4.414738 1.017254 1.021521 1.025715 3.680114 
1.379068 0.997906 0.998773 0.999402 6.815431 1.012533 1.015150 4.567412 
1.379424 0.973303 0.984426 1.093960 6.214978 1.509884 1.229950 3.606250 
0.938017 2.082183 0.998345 1.032784 5.122125 1.341599 1.437567 3.585587 
0.945331 2.116866 0.999523 1.029875 5.164617 1.304558 1.387646 3.646206 
1.303655 0.970514 0.979258 0.988516 0.998268 7.846793 1.207138 4.401707 
1.449320 0.990032 0.994578 0.999356 1.004317 7.171019 1.332724 4.428613 
1.166269 0.872919 0.944681 1.033571 1.142294 1.274921 6.571452 4.289521 
1.168905 0.935712 0.949149 0.963868 2.903995 1.103102 6.792905 4.398213 
0.901279 2.097322 1.013779 1.085681 1.169117 1.263713 5.757848 3.888187 
0.950787 2.415784 1.024547 1.060183 1.099949 1.145524 5.870675 3.860980 
0.243768 0.289011 0.486832 0.607121 1.000785 3.961805 4.781409 2.839509 
0.345745 0.409982 0.700970 0.715131 1.062253 4.336541 4.280028 2.957033 
0.138057 0.177474 0.321583 0.526460 1.044844 2.127052 6.731426 2.496957 
0.490637 0.639575 0.601405 0.722108 0.914047 1.219222 9.116847 2.839871 
1.710960 0.998195 1.000582 1.003240 1.005657 1.008008 1.010547 11.135367 
1.511621 0.997590 0.998895 1.000394 1.001715 1.002983 2.760305 10.789639 
0.944091 2.398758 1.028154 1.072646 1.126223 1.186704 1.253241 8.779877 
0.969988 2.602370 1.071135 1.050191 1.081291 1.114792 1.149002 8.818658 
0.937751 0.996583 3.632265 1.058222 1.093618 1.130959 1.170832 8.481489 
0.937995 0.999280 3.629813 1.058071 1.093346 1.130553 1.170275 8.481695 
0.097111 0.124895 0.195968 0.372455 0.766643 1.616005 4.599644 6.461609 
0.365811 0.477453 0.512186 0.697286 1.028082 1.601274 4.328782 6.709494 
0.021967 0.022191 0.023076 0.025105 0.029915 0.040909 0.065466 15.919653 
0.023084 0.023735 0.026285 0.032141 0.046003 0.077664 0.148328 15.728274 
2.662015 1.003099 1.008038 1.172133 1.356433 1.786109 1.440051 1.105606 
1.511781 2.973063 1.075376 1.181386 1.507020 1.608494 1.497155 1.116497 
1.518188 3.907602 1.008884 1.011323 1.015724 1.032307 1.022858 1.000540 
1.419863 0.961162 4.244092 1.196899 1.365515 1.623163 1.487240 1.003756 
1.014609 1.514393 3.071824 1.378173 1.599804 1.862168 2.173920 0.834728 
0.897040 1.998747 3.380548 1.323069 1.488616 1.677950 1.894182 0.881331 
0.853420 1.797653 3.024680 1.385233 1.615845 1.890513 2.217742 0.827278 
0.937598 1.044848 6.031907 1.168855 1.236707 1.308842 1.385675 0.935950 
0.946834 1.052611 6.086725 1.155575 1.217235 1.282323 1.351317 0.941677 
1.415881 0.962472 0.984599 5.617056 1.353925 1.582221 1.457478 1.088150 
1.210069 0.957983 0.966858 7.036913 1.213686 1.398787 1.348985 0.963014 
0.917363 2.139932 1.010212 4.498853 1.415655 1.566818 1.740416 1.098524 
0.947407 2.070535 0.994989 4.098869 1.200230 1.892471 1.373488 3.385713 
0.849024 0.953530 2.948242 4.076791 1.506058 1.705254 1.933435 0.845231 
0.904905 0.859354 3.030248 3.748316 1.461740 1.838669 2.266608 0.851623 
0.917313 0.923311 1.140775 7.649687 1.298095 1.394678 1.497929 0.920163 
0.958792 0.954530 1.118088 8.057576 1.170699 1.219630 1.276243 1.199159 
1.413758 0.964513 0.984478 1.119751 6.999461 1.711865 1.425403 1.045384 
1.063263 0.881544 0.906883 0.931521 7.875367 1.796215 1.932903 0.844981 
0.904667 2.081438 1.029094 1.102636 5.476615 1.642758 1.844545 1.063986 
0.871964 1.936518 1.060893 1.101636 4.970096 1.801888 2.083536 1.210290 
0.829194 0.944539 2.882139 1.115171 5.004407 1.790289 2.060507 0.823684 
0.843348 1.095482 2.681948 1.112594 5.046400 1.760789 2.015824 0.830895 
0.792932 0.807661 1.017318 3.675650 4.796144 1.910213 2.248135 0.792301 
0.939438 0.938146 1.057623 4.173743 5.162353 1.986008 1.758758 1.042357 
0.876034 0.878065 0.897789 1.293999 9.102299 1.576460 1.746051 0.875843 
0.950517 0.960563 0.963967 1.127647 10.042430 1.387420 1.296886 0.991564 
1.460009 0.983760 0.992547 1.094860 1.359530 8.706178 1.502429 1.080596 
0.885498 2.065392 1.019933 1.108574 1.212748 6.427361 2.038461 0.851489 
0.953907 1.917835 0.986898 1.024148 3.315650 6.433175 1.374033 0.950614 
0.793449 0.928317 2.780173 1.144390 1.288670 5.860422 2.289011 0.808458 
0.841417 0.959082 3.079622 1.127294 1.232888 6.045122 1.984238 0.840045 
0.750985 0.771796 1.016675 3.593744 1.331862 5.649989 2.500705 0.777701 
0.851099 0.860523 1.048022 4.277074 1.225137 5.922819 1.894392 0.874354 
0.719004 0.726615 0.806004 1.088424 4.486620 5.721853 2.685300 0.757049 
0.545091 0.573336 0.615098 1.132792 3.762711 4.732947 3.762450 0.540664 
0.744026 0.748185 0.796251 1.096112 1.344813 9.835316 2.537839 0.743703 
0.808146 0.820306 0.825622 1.086476 1.263316 10.607646 2.155260 0.807467 
1.472060 0.951206 1.012383 1.138841 1.347831 1.647762 7.447353 1.112484 
1.170378 0.878916 0.940048 1.014242 4.305185 1.665345 4.918612 1.005232 
0.746968 1.613450 1.033714 1.276606 1.610528 2.060010 5.298991 0.797873 
0.944366 1.985550 2.935861 1.124346 1.178422 1.241916 5.273404 0.923011 
0.664819 0.854568 2.424449 1.276464 1.605913 2.052093 5.278728 0.855497 
0.954648 1.952097 3.146925 1.103915 1.145309 1.194545 5.244438 0.938494 
0.557082 0.612084 0.974801 3.065076 1.738020 2.392041 4.847081 0.762984 
0.491976 0.529757 0.753609 1.015266 4.129908 2.538989 5.011338 0.701043 
0.339419 0.403147 0.664274 0.790084 1.143368 5.269136 5.000964 0.642440 
0.309224 0.356788 0.566800 0.861736 1.075120 1.748628 9.020592 0.832671 
1.740049 0.989249 1.017999 1.335670 1.637846 2.056189 1.777633 5.717362 
0.914690 2.621219 1.099418 1.220132 1.365230 1.528001 1.713727 4.766212 
0.813918 0.983795 3.557320 1.246045 1.417086 1.618957 1.857980 4.509342 
1.011012 0.959358 5.077054 1.083554 1.117739 1.236006 1.194324 4.374378 
0.768249 0.792770 1.101999 4.588876 1.483553 1.741064 2.050984 4.193620 
0.715922 0.725748 0.825777 1.192960 5.605692 1.852442 2.262591 4.303615 
0.743670 1.127060 0.834238 0.935303 4.548472 1.856212 2.436184 4.277591 
0.651821 0.657200 0.703090 1.026492 1.209164 6.978916 2.545647 4.237965 
0.622332 0.626037 0.655101 0.752886 1.593116 6.727171 2.675682 4.208662 
0.329061 0.379534 0.606927 0.976137 1.145257 1.838436 5.941946 3.964978 
0.477107 0.550627 0.669326 1.823503 1.362206 3.797541 3.943174 2.786447 
0.474458 0.523133 0.805036 1.058530 1.304049 1.575177 2.156310 9.258079 
