2.048468 0.049545 0.053815 0.049956 0.049286 0.052372 0.048498 0.049451 
1.839290 1.830494 0.048847 0.050186 0.049126 0.049534 0.049134 0.049541 
0.945367 3.631482 0.057523 0.052486 0.053159 0.052911 0.052947 0.053349 
0.050014 4.049398 0.050048 0.050479 0.049971 0.049492 0.049853 0.050664 
1.839296 0.051765 2.734135 0.056095 0.051351 0.058698 0.050515 0.051425 
1.209265 2.356803 3.518762 0.054595 0.052760 0.063129 0.052638 0.059086 
0.049118 3.625018 2.737481 0.050883 0.049906 0.052917 0.049651 0.049560 
0.943608 0.050068 5.417603 0.051450 0.052335 0.050416 0.050110 0.050247 
0.050152 1.834055 5.420347 0.051785 0.059310 0.054279 0.053192 0.053371 
0.048832 0.049211 6.048825 0.049241 0.052064 0.052802 0.049509 0.068814 
1.840571 0.052593 0.052210 3.626746 0.052228 0.052119 0.051596 0.053098 
1.202784 2.372506 0.051070 4.654380 0.051576 0.052320 0.051022 0.052077 
0.051019 3.630624 0.052235 3.621023 0.051860 0.051655 0.052106 0.052681 
1.205476 0.050493 3.521975 4.654038 0.050563 0.049861 0.051690 0.052033 
0.051224 2.359615 3.520667 4.664839 0.056670 0.060297 0.051921 0.078392 
0.050074 0.049658 5.424547 3.605069 0.058744 0.050623 0.050708 0.050445 
0.943443 0.050496 0.049428 7.205651 0.056458 0.050269 0.049449 0.050736 
0.048870 1.836892 0.052136 7.205081 0.049352 0.058067 0.049338 0.049685 
0.049691 0.051315 2.731658 7.205980 0.053937 0.058905 0.050417 0.050532 
0.049068 0.049068 0.050589 8.049067 0.051990 0.049712 0.049557 0.049349 
1.840779 0.052028 0.051517 0.052457 4.512983 0.051411 0.051640 0.052661 
1.204064 2.359814 0.053688 0.052372 5.838375 0.052583 0.051661 0.051923 
0.050075 3.633304 0.053829 0.050723 4.487486 0.053463 0.055610 0.049471 
1.207139 0.051036 3.510019 0.052080 5.824636 0.051932 0.051168 0.051843 
0.050179 2.360360 3.513316 0.051024 5.823168 0.055953 0.050922 0.051933 
0.051362 0.051420 5.418972 0.052825 4.519761 0.057135 0.053089 0.053130 
1.200603 0.048437 0.050038 4.682560 5.815241 0.049362 0.053812 0.049437 
0.053994 2.355450 0.057957 4.678160 5.839564 0.054821 0.054724 0.054832 
0.051888 0.051735 3.522141 4.671384 5.813274 0.052284 0.051801 0.052436 
0.049281 0.049318 0.053449 7.214222 4.497523 0.050509 0.049781 0.050914 
0.946377 0.050367 0.052605 0.050127 8.986752 0.049336 0.049553 0.050239 
0.051733 1.842231 0.053644 0.051794 8.993014 0.053729 0.054287 0.052564 
0.050013 0.052834 2.739120 0.050811 8.989338 0.050483 0.056486 0.065454 
0.050625 0.052005 0.050721 3.624455 8.997312 0.050747 0.053219 0.051678 
0.048814 0.048924 0.049118 0.049300 10.048813 0.048827 0.049400 0.053588 
1.837549 0.048800 0.053290 0.050341 0.048829 5.412832 0.048905 0.049524 
1.207387 2.355666 0.050041 0.050600 0.050027 6.966829 0.049505 0.050284 
0.054059 3.633403 0.054089 0.054475 0.054026 5.406930 0.053968 0.054246 
1.204761 0.053497 3.523086 0.052923 0.052209 6.978519 0.052379 0.053065 
0.051738 2.363810 3.523460 0.062958 0.052642 6.956475 0.051980 0.052647 
0.050104 0.050204 5.421712 0.050123 0.050491 5.396424 0.050982 0.051786 
1.205374 0.051913 0.052376 4.664579 0.064243 6.974488 0.049948 0.050219 
0.051406 2.360319 0.051613 4.683629 0.062095 6.955492 0.052231 0.053895 
0.048877 0.048699 3.522835 4.661341 0.049620 6.965798 0.051505 0.049942 
0.052127 0.052192 0.056292 7.204296 0.054195 5.428327 0.053010 0.053122 
1.209324 0.049817 0.053386 0.050551 5.813952 6.956637 0.055974 0.070302 
0.049042 2.365138 0.050535 0.053543 5.828366 6.948965 0.049551 0.051279 
0.052104 0.051537 3.517198 0.052112 5.822413 6.979634 0.060007 0.054134 
0.050266 0.050316 0.050220 4.670109 5.827979 6.971653 0.068761 0.050339 
0.049539 0.049537 0.051277 0.049538 9.002222 5.395861 0.049670 0.049903 
0.946066 0.052286 0.052267 0.051594 0.051230 10.782325 0.051741 0.051665 
0.049916 1.833347 0.050195 0.050404 0.050988 10.791136 0.050360 0.050538 
0.051506 0.050214 2.735176 0.050777 0.050413 10.781652 0.050923 0.050849 
0.050673 0.050695 0.050717 3.619028 0.051026 10.790798 0.051176 0.052581 
0.049282 0.049288 0.049665 0.049286 4.517307 10.784873 0.049474 0.050248 
0.048508 0.048326 0.048326 0.048326 0.048328 12.048325 0.048783 0.049251 
1.838924 0.050754 0.053596 0.058491 0.050417 0.051926 6.310357 0.051776 
1.203615 2.357430 0.050590 0.051568 0.051253 0.050533 8.152491 0.051350 
0.050281 3.631095 0.052661 0.050611 0.051116 0.058349 6.289180 0.050593 
1.200112 0.051219 3.535845 0.050043 0.050737 0.051557 8.114154 0.052669 
0.050014 2.359645 3.528581 0.051227 0.050033 0.057527 8.097866 0.053221 
0.050085 0.050421 5.420038 0.050893 0.053990 0.053655 6.295177 0.070065 
1.203504 0.057781 0.052447 4.684615 0.053685 0.059858 8.129354 0.071769 
0.053412 2.363160 0.053602 4.664642 0.054178 0.052326 8.139864 0.053058 
0.049780 0.049882 3.522125 4.660630 0.061372 0.054527 8.127307 0.050676 
0.050916 0.050943 0.052217 7.208483 0.051774 0.051354 6.304248 0.051813 
1.206183 0.050652 0.053094 0.050468 5.807294 0.052802 8.146012 0.050934 
0.049800 2.368853 0.049681 0.050342 5.825971 0.053079 8.093719 0.050479 
0.051345 0.051329 3.539317 0.052300 5.837520 0.056095 8.060180 0.054853 
0.050274 0.051186 0.050292 4.677095 5.817220 0.058293 8.128173 0.051293 
0.049114 0.049665 0.049961 0.049104 8.994808 0.052347 6.306075 0.051339 
1.208308 0.053221 0.053202 0.053198 0.057904 6.967938 8.144155 0.055366 
0.051275 2.354838 0.053539 0.051279 0.053896 6.988994 8.143332 0.052436 
0.049670 0.050332 3.517801 0.050271 0.052497 6.968743 8.133796 0.050535 
0.048410 0.052641 0.059884 4.674964 0.049810 6.971381 8.123760 0.049275 
0.049940 0.049938 0.050218 0.052547 5.808870 7.000138 8.127508 0.050183 
0.049274 0.049599 0.049274 0.049273 0.049276 10.784243 6.305961 0.050194 
0.942032 0.050380 0.051769 0.050758 0.050187 0.052625 12.580401 0.051275 
0.049462 1.838717 0.049477 0.049614 0.049548 0.049229 12.569984 0.050447 
0.048946 0.053062 2.740378 0.048973 0.056647 0.049245 12.561386 0.050629 
0.050782 0.050808 0.053684 3.640528 0.052143 0.056012 12.562205 0.051682 
0.049850 0.049742 0.049749 0.049743 4.529110 0.049757 12.566656 0.050352 
0.049202 0.049136 0.049136 0.049132 0.049132 5.424446 12.566002 0.051823 
0.048727 0.049162 0.049402 0.048719 0.048719 0.048784 14.048718 0.049587 
1.837847 0.050781 0.053550 0.053060 0.049701 0.052506 0.049852 7.202861 
1.209314 2.349229 0.051066 0.050816 0.053019 0.050283 0.051954 9.285813 
0.049070 3.626931 0.053671 0.050358 0.050059 0.052689 0.049294 7.202855 
1.205117 0.052622 3.521951 0.052842 0.054379 0.054960 0.052375 9.286496 
0.051714 2.357115 3.520679 0.052030 0.055843 0.051388 0.052670 9.288204 
0.049865 0.049891 5.421939 0.050608 0.050502 0.053190 0.069420 7.175592 
1.206065 0.053159 0.055657 4.679913 0.051953 0.054425 0.052093 9.271017 
0.049952 2.357811 0.058355 4.682186 0.050731 0.056809 0.049904 9.265237 
0.051780 0.050647 3.521627 4.673200 0.055070 0.051986 0.051035 9.262237 
0.051229 0.049147 0.052392 7.204419 0.049428 0.052522 0.049629 7.204893 
1.203861 0.051201 0.054008 0.050389 5.815012 0.050544 0.049831 9.305906 
0.049963 2.358360 0.049384 0.049846 5.830245 0.051108 0.049607 9.275786 
0.049544 0.049608 3.520690 0.050409 5.822894 0.052589 0.050107 9.268478 
0.050161 0.050337 0.050168 4.672910 5.813518 0.051104 0.050560 9.296083 
0.049899 0.049895 0.050209 0.049899 8.997966 0.053330 0.050227 7.193135 
1.206138 0.053123 0.054094 0.053096 0.052760 6.966265 0.053091 9.317764 
0.050649 2.359829 0.051840 0.051294 0.050931 6.967616 0.052778 9.302734 
0.051214 0.050961 3.523095 0.051506 0.059301 6.984281 0.052069 9.259875 
0.050935 0.050519 0.050468 4.657671 0.053494 6.984879 0.052776 9.302844 
0.050921 0.048255 0.059653 0.048255 5.823453 6.951372 0.050886 9.316394 
0.048819 0.048812 0.052738 0.048867 0.048814 10.786500 0.049754 7.192045 
1.208347 0.055481 0.058288 0.054669 0.059348 0.054241 8.124125 9.309952 
0.051875 2.360497 0.054819 0.056636 0.060397 0.052087 8.116002 9.313796 
0.051161 0.050466 3.524535 0.054360 0.053686 0.050532 8.110256 9.287422 
0.048827 0.048846 0.049806 4.665272 0.050326 0.049051 8.114292 9.311019 
0.049516 0.049528 0.049718 0.049516 5.823616 0.049817 8.120257 9.300046 
0.049899 0.049897 0.049897 0.054151 0.049904 6.968588 8.139854 9.292106 
0.049611 0.050734 0.050834 0.048486 0.048486 0.048498 12.567722 7.210155 
0.945597 0.053890 0.051770 0.050209 0.050102 0.050035 0.051164 14.354819 
0.050265 1.832182 0.052615 0.050952 0.050712 0.054365 0.050464 14.374871 
0.049698 0.049642 2.740013 0.050118 0.052080 0.049711 0.055472 14.350999 
0.049963 0.050059 0.049954 3.628983 0.050415 0.050494 0.051190 14.359463 
0.049316 0.049316 0.049316 0.050178 4.525847 0.051090 0.049579 14.356632 
0.048962 0.049281 0.048965 0.048968 0.048963 5.408456 0.049288 14.364505 
0.049594 0.049485 0.049478 0.049490 0.050042 0.049505 6.317831 14.356103 
0.049532 0.049532 0.049548 0.049532 0.049532 0.050000 0.049532 16.049532 
2.033808 0.178161 0.744156 0.983261 1.151265 0.158400 1.560959 1.826278 
1.399744 2.725343 0.857659 1.130494 1.400644 1.666551 1.805355 2.194523 
0.257819 3.916067 0.721506 0.959196 1.126206 1.364866 1.542162 1.807481 
1.391191 0.569837 4.092111 1.092810 1.387465 1.646933 1.923299 2.211386 
0.319121 2.727533 4.082691 1.130782 1.400386 1.662927 1.933241 2.049608 
0.251675 0.466885 5.827553 0.921174 0.992578 1.298020 1.569564 1.761821 
1.384771 0.554628 0.867008 5.446597 1.369962 1.662850 1.889439 2.191275 
0.314868 2.740755 0.888694 5.435574 1.410589 1.678039 1.955767 2.167432 
0.316507 0.585694 4.078635 5.396143 1.370085 1.640417 1.848187 2.234738 
0.269988 0.483882 0.675002 7.732077 1.088102 1.236660 1.592728 1.785713 
1.392851 0.557133 0.858272 1.165829 6.770411 1.660047 1.922854 2.225812 
0.319252 2.748518 0.828292 1.098833 6.742599 1.650198 1.946908 2.159408 
0.311099 0.572235 4.106575 1.108804 6.771885 1.597787 1.945515 2.106450 
0.318007 0.596681 0.854932 5.419781 6.786189 1.658196 1.916327 2.205885 
0.261037 0.484030 0.684271 0.885962 9.665868 1.323785 1.496614 1.725091 
1.400117 0.614172 0.856049 1.088487 1.218216 8.081077 1.921565 2.048259 
0.309219 2.770157 0.813108 1.123278 1.378972 8.090138 1.929159 2.193230 
0.312273 0.575163 4.073700 1.105850 1.402199 8.090711 1.849060 2.192793 
0.315805 0.599269 0.855339 5.416525 1.406452 8.125287 1.918737 2.166565 
0.321607 0.603876 0.874956 1.145694 6.778487 8.111848 1.927364 2.189875 
0.260637 0.466213 0.678875 0.909549 1.114209 11.583187 1.534380 1.769370 
1.401118 0.551187 0.849368 1.117997 1.347726 1.660535 9.439935 2.179032 
0.306216 2.746631 0.839369 1.096455 1.332652 1.652393 9.407050 2.142208 
0.322248 0.593192 4.080450 1.084596 1.407778 1.656353 9.403664 2.196938 
0.281506 0.605170 0.823976 5.424025 1.324279 1.659213 9.449932 2.115687 
0.295817 0.584601 0.853216 1.106622 6.832747 1.582554 9.376420 2.340123 
0.320071 0.586139 0.827361 1.139768 1.362676 8.099211 9.421435 2.240569 
0.258261 0.463044 0.678567 0.886872 1.143000 1.349069 13.510324 1.748844 
1.385064 0.562074 0.816247 1.040375 1.348916 1.689006 1.856613 10.862947 
0.308850 2.767891 0.866048 1.129747 1.375543 1.764225 1.885293 10.728371 
0.321210 0.582594 4.103160 1.122509 1.345834 1.644422 1.922745 10.793867 
0.311935 0.593060 0.846815 5.433629 1.399684 1.626462 1.940145 10.834258 
0.315135 0.549585 0.821168 1.010125 6.745092 1.600409 1.903589 10.965104 
0.304229 0.567305 0.867576 1.112378 1.488453 8.047878 1.889497 10.771753 
0.308066 0.561489 0.828081 1.129342 1.417098 1.673306 9.506507 10.702283 
0.259467 0.465083 0.657466 0.876484 1.117887 1.295124 1.535692 15.452645 
