2.004015 0.005365 0.004150 0.005017 0.004874 0.004752 0.004895 0.006041 
1.794132 1.789690 0.004564 0.005682 0.004398 0.006557 0.005089 0.004516 
0.903654 3.591087 0.011396 0.016376 0.012661 0.011867 0.012080 0.013049 
0.002885 4.002279 0.002719 0.003340 0.002286 0.002384 0.007787 0.002399 
1.792756 0.005151 2.694909 0.008442 0.005925 0.005078 0.005079 0.005228 
1.163310 2.325314 3.486975 0.014997 0.014054 0.020187 0.013338 0.018490 
0.005962 3.581884 2.690370 0.005617 0.006298 0.006343 0.007384 0.008286 
0.899876 0.008320 5.378650 0.009025 0.008137 0.011198 0.008836 0.008628 
0.006719 1.792321 5.375379 0.012112 0.006547 0.007921 0.006602 0.011358 
0.004730 0.003621 6.003618 0.009783 0.003647 0.003655 0.003683 0.003830 
1.794584 0.005135 0.005010 3.575594 0.004945 0.007814 0.005566 0.006567 
1.158789 2.319042 0.005952 4.620175 0.011330 0.005414 0.014036 0.005373 
0.005135 3.583380 0.005606 3.579263 0.005966 0.005631 0.005477 0.005466 
1.159258 0.006813 3.481158 4.620483 0.009925 0.006844 0.007602 0.007438 
0.033585 2.365111 3.480406 4.629517 0.033935 0.036323 0.034238 0.038039 
0.005836 0.004640 5.376811 3.567345 0.004717 0.007320 0.004750 0.005244 
0.902672 0.006439 0.008140 7.158223 0.007789 0.006844 0.006760 0.007024 
0.003761 1.794884 0.003857 7.156725 0.005359 0.006354 0.004270 0.004264 
0.005309 0.004813 2.691289 7.158098 0.005582 0.005119 0.004939 0.004995 
0.003624 0.002663 0.002698 8.002659 0.005713 0.003703 0.003497 0.002810 
1.793632 0.005603 0.005060 0.005079 4.477752 0.007897 0.004925 0.005457 
1.162396 2.314530 0.007269 0.007749 5.781833 0.009683 0.007878 0.007064 
0.005673 3.582974 0.004463 0.005024 4.470182 0.004265 0.004877 0.004176 
1.162558 0.010337 3.487889 0.011419 5.773562 0.010397 0.010364 0.011066 
0.009587 2.323820 3.476929 0.010197 5.765486 0.030476 0.009686 0.010235 
0.006597 0.005453 5.379112 0.005682 4.453811 0.006481 0.005491 0.009962 
1.159196 0.007373 0.006359 4.615948 5.799491 0.012052 0.011642 0.006264 
0.009423 2.324613 0.009596 4.633481 5.761734 0.009941 0.010268 0.010994 
0.007737 0.005467 3.466781 4.624308 5.783502 0.006023 0.007135 0.006139 
0.005238 0.004405 0.004406 7.162420 4.470036 0.005226 0.006446 0.004455 
0.904680 0.006250 0.006497 0.006382 8.938362 0.006757 0.005756 0.005884 
0.008842 1.805183 0.010183 0.008924 8.942998 0.010302 0.009079 0.010094 
0.005139 0.004689 2.690952 0.007454 8.946328 0.012468 0.004672 0.006109 
0.007306 0.006931 0.006931 3.599625 8.941812 0.007035 0.007614 0.007200 
0.004358 0.003526 0.003615 0.003525 10.003523 0.003956 0.003833 0.004092 
1.792077 0.003862 0.004996 0.004301 0.004923 5.375087 0.004381 0.004919 
1.163786 2.310854 0.008766 0.010983 0.013310 6.950303 0.009035 0.008901 
0.005106 3.582671 0.006417 0.005474 0.006174 5.370904 0.004912 0.005448 
1.161158 0.015321 3.466054 0.006527 0.006379 6.934527 0.005577 0.008099 
0.009897 2.321242 3.477287 0.010280 0.010303 6.925405 0.010483 0.012763 
0.006779 0.003731 5.368588 0.006077 0.004054 5.373856 0.003977 0.008162 
1.160598 0.009001 0.007106 4.622675 0.007467 6.939737 0.006441 0.009034 
0.010611 2.322817 0.009344 4.619028 0.010212 6.938184 0.009889 0.009256 
0.005106 0.004490 3.476393 4.601096 0.004474 6.950025 0.005268 0.004576 
0.004169 0.003900 0.003862 7.157203 0.003862 5.376605 0.003918 0.004983 
1.167073 0.011870 0.012724 0.012225 5.785091 6.935128 0.011685 0.011729 
0.010458 2.325656 0.010832 0.010715 5.772685 6.931654 0.009959 0.010428 
0.008162 0.006494 3.479037 0.006718 5.778955 6.917306 0.011291 0.006179 
0.004661 0.004108 0.004127 4.619373 5.772786 6.943383 0.004227 0.004979 
0.004529 0.003381 0.003382 0.005431 8.954883 5.352551 0.003427 0.004375 
0.901084 0.005000 0.005783 0.006176 0.005557 10.732785 0.005735 0.006545 
0.006903 1.791298 0.007791 0.005230 0.022119 10.742167 0.005758 0.005470 
0.007972 0.007041 2.690862 0.008768 0.007595 10.739436 0.007045 0.011828 
0.004768 0.004538 0.004537 3.588744 0.017015 10.732773 0.005195 0.005079 
0.005833 0.005476 0.005478 0.005476 4.468171 10.744258 0.006791 0.006227 
0.003693 0.003175 0.003185 0.003191 0.003175 12.003174 0.003399 0.003387 
1.794580 0.005055 0.006196 0.005760 0.006060 0.006048 6.253054 0.006108 
1.167136 2.342796 0.023447 0.024054 0.024059 0.023836 8.147262 0.026602 
0.006340 3.583196 0.009558 0.006969 0.005634 0.005913 6.267622 0.005744 
1.161176 0.007309 3.474385 0.008198 0.008226 0.009694 8.087460 0.007498 
0.011597 2.321082 3.481629 0.011665 0.012090 0.012842 8.076109 0.011299 
0.006778 0.005807 5.375757 0.006951 0.008639 0.005815 6.250890 0.006583 
1.165762 0.006727 0.006413 4.604294 0.006339 0.008887 8.092290 0.012940 
0.008068 2.325736 0.012654 4.614244 0.007952 0.008449 8.083225 0.011299 
0.006777 0.006055 3.479430 4.621052 0.007101 0.007643 8.073881 0.006162 
0.005743 0.005470 0.012100 7.165158 0.005612 0.005531 6.251472 0.008262 
1.159032 0.004818 0.005795 0.005210 5.784165 0.005781 8.081528 0.006265 
0.008122 2.319233 0.009056 0.008059 5.757382 0.012937 8.116344 0.008162 
0.006740 0.006225 3.480161 0.010438 5.767291 0.011472 8.083532 0.006375 
0.008170 0.007102 0.007076 4.627184 5.779489 0.007080 8.089210 0.009952 
0.004814 0.003796 0.003648 0.006934 8.952549 0.004699 6.251648 0.004790 
1.157524 0.011709 0.012061 0.010877 0.011902 6.967240 8.116474 0.010833 
0.007849 2.314080 0.008460 0.013815 0.008068 6.945336 8.088576 0.007567 
0.007389 0.006655 3.479598 0.007361 0.008494 6.926920 8.078127 0.006867 
0.004246 0.003994 0.003936 4.619109 0.006732 6.933314 8.091816 0.004679 
0.004284 0.003973 0.003973 0.003973 5.776940 6.950919 8.065700 0.008831 
0.004742 0.003687 0.003687 0.003688 0.003687 10.738872 6.259865 0.004260 
0.898960 0.005868 0.005336 0.005358 0.005671 0.006283 12.529811 0.005861 
0.004717 1.793857 0.004577 0.008508 0.011169 0.007522 12.525199 0.010599 
0.005493 0.007208 2.686313 0.006302 0.006326 0.004592 12.527738 0.004962 
0.008772 0.009151 0.008236 3.578953 0.010056 0.008899 12.535999 0.008581 
0.003694 0.005568 0.003518 0.005140 4.469660 0.003499 12.529655 0.003941 
0.005149 0.004654 0.004599 0.005635 0.004602 5.382028 12.520229 0.005293 
0.004041 0.003816 0.003803 0.003892 0.003801 0.005530 14.003800 0.003848 
1.800200 0.012031 0.012329 0.027682 0.013745 0.038568 0.012264 7.176011 
1.159486 2.321489 0.006989 0.011542 0.008560 0.013506 0.006606 9.227104 
0.005393 3.585250 0.005872 0.008655 0.005164 0.004597 0.005263 7.133911 
1.159527 0.005912 3.480876 0.006311 0.005862 0.005940 0.005312 9.214966 
0.008036 2.320925 3.481410 0.013448 0.011778 0.008979 0.007837 9.204931 
0.006355 0.004391 5.376774 0.011009 0.004996 0.004431 0.004455 7.128444 
1.159421 0.004257 0.006301 4.631628 0.004604 0.004009 0.004894 9.211061 
0.005449 2.322592 0.007619 4.616247 0.005674 0.005452 0.005737 9.224872 
0.004339 0.002824 3.477066 4.608253 0.003365 0.008393 0.002916 9.240039 
0.004478 0.004438 0.007720 7.160866 0.005051 0.004648 0.004726 7.155783 
1.165747 0.016429 0.018696 0.017742 5.810986 0.018031 0.021320 9.262127 
0.007363 2.310634 0.007531 0.006531 5.789489 0.013424 0.006639 9.247441 
0.004800 0.004083 3.477160 0.005103 5.765488 0.009504 0.004685 9.236998 
0.004918 0.004433 0.004346 4.617241 5.788080 0.005211 0.004999 9.237371 
0.004824 0.004822 0.009920 0.009879 8.948329 0.014987 0.005009 7.162651 
1.160364 0.006631 0.005862 0.011148 0.006654 6.932178 0.006040 9.246187 
0.003876 2.310164 0.003897 0.005093 0.004376 6.961522 0.004482 9.214390 
0.009170 0.007246 3.483924 0.009118 0.008181 6.950270 0.011670 9.191296 
0.004994 0.004172 0.004134 4.619301 0.004874 6.956067 0.005036 9.217217 
0.006983 0.006475 0.006470 0.006470 5.796925 6.935199 0.007182 9.216167 
0.006121 0.004150 0.008874 0.008749 0.003995 10.742323 0.005685 7.145479 
1.160817 0.006296 0.008669 0.006980 0.006680 0.007843 8.094942 9.234544 
0.007029 2.321118 0.009789 0.010272 0.007107 0.010306 8.083721 9.232711 
0.009050 0.008461 3.487710 0.009523 0.008531 0.008484 8.089085 9.208109 
0.005817 0.005693 0.009476 4.642484 0.008336 0.006058 8.072581 9.225510 
0.005622 0.005230 0.005226 0.006879 5.783664 0.006398 8.079860 9.244372 
0.005468 0.005323 0.005328 0.008793 0.005393 6.937601 8.097128 9.227297 
0.005825 0.004455 0.004503 0.004457 0.004455 0.004561 12.538064 7.133216 
0.906969 0.018617 0.018759 0.019154 0.020015 0.019557 0.018868 14.352137 
0.005159 1.798059 0.007038 0.007965 0.006567 0.010344 0.006886 14.307848 
0.004049 0.003545 2.693785 0.003686 0.003906 0.009593 0.006062 14.305064 
0.004977 0.004882 0.004873 3.583623 0.004875 0.008082 0.005271 14.314666 
0.004582 0.004216 0.004146 0.004148 4.463436 0.007234 0.007956 14.325237 
0.006477 0.005983 0.005983 0.005983 0.005983 5.374573 0.006481 14.315466 
0.005681 0.004470 0.005022 0.004469 0.004470 0.006007 6.262484 14.316998 
0.003945 0.003044 0.003045 0.003043 0.003043 0.003045 0.003043 16.003041 
1.925704 0.435359 0.640563 0.900485 1.086077 1.271777 1.478915 1.687676 
1.339298 2.696031 0.794516 1.073362 1.351970 1.583873 1.895610 2.119177 
0.209272 3.868474 0.613204 0.788661 1.030815 1.245597 1.365255 1.718380 
1.362652 0.510587 4.087344 1.111966 1.359637 1.623672 1.800438 2.197074 
0.269591 2.697788 4.149177 1.067669 1.368722 1.596984 1.962808 2.224719 
0.223146 0.431021 5.790842 0.864128 1.104194 1.318793 1.482382 1.535617 
1.361535 0.542387 0.805946 5.356584 1.363693 1.594290 1.877969 2.110203 
0.273402 2.750157 0.815622 5.494351 1.392825 1.580071 1.889435 2.214312 
0.280370 0.542885 4.071762 5.413838 1.384578 1.586881 1.841517 2.232510 
0.221418 0.424277 0.625234 7.788090 0.814397 0.134172 1.411690 1.462679 
1.364703 0.513548 0.814274 1.091905 6.733253 1.651745 1.828817 2.143877 
0.274420 2.759573 0.820767 1.044139 6.844567 1.612263 1.910954 2.255797 
0.283814 0.567789 4.144338 1.036796 6.929329 1.619462 1.911615 2.211997 
0.293219 0.505457 0.877510 5.484475 6.842677 1.595777 1.890046 2.181148 
0.220434 0.432867 0.638271 0.860652 9.640193 1.253416 1.533714 1.723358 
1.346804 0.530996 0.812001 1.112180 1.366107 8.045203 1.852508 2.168732 
0.287130 2.712642 0.834487 1.082596 1.370179 8.202949 1.955948 2.149339 
0.279457 0.547048 4.124567 1.129798 1.381797 8.109079 1.925808 2.152076 
0.270437 0.530178 0.810756 5.494880 1.378101 8.195140 1.843019 2.225757 
0.280491 0.544997 0.831429 1.188751 6.723382 8.114822 2.039686 2.133340 
0.222479 0.429114 0.623597 0.878381 1.068398 11.599830 1.571291 1.687959 
1.360936 0.518003 0.804979 1.062628 1.323711 1.657193 9.394510 2.124937 
0.274423 2.717920 0.816709 1.073461 1.326666 1.733876 9.422229 2.097155 
0.281626 0.528228 4.135116 0.986302 1.244371 1.582998 9.698095 2.171311 
0.282271 0.546212 0.810048 5.392717 1.299561 1.652055 9.473487 2.115381 
0.268930 0.536996 0.806915 1.077332 6.715141 1.614315 9.401938 2.156475 
0.271870 0.532226 0.812081 1.076716 1.296621 8.063208 9.413215 2.143113 
0.221281 0.407660 0.678474 0.850678 0.974372 1.304774 13.511878 1.757662 
1.372319 0.527592 0.454340 0.887585 1.298153 1.591477 1.903685 10.748637 
0.277391 2.772000 0.816824 1.116741 1.355546 1.602123 1.862892 10.905295 
0.282381 0.531538 4.142925 1.011603 1.362020 1.677335 1.893510 11.117041 
0.284909 0.531203 0.839192 5.487110 1.369072 1.696395 1.835107 10.984659 
0.277518 0.530017 0.800811 1.119581 6.853612 1.562937 1.781030 10.966177 
0.289956 0.544835 0.844887 1.150486 1.298301 8.205105 1.847615 10.943441 
0.262424 0.503880 0.785903 1.204531 1.273497 1.442006 9.437247 10.785244 
0.219684 0.434110 0.680558 0.893577 1.049747 1.210338 1.513291 15.464159 
