1.188288 4.592107 1.004708 1.006535 1.010564 1.017384 1.013286 0.998481 
1.130105 4.335906 1.051777 1.079657 1.209639 1.146533 1.171484 0.972110 
1.265851 2.490527 3.911686 1.008787 1.013563 1.021095 1.017559 0.997367 
0.977074 2.507656 4.033529 1.106465 1.179422 1.189408 1.233749 1.187135 
1.107393 0.997228 6.625376 1.010119 1.012464 1.017874 1.019245 0.997083 
1.095406 0.975983 6.236797 1.077917 1.169607 1.137145 1.165139 0.972641 
1.001685 0.990741 6.811430 1.028181 1.038291 1.112443 1.056553 0.990639 
1.252593 2.457659 1.001376 5.006788 1.011724 1.026736 1.016919 0.997840 
0.970444 2.662154 1.020487 4.641026 1.208368 1.281786 1.335387 0.944756 
1.192408 0.998459 3.520663 4.827104 1.008764 1.011421 1.013730 0.998674 
0.957319 0.991972 3.397421 4.486211 1.957809 1.210124 1.259123 0.962527 
1.085819 0.997487 0.997624 8.608360 1.011066 1.013850 1.017073 0.997404 
0.992116 1.245244 0.991866 8.241455 1.047381 1.156604 1.073311 0.988580 
2.146849 1.000478 1.002390 1.004081 5.192629 1.014681 1.017925 0.997159 
2.136023 1.000658 1.003173 1.014633 5.089317 1.023842 1.026201 1.172254 
2.114399 1.001486 1.008045 1.014454 5.157039 1.054816 1.066177 0.989059 
1.261574 2.417764 1.001037 1.003730 6.095427 1.010698 1.013105 0.998803 
1.221128 2.391241 1.098892 1.244075 4.835068 1.226824 1.352114 1.047146 
1.166612 0.997649 3.567689 1.004766 5.824090 1.016730 1.017431 0.997161 
1.015477 1.930165 2.925106 1.014100 5.156744 1.058791 1.058044 0.990681 
0.981099 1.951949 2.904602 1.035784 4.939721 1.128358 1.156392 0.974771 
0.985977 1.964217 2.918150 1.026863 5.014677 1.095708 1.115599 0.986316 
1.133656 0.986378 0.987592 4.495789 5.666797 1.086327 1.097029 0.983981 
1.133412 0.987693 0.988768 4.404533 5.552638 1.388397 1.087238 0.985564 
1.026663 0.963974 0.965241 0.966883 10.230152 1.189466 1.232609 0.961288 
0.994052 0.948941 0.950300 0.951972 10.155130 1.260614 1.323001 0.946220 
1.023525 0.975955 0.976533 0.977481 10.467348 1.125204 1.152615 0.974619 
2.125641 1.000689 1.003791 1.006384 1.010378 6.110956 1.030060 0.995232 
2.072157 1.022955 1.035768 1.017077 1.026110 6.087487 1.081652 0.987555 
2.061694 1.022917 1.037826 1.020324 1.030946 6.080278 1.097688 0.984860 
1.247624 2.429185 1.002046 1.003052 1.004500 7.147051 1.019021 0.997262 
1.110288 2.994114 1.029644 1.007985 1.012644 6.139979 1.037870 0.994382 
1.157533 0.995397 3.437482 1.005717 1.008817 7.060006 1.033466 0.994487 
1.130921 0.984733 3.161445 1.103187 1.023873 6.598847 1.099933 2.035051 
1.110406 0.972612 0.975099 4.417871 1.050791 6.618037 1.192655 0.968357 
0.993890 1.142747 0.994908 5.250804 1.012586 6.087100 1.040971 0.993418 
1.022858 0.919120 0.925351 0.932309 5.203910 6.400696 1.553104 0.911068 
1.015328 0.909976 0.917325 0.925592 5.230310 6.242067 1.618510 0.900165 
0.984426 0.920904 0.926365 0.928138 0.943441 11.873611 1.515962 0.914387 
0.971513 0.960016 1.008098 0.961651 1.063177 12.190267 1.503174 0.959978 
2.253503 1.012206 1.046674 1.063440 1.090944 1.118502 5.038169 0.963785 
2.236603 1.005040 1.026920 1.212663 1.044857 1.403541 5.016209 0.981331 
1.315923 2.712031 1.003607 1.006386 1.010278 1.013211 6.663770 0.996028 
1.191314 2.109947 1.063994 1.016463 3.835735 1.082104 4.992546 1.069160 
1.259298 0.982145 3.725890 1.037010 1.053024 1.069775 6.209224 0.974902 
1.312764 0.995987 3.302493 1.387283 1.782641 1.085438 4.967545 1.126248 
0.962899 0.826311 0.856567 4.150860 1.436476 1.663853 5.346951 0.782153 
0.968483 0.830236 0.859705 4.187240 1.429468 1.650462 5.336689 0.787008 
0.850018 0.742559 0.796972 0.870459 4.868227 2.008888 5.135582 0.674035 
0.983938 0.834727 0.866523 0.905598 5.540866 1.662564 4.666921 1.390536 
0.900442 0.813692 0.834264 0.872344 0.889167 6.849591 6.412881 0.787128 
0.945468 0.849298 0.869455 0.899153 0.907739 6.993110 6.382780 0.827468 
0.875091 0.744121 0.826595 0.941140 1.094468 1.301482 10.332649 0.645996 
1.191890 0.974872 0.978825 0.983514 1.867285 1.008769 12.005951 0.969281 
0.088633 0.129773 0.249442 0.545883 1.219784 3.351977 6.606608 0.225528 
0.104839 0.149180 0.267025 0.559260 1.213912 3.463204 6.516965 0.240829 
2.563544 1.001058 1.002789 1.006218 1.005523 1.010537 1.008928 4.394432 
2.403464 1.012008 1.063580 1.436423 1.233397 1.109327 1.107732 3.570347 
1.517938 2.944374 1.003853 1.007862 1.007892 1.010857 1.012829 4.948934 
1.392467 3.251901 1.073262 1.050562 1.083413 1.091355 1.110293 3.679018 
1.422053 0.997932 4.274581 1.008713 1.010429 1.013957 1.016568 4.747554 
1.633745 0.992847 3.390004 1.043175 1.058831 1.076583 1.093795 4.729834 
0.938664 2.113154 3.133983 1.167808 1.246756 1.333142 1.426450 3.739098 
0.942590 2.136576 3.161493 1.159983 1.233946 1.314684 1.401418 3.744357 
1.398624 0.997827 0.998583 5.534025 1.010989 1.014455 1.016285 4.620461 
1.272623 0.953545 0.968072 4.788207 1.248706 1.475122 1.320122 4.541767 
1.384932 0.996705 0.997782 0.999062 6.764799 1.025152 1.024219 4.538320 
1.089974 1.813213 0.998140 1.031688 5.166316 1.324979 1.412255 3.549284 
0.937568 2.086793 0.997169 1.032728 5.142696 1.343749 1.437741 3.544025 
0.964643 2.223186 1.001036 1.023049 5.345166 1.217742 1.270078 3.578613 
1.306178 0.975787 0.982949 0.989907 0.997327 7.945803 1.166720 4.455373 
1.123462 0.978807 1.559493 0.991844 0.997363 7.895025 1.331074 4.425338 
1.108622 0.847861 0.937102 1.050908 1.193058 1.373659 6.203250 4.141371 
1.100533 0.884280 1.982606 1.109584 1.223625 1.350717 5.114406 4.229739 
0.219456 0.265549 0.450126 0.582255 1.003084 3.777495 4.897026 2.834930 
0.469763 0.461394 0.551379 0.692876 0.935266 5.198877 3.963388 3.027610 
0.297701 0.353048 0.566062 0.637409 0.987962 1.615786 7.700131 2.858629 
0.474929 0.543284 0.827275 0.727495 0.921516 1.217477 8.927976 3.042855 
1.715285 0.999018 1.000303 1.001640 1.003095 1.004702 1.006086 11.180641 
1.599432 0.987545 0.999583 1.038057 1.025973 1.039025 1.104048 11.199970 
0.078845 0.097519 0.174988 0.357646 0.772248 1.693108 4.559825 6.296892 
0.224711 0.236485 0.302040 0.437186 0.894625 1.400254 5.280540 6.434274 
0.018867 0.018893 0.018989 0.019221 0.019787 0.021052 0.023915 16.007049 
0.021070 0.023467 0.032244 0.053542 0.105460 0.221102 0.483659 14.937912 
2.713165 1.002936 1.007096 1.113191 1.338942 1.691057 1.321858 1.117967 
2.698273 1.101248 1.057295 1.089223 1.346446 1.166484 1.196386 0.967371 
1.495507 2.976566 1.080069 1.131934 1.545433 1.777879 1.381593 1.082135 
0.760446 1.594057 1.210020 1.454234 1.863693 2.471560 3.301325 0.708719 
1.003215 4.675656 1.009421 1.019587 1.032705 1.023827 1.029402 1.977705 
1.002128 4.317621 1.397368 1.112615 1.038328 1.031190 1.038337 2.132192 
1.422721 0.962307 4.258493 1.190203 1.399964 1.538621 1.468971 1.087296 
1.329286 1.003584 3.363224 1.379877 1.779879 1.049573 4.944995 1.137417 
0.920356 2.145595 3.446634 1.274151 1.433729 1.553493 1.716995 1.093365 
0.936740 1.968141 3.115623 1.574187 2.124744 1.406189 1.517747 1.891243 
0.940459 1.043556 6.074584 1.161826 1.226658 1.295213 1.367394 0.939288 
0.941628 1.038062 5.847438 1.148369 1.208732 1.827813 1.359526 0.940599 
1.408426 0.963427 0.983970 5.684918 1.340225 1.631667 1.435148 1.075374 
1.203029 0.908162 0.945031 4.653125 1.543215 1.947451 2.551375 0.978466 
0.906710 2.179439 1.024675 4.132227 1.479719 1.662410 1.869245 0.897702 
0.866126 1.952681 1.016453 3.812211 1.618737 1.869562 2.183183 0.802810 
0.858662 0.958939 3.008681 4.134453 1.480605 1.664145 1.872853 0.854531 
0.879204 0.956599 2.822683 3.809308 2.014999 1.529056 1.688250 1.860529 
0.908925 0.917682 1.132165 7.541807 1.324899 1.432102 1.550092 0.909011 
0.956914 0.961761 1.227637 8.074338 1.163923 1.210545 1.259458 0.962410 
1.434132 0.965930 0.990296 1.111174 6.955308 1.629145 1.429783 1.039479 
0.784693 0.885647 1.981890 1.093466 5.654210 2.162957 2.308212 1.047503 
0.917334 2.138791 1.009751 1.072261 5.730739 1.571463 1.739021 1.048096 
0.980479 1.942793 2.886175 1.035749 4.984596 1.130753 1.158325 0.979282 
0.829475 0.944006 2.864599 1.112442 5.026489 1.786691 2.055744 0.858201 
0.920629 0.982857 3.070037 1.051562 5.931021 1.595244 1.478549 1.094017 
0.798091 0.812125 1.016954 3.675566 4.854002 1.889046 2.214466 0.821815 
0.911275 0.909744 1.027740 4.358292 5.492802 1.427911 1.542026 0.934090 
0.866852 0.870690 0.886205 1.296551 8.993905 1.613257 1.800299 0.871457 
0.971031 0.986435 0.968561 1.141071 10.340219 1.158543 1.194163 1.005963 
1.426636 0.963936 0.986141 1.083390 1.252979 8.456137 1.448533 1.101243 
1.042519 1.571997 0.975769 2.844996 1.127361 6.404132 1.508023 0.916825 
0.873744 1.921354 1.002116 1.086386 1.185598 6.853255 2.087059 0.853262 
0.883854 2.104355 1.030432 1.129857 1.244751 6.064448 2.083192 0.853928 
0.800116 0.930459 2.789364 1.137417 1.273561 5.966799 2.245350 0.823968 
0.931770 1.006677 3.005981 1.036964 1.068838 7.061999 1.395102 1.911165 
0.761165 0.779881 1.017590 3.619485 1.315581 5.769864 2.442952 0.761700 
0.819682 0.835554 1.043151 3.424931 1.185130 6.855690 2.084169 0.853745 
0.725945 0.732789 0.802233 1.107100 4.650448 5.563416 2.638821 0.803572 
0.644720 0.656558 0.743732 1.091639 4.175695 5.292006 3.128688 0.721458 
0.757903 0.759883 0.784340 1.059593 1.393107 10.024148 2.454638 0.758139 
0.887556 0.890775 0.894176 1.136816 1.127036 11.322190 1.913189 0.888033 
1.404775 0.934392 1.024346 1.150792 1.269450 1.764965 7.037583 0.948671 
0.914509 0.997430 2.189148 1.005553 1.025853 4.841987 6.687012 0.946979 
0.740158 1.584437 1.029176 1.277931 1.621776 2.093960 5.153408 0.911794 
0.979252 2.076915 0.995707 1.007916 4.878692 1.166241 5.043205 0.961557 
0.656338 0.847284 2.391552 1.281636 1.628316 2.096935 5.162989 0.848622 
0.988705 1.944501 2.956896 1.394514 1.775870 1.063970 4.987172 0.999186 
0.550087 0.612213 0.965249 3.042399 1.761149 2.446309 4.727633 0.728901 
0.597663 0.652391 1.018734 3.379773 1.805403 2.333254 4.522453 0.780904 
0.464856 0.506867 0.734973 1.008780 3.986669 2.646119 4.802103 0.776182 
0.667421 0.646889 1.229945 0.856609 4.553152 2.120368 5.259681 0.629190 
0.329759 0.375279 0.588511 0.901527 1.064672 5.274543 4.988304 0.852749 
0.709907 0.654588 0.710992 0.791474 0.913441 5.525479 6.496242 0.761729 
0.351404 0.415390 0.712216 0.717038 1.060105 1.645190 9.183699 0.977470 
0.303105 0.444630 0.560550 0.946613 1.670423 3.042284 5.532953 0.433646 
1.661325 0.980587 1.039554 1.337538 1.568988 1.918954 1.690043 5.464233 
1.302103 2.098786 1.000970 1.003247 1.004088 4.861117 1.012157 4.948976 
0.917253 2.642857 1.098608 1.216568 1.359836 1.513868 1.694958 4.799028 
1.001998 4.171689 1.008934 1.017014 1.028645 1.021279 1.135148 3.890955 
0.811197 0.984222 3.550631 1.251173 1.425862 1.634921 1.879516 4.410972 
0.963343 1.174627 5.205711 1.083126 1.116240 1.151251 1.187490 3.759576 
0.772109 0.798853 1.092198 4.557263 1.464957 1.712425 2.011721 4.421198 
0.874086 0.962130 2.487834 3.572862 1.308744 1.430422 1.568312 4.521914 
0.733136 0.742125 0.844144 1.179720 5.744973 1.806209 2.178408 4.387131 
0.763644 0.767733 0.815263 1.035707 3.961136 4.671908 2.058960 4.251129 
0.639299 0.648934 0.700319 1.002931 1.198707 6.807852 2.586057 4.338370 
0.560402 0.536524 0.614786 0.724010 0.904593 5.806048 3.631330 3.106576 
0.327494 0.380581 0.587330 0.933869 1.114122 1.785517 6.079010 4.018678 
0.637535 0.913166 0.826049 1.062198 2.034526 2.200237 3.440308 3.977291 
0.477237 0.524317 0.784597 1.101652 1.350064 1.565274 2.157600 9.221237 
0.843727 1.220214 1.584099 1.006546 1.714051 1.228333 1.341613 10.120807 
