2.004684 0.004730 0.007766 0.005520 0.005763 0.008945 0.008968 0.010353 
1.794457 1.789725 0.004995 0.005461 0.005698 0.006018 0.009848 0.008244 
0.902406 3.587490 0.012352 0.010646 0.009523 0.014472 0.009000 0.009076 
0.003987 4.003174 0.004709 0.004243 0.003719 0.005670 0.006421 0.006197 
1.795325 0.005066 2.678797 0.006418 0.005014 0.006505 0.009063 0.008970 
1.167732 2.324367 3.481402 0.015888 0.015112 0.019956 0.023763 0.018038 
0.010449 3.595376 2.668939 0.010964 0.011573 0.015720 0.009784 0.018024 
0.902586 0.005971 5.369133 0.009647 0.009166 0.007714 0.011078 0.006131 
0.007653 1.798029 5.372391 0.008525 0.010882 0.010831 0.007961 0.010086 
0.003289 0.003024 6.003021 0.004386 0.004243 0.003687 0.007159 0.006057 
1.797548 0.007193 0.007091 3.570486 0.007969 0.008090 0.015307 0.010502 
1.167070 2.323483 0.016616 4.640126 0.019982 0.016360 0.014493 0.017170 
0.006911 3.584738 0.006418 3.576985 0.008501 0.009648 0.005813 0.006471 
1.166692 0.009397 3.462217 4.629696 0.010675 0.009395 0.012371 0.012804 
0.008893 2.320711 3.469784 4.623324 0.008771 0.008628 0.008750 0.020404 
0.007050 0.006900 5.372906 3.585924 0.007658 0.023113 0.014455 0.010075 
0.897625 0.006440 0.009544 7.167648 0.012238 0.006354 0.011178 0.019104 
0.005016 1.795071 0.006016 7.158445 0.004945 0.009541 0.004704 0.007422 
0.010054 0.011689 2.680822 7.171224 0.011913 0.009042 0.024244 0.011387 
0.004570 0.004055 0.003916 8.003911 0.004802 0.005288 0.007490 0.004227 
1.794117 0.004831 0.006993 0.005578 4.470591 0.009601 0.008779 0.008498 
1.166673 2.320731 0.015208 0.013796 5.798774 0.018827 0.021619 0.013434 
0.007347 3.585176 0.008649 0.007270 4.475652 0.011558 0.010683 0.009966 
1.164226 0.008780 3.471481 0.009826 5.780155 0.010422 0.013666 0.012613 
0.007032 2.304128 3.462975 0.006210 5.817539 0.006662 0.010171 0.009348 
0.006149 0.006079 5.372881 0.006916 4.477417 0.007043 0.006456 0.009642 
1.163723 0.008775 0.008088 4.627548 5.773326 0.008722 0.015319 0.011769 
0.009995 2.324399 0.011693 4.612473 5.789913 0.010318 0.013901 0.010568 
0.008382 0.006559 3.464866 4.625841 5.789097 0.010708 0.010115 0.006872 
0.006347 0.004655 0.004625 7.159689 4.477616 0.017767 0.005080 0.007958 
0.899931 0.004298 0.005831 0.005227 8.942436 0.004346 0.008543 0.006471 
0.007233 1.795002 0.007212 0.007208 8.951987 0.007846 0.014308 0.009291 
0.006038 0.006121 2.700431 0.006299 8.940687 0.007225 0.010510 0.005973 
0.005274 0.004420 0.004411 3.585430 8.946607 0.011211 0.004849 0.013340 
0.004352 0.004012 0.004008 0.003965 10.003921 0.004146 0.004370 0.007187 
1.796694 0.006332 0.009073 0.007636 0.008184 5.354460 0.006489 0.006775 
1.180716 2.338984 0.032660 0.032449 0.035105 7.006643 0.036353 0.032723 
0.005791 3.585177 0.006529 0.006360 0.007375 5.355423 0.004895 0.008158 
1.167153 0.011027 3.464276 0.012391 0.011746 6.950885 0.013998 0.013548 
0.013405 2.331132 3.472187 0.013539 0.014033 6.921947 0.016845 0.015239 
0.005187 0.005122 5.369790 0.006290 0.009309 5.379161 0.008085 0.015614 
1.167194 0.010289 0.012669 4.630686 0.012903 6.921403 0.013604 0.010325 
0.007364 2.322356 0.008617 4.626374 0.007562 6.915721 0.007006 0.010052 
0.003782 0.003744 3.467565 4.623596 0.005714 6.930850 0.029798 0.004013 
0.006686 0.006044 0.005845 7.167719 0.006401 5.352985 0.009549 0.006005 
1.164013 0.011037 0.012103 0.011100 5.817741 6.906904 0.014671 0.013899 
0.007183 2.315301 0.007548 0.007483 5.791045 6.924149 0.006797 0.008202 
0.006409 0.006279 3.473601 0.007229 5.794579 6.910063 0.017922 0.008942 
0.006036 0.005731 0.005717 4.631567 5.772911 6.930900 0.016526 0.009029 
0.006100 0.005251 0.005252 0.005533 8.955526 5.357379 0.010135 0.008579 
0.903396 0.007083 0.006565 0.006580 0.009705 10.729295 0.010662 0.010275 
0.006467 1.801033 0.007273 0.007008 0.007250 10.730821 0.006480 0.009202 
0.004199 0.004105 2.677816 0.004646 0.006864 10.746698 0.004533 0.004548 
0.009216 0.008947 0.008947 3.603890 0.009411 10.729108 0.012264 0.009287 
0.007037 0.006670 0.009024 0.006660 4.491247 10.732301 0.006778 0.010668 
0.003081 0.002627 0.002562 0.002560 0.002571 12.002559 0.005893 0.002823 
1.795128 0.004044 0.008708 0.005048 0.005016 0.006429 6.232784 0.004525 
1.166953 2.317609 0.013617 0.015391 0.013874 0.013926 8.110322 0.016202 
0.004679 3.583176 0.006444 0.004457 0.004742 0.005273 6.254129 0.006882 
1.163705 0.007909 3.464339 0.011286 0.008311 0.008784 8.096740 0.010815 
0.008564 2.326037 3.477153 0.007930 0.020102 0.010406 8.042985 0.008103 
0.004309 0.004238 5.368793 0.005080 0.005108 0.005238 6.274590 0.007538 
1.170832 0.015226 0.017013 4.642960 0.018924 0.016996 8.074922 0.018154 
0.007091 2.320053 0.010664 4.606651 0.020350 0.007776 8.110658 0.009842 
0.005654 0.005463 3.467738 4.635870 0.006221 0.008772 8.072252 0.026574 
0.005414 0.004754 0.005736 7.164651 0.005594 0.005454 6.250027 0.004816 
1.163883 0.007166 0.008444 0.007172 5.770894 0.007996 8.085281 0.007023 
0.007301 2.316648 0.006751 0.006244 5.800528 0.008830 8.053674 0.006141 
0.007397 0.005764 3.490770 0.006370 5.789816 0.009937 8.024699 0.009785 
0.008568 0.006926 0.006976 4.629392 5.777156 0.007556 8.087976 0.010248 
0.008844 0.003950 0.003845 0.003857 8.958660 0.004032 6.234990 0.008252 
1.165983 0.007064 0.010823 0.007109 0.008035 6.913916 8.082716 0.015404 
0.008902 2.327609 0.008950 0.008044 0.014363 6.914098 8.079382 0.015732 
0.009572 0.009482 3.488469 0.010379 0.010279 6.914559 8.084509 0.012573 
0.006259 0.006060 0.006060 4.634970 0.006422 6.939474 8.065138 0.006196 
0.009761 0.007251 0.007261 0.007253 5.809486 6.927728 8.058752 0.018773 
0.005577 0.003848 0.009737 0.003850 0.004362 10.738283 6.261756 0.004146 
0.902121 0.005105 0.006144 0.005407 0.006450 0.006985 12.517921 0.008045 
0.005242 1.796104 0.005200 0.004585 0.004872 0.005998 12.521170 0.007174 
0.006322 0.003492 2.682273 0.004074 0.004010 0.003760 12.530641 0.006316 
0.006094 0.006235 0.005890 3.586914 0.006153 0.011476 12.524965 0.008172 
0.005517 0.005356 0.005367 0.005340 4.490580 0.005789 12.518130 0.005705 
0.004645 0.004632 0.004631 0.004633 0.004633 5.376802 12.523338 0.008021 
0.003562 0.002867 0.002869 0.002952 0.002873 0.002881 14.002866 0.002978 
1.827233 0.043221 0.046001 0.045184 0.048667 0.047749 0.043130 7.261994 
1.159992 2.317225 0.006307 0.006691 0.006943 0.007114 0.006308 9.242257 
0.005920 3.582031 0.006595 0.006155 0.005700 0.007457 0.006634 7.167738 
1.162599 0.006221 3.466933 0.007321 0.008966 0.007109 0.009346 9.238240 
0.005713 2.324599 3.459418 0.010121 0.006331 0.007485 0.008449 9.232464 
0.005693 0.005397 5.374606 0.006591 0.009989 0.006245 0.006453 7.146634 
1.163865 0.009334 0.012620 4.630928 0.009576 0.009878 0.011424 9.236016 
0.005283 2.320252 0.007635 4.620427 0.006717 0.006437 0.007556 9.224220 
0.007716 0.006237 3.476924 4.629911 0.006661 0.009675 0.012270 9.215903 
0.004426 0.004106 0.004161 7.162303 0.004907 0.019854 0.010984 7.148361 
1.160181 0.005311 0.006502 0.007762 5.766298 0.005575 0.019899 9.256584 
0.010476 2.328701 0.013864 0.009638 5.767216 0.012120 0.016522 9.230208 
0.005570 0.005422 3.464090 0.005850 5.789740 0.005994 0.008348 9.240169 
0.007958 0.006805 0.006494 4.645509 5.779894 0.010433 0.009335 9.203641 
0.004402 0.003669 0.003540 0.003537 8.950079 0.008275 0.003728 7.151680 
1.168949 0.007217 0.007187 0.007838 0.007065 6.910436 0.007703 9.219831 
0.006020 2.320971 0.005480 0.005805 0.007024 6.955228 0.026409 9.189035 
0.007090 0.005822 3.470600 0.009943 0.010216 6.922871 0.008348 9.255804 
0.006547 0.005498 0.005498 4.633214 0.008978 6.934555 0.011829 9.224084 
0.005431 0.003879 0.004202 0.003824 5.786158 6.928992 0.010306 9.231312 
0.005454 0.005426 0.005432 0.005427 0.005426 10.734011 0.005799 7.172940 
1.162484 0.005225 0.008457 0.005878 0.005854 0.008630 8.074431 9.237573 
0.006899 2.318770 0.007089 0.009035 0.006966 0.009680 8.068455 9.256103 
0.006748 0.006270 3.472299 0.008838 0.009569 0.006766 8.096960 9.229798 
0.004399 0.006120 0.004369 4.628646 0.004836 0.005840 8.085799 9.232689 
0.004275 0.009344 0.004036 0.004007 5.776925 0.005487 8.088507 9.240689 
0.004642 0.005864 0.004621 0.004606 0.004722 6.929484 8.089245 9.244646 
0.003813 0.003455 0.003398 0.003454 0.003391 0.003392 12.525563 7.158371 
0.913225 0.024642 0.025259 0.026660 0.023861 0.028140 0.023778 14.352184 
0.005946 1.802237 0.005909 0.008915 0.008774 0.005633 0.008809 14.299732 
0.004739 0.004622 2.695006 0.005078 0.005192 0.006383 0.008712 14.305971 
0.004995 0.004695 0.004748 3.591601 0.004795 0.005225 0.007054 14.306215 
0.005253 0.006074 0.005260 0.005298 4.481678 0.005590 0.009963 14.312645 
0.005223 0.006230 0.005184 0.005162 0.005162 5.383285 0.007169 14.308279 
0.004422 0.004324 0.004325 0.004330 0.007421 0.009331 6.262296 14.316881 
0.003502 0.003124 0.003050 0.003097 0.003072 0.003054 0.003056 16.003049 
1.938314 0.428821 0.635495 0.725684 1.163760 1.235941 1.207770 1.717796 
1.357663 2.709572 0.796232 1.084130 1.322739 1.581420 1.836118 2.157313 
0.214983 3.852030 0.622657 0.905326 1.055870 1.193113 1.453068 1.701945 
1.396984 0.587770 4.121282 1.092854 1.468513 1.591723 2.083676 2.317977 
0.275250 2.681448 4.033137 1.102331 1.358483 1.620919 1.739992 2.112055 
0.226718 0.429599 5.782431 0.884980 1.063059 1.307341 1.537186 1.716040 
1.359566 0.516607 0.669002 5.482079 1.238527 1.735186 1.999497 2.104109 
0.286138 2.712196 0.767408 5.446157 1.312697 1.577025 1.851121 2.146882 
0.264907 0.546399 4.076672 5.416873 1.368014 1.554809 1.799360 2.148964 
0.220556 0.434577 0.642609 7.697731 1.091356 1.294847 1.508742 1.632483 
1.364663 0.539766 0.822967 1.029337 6.717457 1.620765 1.907064 2.240207 
0.270178 2.722576 0.773381 1.062216 6.738469 1.632462 1.835989 2.071891 
0.277732 0.553474 4.067027 1.076511 6.811420 1.652841 1.847008 2.097221 
0.280012 0.547848 0.821866 5.434267 6.828803 1.620472 1.852063 2.145029 
0.215872 0.421746 0.632070 0.851350 9.647822 1.269190 1.514842 1.680562 
1.368347 0.567232 0.811906 1.077511 1.350641 8.107803 1.874492 2.044707 
0.282645 2.743040 0.802126 1.035004 1.266768 8.108490 1.905416 2.170015 
0.291640 0.584023 4.086259 1.055909 1.447088 8.207234 1.882680 2.188733 
0.280595 0.566426 0.800026 5.506736 1.374145 8.212559 1.889068 2.247708 
0.267959 0.571409 0.841456 1.082380 6.731362 8.088086 1.821491 2.133671 
0.202466 0.408980 0.637331 0.832623 1.044656 11.567912 1.501001 1.701956 
1.359436 0.522514 0.789423 1.061066 1.333429 1.615237 9.420247 2.039925 
0.266424 2.729507 0.738854 1.036267 1.276234 1.634444 9.507650 2.043854 
0.273016 0.567685 4.090863 1.073991 1.402801 1.741576 9.471190 2.100338 
0.276000 0.535127 0.814181 5.412020 1.347513 1.673347 9.464189 2.157951 
0.274648 0.546795 0.796706 1.073714 6.784165 1.593904 9.479136 2.189131 
0.275125 0.546279 0.814252 1.118420 1.335178 8.062985 9.419659 2.101141 
0.226114 0.427482 0.621574 0.856769 1.030150 1.273401 13.524847 1.655449 
1.356632 0.536482 0.810053 1.030817 1.322596 1.673884 1.858261 10.779180 
0.277035 2.684564 0.807011 1.113685 1.350965 1.608298 1.853643 10.752986 
0.281635 0.545269 4.136682 1.090881 1.397287 1.679121 1.949169 11.006047 
0.284444 0.536380 0.868068 5.525221 1.389687 1.738481 1.934088 10.984653 
0.271166 0.541271 0.803034 1.083777 6.770329 1.571162 1.879605 10.740524 
0.269087 0.542723 0.805461 1.064695 1.396653 8.050986 1.976201 10.727943 
0.266171 0.550569 0.803419 1.085861 1.363483 1.670826 9.495709 10.724057 
0.220320 0.423302 0.632354 0.861709 1.097963 1.269985 1.575710 15.411265 
