2.041664 0.056536 0.080843 0.071287 0.044578 
2.014530 0.858880 0.067650 0.084606 0.073611 
1.829318 1.862714 0.066974 0.051029 0.083326 
1.439036 2.913601 0.084524 0.078291 0.048228 
0.933219 3.646805 0.079972 0.088788 0.212462 
0.455722 3.979609 0.097124 0.082226 0.063526 
0.065115 4.045040 0.109539 0.106877 0.087301 
2.001046 0.044800 1.237291 0.083568 0.135325 
1.929767 1.026724 1.520522 0.052835 0.113947 
1.660383 2.218693 1.684629 0.071235 0.166123 
1.105077 3.314468 1.628624 0.130237 0.129142 
0.527536 3.852679 1.523547 0.130360 0.138754 
0.107618 3.969700 1.227589 0.124666 0.189271 
1.825321 0.046285 2.767420 0.121192 0.098143 
1.664400 1.133039 3.392269 0.086715 0.101343 
1.192634 2.414066 3.538400 0.121280 0.098034 
0.580313 3.200543 3.374356 0.059492 0.082831 
0.183120 3.614395 2.677096 0.070501 0.046236 
1.443943 0.045002 4.332110 0.083659 0.052001 
1.094351 1.076341 4.902327 0.050963 0.048681 
0.573082 2.147600 4.904052 0.050449 0.129011 
0.067311 2.875803 4.307963 0.055250 0.232145 
0.909889 0.051392 5.461844 0.077613 0.110707 
0.502334 0.954342 5.792851 0.097667 0.110885 
0.090791 1.775155 5.456998 0.132679 0.074067 
0.444087 0.058770 5.930014 0.071881 0.107073 
0.071289 0.793304 5.933727 0.044096 0.103677 
0.054932 0.053356 6.052563 0.082024 0.200894 
2.001211 0.082214 0.065600 1.631883 0.138745 
1.951943 1.000453 0.077788 1.989247 0.072959 
1.625095 2.222819 0.092730 2.301575 0.083394 
1.110893 3.287355 0.080645 2.157650 0.080598 
0.518239 3.850203 0.080251 1.940755 0.134957 
0.133612 3.947537 0.246529 2.065110 0.176712 
1.925641 0.056944 1.409571 1.961250 0.044755 
1.776696 1.244982 1.765460 2.427428 0.071718 
1.301061 2.641903 1.866108 2.733956 0.117356 
0.595533 3.568514 1.720708 2.430218 0.069965 
0.083575 3.841211 1.568973 1.652615 0.280625 
1.651439 0.097921 3.297462 2.162167 0.067260 
1.300585 1.305754 3.882177 2.616941 0.080106 
0.651359 2.579864 3.993812 2.615597 0.118695 
0.160925 3.176029 3.361417 2.194209 0.113868 
1.100974 0.054200 4.882615 2.222466 0.119056 
0.612169 1.182923 5.329374 2.397910 0.111289 
0.054511 2.124313 4.887689 2.287472 0.118404 
0.528609 0.064932 5.701676 1.891079 0.066613 
0.078432 0.947583 5.698378 1.981050 0.065391 
0.069796 0.081620 5.918291 1.852524 0.103124 
1.828947 0.050197 0.098208 3.700734 0.064130 
1.641453 1.081482 0.087477 4.390194 0.049983 
1.197840 2.383447 0.093026 4.648886 0.106792 
0.562738 3.265890 0.080552 4.397911 0.099977 
0.169223 3.642110 0.211602 3.603447 0.365806 
1.647033 0.059843 1.630848 4.448835 0.111840 
1.346204 1.447311 1.810195 5.079451 0.123165 
0.613960 2.613972 1.941163 5.247356 0.110842 
0.172186 3.195671 1.673595 4.399539 0.051594 
1.192972 0.044196 3.529904 4.639436 0.162316 
0.681718 1.336353 3.845606 5.119394 0.093088 
0.126073 2.332352 3.522540 4.631817 0.209744 
0.583305 0.066145 4.902437 4.300944 0.187288 
0.092046 1.062663 4.896973 4.311013 0.054904 
0.075899 0.118217 5.405304 3.728365 0.110522 
1.445463 0.064463 0.058256 5.807673 0.067491 
1.094864 1.133967 0.138898 6.554662 0.165563 
0.573804 2.200103 0.080492 6.539280 0.081394 
0.156608 2.821818 0.066629 5.786153 0.133544 
1.071473 0.044337 1.644939 6.567293 0.060255 
0.619183 1.137948 1.872113 7.096997 0.169650 
0.094560 2.102250 1.641520 6.561790 0.071427 
0.558057 0.064355 3.266193 6.499685 0.064290 
0.081930 1.071381 3.276884 6.551724 0.136261 
0.133758 0.088121 4.246011 5.736009 0.308407 
0.921715 0.053066 0.056397 7.213826 0.102844 
0.507281 0.992634 0.063261 7.635702 0.134379 
0.103609 1.774975 0.113045 7.219123 0.063531 
0.527351 0.046250 1.478031 7.571889 0.050447 
0.077007 0.959434 1.451953 7.593446 0.095457 
0.111774 0.038961 2.731351 7.176410 0.051079 
0.444937 0.064006 0.052167 7.886746 0.055358 
0.072271 0.791810 0.078394 7.899713 0.055353 
0.068933 0.046694 1.176659 7.886483 0.084069 
0.075346 0.091856 0.087266 8.074407 0.129564 
2.003084 0.048901 0.098230 0.081614 2.001811 
1.949331 1.020773 0.080857 0.082664 2.487992 
1.655423 2.227602 0.069302 0.132265 2.794877 
1.127671 3.262245 0.089099 0.160389 2.707343 
0.507379 3.818385 0.084283 0.056622 2.352398 
0.191416 3.956663 0.084561 0.089014 1.832112 
1.938466 0.071751 1.559148 0.100755 2.485143 
1.793581 1.219128 1.845331 0.074815 2.989078 
1.309980 2.624793 1.962174 0.202227 3.063315 
0.624424 3.561674 1.774844 0.197776 2.809499 
0.192073 3.791106 1.422737 0.146862 2.556275 
1.683448 0.128691 3.400823 0.132137 2.703751 
1.293085 1.308124 3.914832 0.057022 3.161844 
0.669152 2.604865 3.885509 0.071874 3.144384 
0.168581 3.247425 3.269682 0.049269 2.574201 
1.100149 0.091337 4.938052 0.090712 2.663101 
0.626691 1.175395 5.336978 0.088632 2.910880 
0.117210 2.138618 4.905653 0.095682 2.530267 
0.508423 0.059394 5.736152 0.088426 2.344398 
0.079789 0.948448 5.725814 0.058782 2.279335 
0.067929 0.068532 5.929385 0.049331 1.984146 
1.938428 0.060278 0.070321 1.988499 2.383760 
1.806611 1.261267 0.082934 2.465214 2.912033 
1.326031 2.613336 0.131567 2.659043 3.155883 
0.623592 3.506538 0.054783 2.422183 2.831569 
0.184834 3.812700 0.095252 1.896882 2.215883 
1.782588 0.063806 1.834978 2.438663 2.889973 
1.459081 1.502113 2.153095 2.928492 3.803403 
0.757489 2.925318 2.219107 2.904440 3.645435 
0.180499 3.450512 1.883103 2.501506 2.922360 
1.296767 0.079612 3.963705 2.761525 3.095879 
0.751388 1.446847 4.321434 2.939327 3.457138 
0.135937 2.538348 3.886242 2.505347 3.197308 
0.610231 0.079659 5.294856 2.378279 2.887456 
0.104885 1.206114 5.261829 2.360116 2.895201 
0.171605 0.173027 5.698416 1.881671 2.287130 
1.664472 0.087260 0.075804 4.378296 2.658624 
1.299711 1.355006 0.064126 5.202346 3.126272 
0.668202 2.533879 0.091780 5.300160 3.244499 
0.164833 3.210598 0.083938 4.407320 2.627696 
1.304529 0.066078 2.015422 5.164849 3.179370 
0.762349 1.526498 2.160760 5.776967 3.518345 
0.128526 2.547815 1.857419 5.142924 3.149912 
0.688852 0.074568 3.934086 5.084147 3.009746 
0.059401 1.266119 3.966299 5.097502 2.987745 
0.052735 0.208570 4.753490 4.486221 2.780481 
1.097720 0.053684 0.055307 6.543793 2.662680 
0.617507 1.184074 0.087513 7.018316 2.861035 
0.132300 2.179214 0.145742 6.564828 2.738084 
0.616244 0.067576 1.719271 7.057100 2.825139 
0.094579 1.198872 1.769349 7.014136 2.793943 
0.126499 0.038144 3.300170 6.420052 2.601169 
0.508588 0.064020 0.081182 7.631268 2.300137 
0.081742 1.015436 0.044850 7.582289 2.306488 
0.079210 0.042483 1.436455 7.604690 2.318812 
0.063724 0.072147 0.142747 7.933404 1.851023 
1.834167 0.067707 0.076837 0.066694 4.539888 
1.658134 1.127859 0.106256 0.089350 5.439426 
1.186735 2.377129 0.056514 0.091075 5.916905 
0.577062 3.320480 0.120495 0.068258 5.300466 
0.180729 3.625940 0.104553 0.167525 4.373225 
1.656242 0.060746 1.701550 0.146488 5.413673 
1.330038 1.315554 2.030357 0.085361 6.476572 
0.689533 2.570085 1.996225 0.121576 6.273907 
0.092286 3.298336 1.713787 0.199811 5.391039 
1.206966 0.098404 3.596276 0.060221 5.713916 
0.681863 1.295371 3.950849 0.091558 6.224714 
0.132123 2.333535 3.529083 0.110575 5.793316 
0.574067 0.088066 4.912276 0.053520 5.263519 
0.083947 1.099198 4.906475 0.104225 5.258063 
0.181026 0.047667 5.428527 0.139124 4.354968 
1.656252 0.061045 0.067877 2.189583 5.343589 
1.312362 1.356491 0.048709 2.615075 6.267106 
0.679183 2.666892 0.118684 2.662563 6.151325 
0.109210 3.327004 0.246324 2.135723 5.466964 
1.301510 0.045807 1.978110 2.686344 6.312899 
0.765949 1.550472 2.160771 2.932720 7.051647 
0.067552 2.602881 2.089653 2.501993 6.289192 
0.686986 0.074159 3.904075 2.597080 6.238864 
0.095007 1.295892 3.878093 2.570980 6.317842 
0.127010 0.056794 5.027299 1.999268 5.077230 
1.187696 0.048943 0.044281 4.799211 5.680166 
0.646124 1.395466 0.171025 5.396784 6.240117 
0.136380 2.338611 0.052204 4.770359 5.700461 
0.663577 0.045520 1.992201 5.190220 6.226293 
0.103506 1.317926 2.004297 5.207241 6.204340 
0.082788 0.062899 3.534915 4.810166 5.655037 
0.568897 0.036291 0.047576 6.484798 5.300559 
0.076394 1.100719 0.049536 6.530930 5.217454 
0.076933 0.046320 1.666355 6.520633 5.251343 
0.103457 0.123888 0.246164 7.407621 4.171630 
1.476030 0.078740 0.074143 0.076195 7.123785 
1.123282 1.112087 0.058269 0.083949 8.042291 
0.590541 2.217729 0.073843 0.077298 8.025091 
0.172905 2.930910 0.057461 0.074462 6.962935 
1.130030 0.066804 1.693089 0.078038 8.059243 
0.608992 1.248263 1.813600 0.064191 8.718848 
0.127401 2.181959 1.743456 0.097760 7.988149 
0.583087 0.066687 3.368594 0.068893 8.004588 
0.082451 1.115523 3.321270 0.053232 7.948146 
0.058082 0.130924 4.457386 0.125213 6.845073 
1.104000 0.055230 0.069367 2.246345 8.053500 
0.690869 1.211013 0.155833 2.455187 8.654552 
0.099058 2.160834 0.145798 2.318391 8.058838 
0.640054 0.068496 1.850912 2.429796 8.640532 
0.079058 1.222164 1.796452 2.434043 8.588296 
0.107767 0.053130 3.221679 2.158556 8.117268 
0.590562 0.051087 0.048823 4.422254 7.949517 
0.055196 1.118243 0.094236 4.477941 7.948947 
0.076965 0.032858 1.711967 4.424345 7.897159 
0.064511 0.080076 0.192306 5.786783 7.047834 
0.945796 0.053577 0.059621 0.059875 8.980001 
0.532787 0.993910 0.062610 0.092041 9.449701 
0.106975 1.879252 0.032049 0.118426 8.892793 
0.534575 0.054806 1.529990 0.056227 9.432454 
0.069630 1.001777 1.524662 0.042055 9.403268 
0.047777 0.072652 2.910795 0.125248 8.833091 
0.531214 0.049999 0.052596 1.995349 9.424205 
0.081710 0.972707 0.049377 1.957511 9.471409 
0.074132 0.037389 1.493465 1.980344 9.419535 
0.058050 0.057860 0.121483 3.842951 8.861676 
0.448475 0.038430 0.044378 0.038176 9.813223 
0.063236 0.843122 0.048258 0.058205 9.820866 
0.067055 0.032296 1.256874 0.058597 9.814475 
0.060588 0.028046 0.031777 1.663691 9.815149 
0.054394 0.049557 0.053020 0.054596 10.049508 
