2.384117 0.386319 0.384201 0.385525 0.384920 0.384790 0.385777 0.396193 
2.213846 1.831272 0.355165 0.357487 0.358501 0.355606 0.357721 0.355292 
1.220644 3.860796 0.305001 0.307215 0.305816 0.312672 0.306551 0.319226 
0.258150 4.257959 0.258043 0.264218 0.261552 0.261161 0.259452 0.261078 
2.244085 0.363723 2.384707 0.365994 0.361350 0.361376 0.362751 0.377201 
1.604159 2.564818 3.415289 0.314794 0.314265 0.315874 0.317822 0.314199 
0.259846 3.944794 2.589905 0.261369 0.259945 0.259389 0.260596 0.260402 
1.313274 0.309672 5.496561 0.309371 0.309295 0.315966 0.310911 0.310344 
0.208413 2.104612 5.490705 0.218581 0.211707 0.215360 0.209175 0.210788 
0.161679 0.167383 6.161664 0.164068 0.164844 0.175985 0.163296 0.177259 
2.256941 0.359961 0.358388 2.862330 0.361059 0.358914 0.360153 0.361184 
1.621443 2.635451 0.308683 4.151217 0.312036 0.316327 0.311195 0.311016 
0.256427 3.990283 0.260314 3.124159 0.257129 0.256508 0.258929 0.257206 
1.696529 0.309089 3.468384 4.239704 0.309274 0.316355 0.333318 0.309257 
0.209238 2.758466 3.620866 4.368987 0.209500 0.211199 0.210130 0.215633 
0.167783 0.177969 5.653923 3.406299 0.167891 0.168027 0.175126 0.168451 
1.355744 0.305829 0.304581 7.110241 0.307983 0.307849 0.306028 0.307056 
0.209368 2.247672 0.211251 7.092270 0.209953 0.212236 0.213078 0.222500 
0.114613 0.114659 2.968431 7.151713 0.115187 0.116978 0.124760 0.156626 
0.072767 0.072806 0.081550 8.072759 0.072865 0.075063 0.075459 0.073843 
2.265244 0.359124 0.359153 0.360458 3.372172 0.358946 0.360490 0.358804 
1.651060 2.621092 0.307808 0.308953 4.936253 0.310937 0.311735 0.308757 
0.257646 4.005427 0.258024 0.266862 3.746588 0.259717 0.257985 0.259851 
1.696879 0.309573 3.531829 0.309802 5.091468 0.310801 0.310415 0.308474 
0.212450 2.764887 3.703324 0.218052 5.253572 0.212469 0.212985 0.221220 
0.161116 0.161764 5.696989 0.167243 4.017578 0.166184 0.162190 0.162066 
1.717248 0.307099 0.307161 4.402658 5.213600 0.309782 0.308656 0.310219 
0.215131 2.880641 0.215072 4.501286 5.399149 0.236376 0.221754 0.216485 
0.118787 0.119129 3.819855 4.658626 5.572732 0.121351 0.129768 0.121693 
0.075899 0.075901 0.082089 7.287044 4.405852 0.077436 0.105736 0.077640 
1.420320 0.310380 0.309492 0.310770 8.625049 0.309653 0.312248 0.311222 
0.206793 2.341937 0.206427 0.207637 8.661883 0.206686 0.207519 0.207261 
0.115599 0.115615 3.065462 0.120332 8.823516 0.117947 0.126764 0.158411 
0.028181 0.028182 0.031469 3.709450 8.906520 0.047826 0.043923 0.041764 
0.033376 0.033383 0.033441 0.034204 10.033360 0.034403 0.053890 0.044106 
2.256333 0.358690 0.356278 0.358510 0.359525 4.100900 0.358825 0.358730 
1.623876 2.641203 0.307782 0.309745 0.308578 6.019776 0.310063 0.308189 
0.257404 3.994081 0.257824 0.261652 0.257319 4.531900 0.260635 0.258468 
1.699371 0.306546 3.536109 0.311967 0.308953 6.001295 0.307385 0.310550 
0.212280 2.815805 3.663168 0.214212 0.213018 6.158452 0.213371 0.214480 
0.162277 0.162927 5.674983 0.171271 0.162757 4.899374 0.163346 0.163199 
1.727770 0.307999 0.306253 4.357620 0.309163 6.163650 0.308841 0.308533 
0.209612 2.872169 0.212687 4.491985 0.213440 6.448829 0.216405 0.225888 
0.113248 0.114290 3.867764 4.590664 0.114569 6.633057 0.125486 0.123308 
0.068894 0.069364 0.076762 7.306688 0.070794 5.180575 0.080175 0.109564 
1.759800 0.312177 0.309140 0.313523 5.193153 6.129543 0.310591 0.311629 
0.207500 2.843460 0.210765 0.213611 5.564539 6.542896 0.208703 0.228425 
0.108476 0.108866 3.887576 0.115412 5.659808 6.627399 0.119675 0.122164 
0.036863 0.037085 0.041024 4.774113 5.743479 6.863992 0.045829 0.050471 
0.032921 0.033113 0.033119 0.040464 8.994875 5.356757 0.039941 0.045649 
1.422924 0.309930 0.309054 0.314927 0.309530 10.275270 0.331484 0.309293 
0.211899 2.336058 0.211923 0.212693 0.212328 10.379978 0.213549 0.212465 
0.111778 0.111970 3.086298 0.116556 0.117324 10.533304 0.116017 0.145099 
0.034150 0.034387 0.038196 3.755266 0.035127 10.656951 0.045406 0.046824 
0.031429 0.031430 0.032463 0.031480 4.508661 10.761492 0.041569 0.032023 
0.030049 0.030050 0.031103 0.031464 0.030071 12.030047 0.037523 0.030363 
2.244649 0.357916 0.356409 0.359386 0.358914 0.357630 4.968264 0.357642 
1.640326 2.638482 0.310821 0.312105 0.311052 0.312202 6.868297 0.311459 
0.257029 3.986298 0.261236 0.260506 0.258349 0.264215 5.317507 0.279817 
1.684251 0.308575 3.535909 0.310548 0.310887 0.311154 7.131176 0.312615 
0.208174 2.779986 3.646858 0.217091 0.208655 0.209981 7.319479 0.264428 
0.161507 0.162597 5.692206 0.163002 0.161817 0.162945 5.589258 0.173435 
1.726779 0.305904 0.305890 4.263824 0.306064 0.312306 7.306542 0.305937 
0.209737 2.865377 0.212008 4.520308 0.210421 0.209439 7.465172 0.250422 
0.116759 0.117480 3.822377 4.644609 0.117437 0.120733 7.762240 0.119316 
0.073581 0.073670 0.081919 7.280071 0.079179 0.074496 6.152320 0.111801 
1.733702 0.309722 0.308208 0.309172 5.226507 0.314438 7.308668 0.312282 
0.210192 2.889595 0.224650 0.211197 5.490339 0.210409 7.517987 0.212814 
0.109810 0.111222 3.879357 0.115812 5.603755 0.113846 7.821970 0.111156 
0.031708 0.032356 0.033765 4.791772 5.718958 0.046449 7.982218 0.032184 
0.032629 0.032702 0.040675 0.037490 8.983903 0.032939 6.273938 0.035197 
1.720399 0.306124 0.306162 0.311084 0.306648 6.304367 7.307249 0.306571 
0.209346 2.874891 0.209604 0.211118 0.209338 6.507497 7.619957 0.241258 
0.115344 0.116775 3.881826 0.121387 0.122171 6.715953 7.826491 0.116138 
0.033464 0.033490 0.033672 4.807507 0.034096 6.838628 7.981208 0.064372 
0.043632 0.044028 0.043602 0.050334 5.847027 6.920741 8.143728 0.049699 
0.031973 0.031973 0.031975 0.034085 0.031978 10.758938 6.307311 0.042206 
1.405960 0.306643 0.306615 0.307357 0.308092 0.310945 12.001625 0.310635 
0.210625 2.339854 0.223288 0.214999 0.210262 0.210024 12.058515 0.209837 
0.114443 0.115029 3.084632 0.115246 0.114609 0.115213 12.278646 0.142564 
0.032988 0.032996 0.036125 3.722055 0.034761 0.034153 12.455614 0.034662 
0.032817 0.032889 0.032820 0.035672 4.532830 0.034210 12.535177 0.033377 
0.030541 0.031208 0.030554 0.034771 0.030627 5.411585 12.544047 0.031948 
0.031346 0.031456 0.037390 0.034777 0.036953 0.031347 14.031334 0.033915 
2.270303 0.361780 0.360233 0.361719 0.362871 0.360269 0.370570 5.101989 
1.614720 2.681461 0.308141 0.311546 0.310133 0.310489 0.310221 7.824256 
0.255924 3.982432 0.259723 0.256396 0.258298 0.262273 0.256570 6.065891 
1.681129 0.309648 3.521684 0.309359 0.311422 0.309330 0.310567 8.176230 
0.211962 2.797604 3.673052 0.220785 0.211878 0.213633 0.212570 8.198988 
0.163345 0.164626 5.653543 0.166181 0.173493 0.168017 0.193105 6.617246 
1.712020 0.309650 0.309546 4.414854 0.310362 0.334492 0.310265 8.226256 
0.211871 2.861076 0.212075 4.511108 0.212524 0.212795 0.214781 8.560045 
0.112886 0.119843 3.860442 4.644336 0.113174 0.113647 0.116155 8.714597 
0.068948 0.070156 0.085149 7.299289 0.073963 0.070932 0.079135 6.915585 
1.743043 0.309203 0.308697 0.313126 5.169568 0.309694 0.324273 8.298010 
0.211505 2.888481 0.212147 0.213694 5.465888 0.230185 0.214660 8.616020 
0.113470 0.119075 3.911703 0.114359 5.558209 0.115805 0.140151 8.917375 
0.027594 0.028346 0.029705 4.792188 5.732821 0.029476 0.052259 9.075419 
0.038519 0.038552 0.039618 0.039172 9.006932 0.038920 0.059367 7.116113 
1.747058 0.305495 0.305384 0.306748 0.305825 6.123029 0.322262 8.229111 
0.208828 2.889834 0.209087 0.210610 0.208876 6.513903 0.209167 8.590503 
0.114716 0.122532 3.882285 0.120638 0.114775 6.708263 0.123090 8.932910 
0.037528 0.038854 0.041359 4.810963 0.039493 6.830744 0.046404 9.137793 
0.032115 0.033686 0.037348 0.032132 5.863448 6.927661 0.038343 9.219489 
0.027380 0.027943 0.027964 0.028831 0.029157 10.762404 0.044918 7.177546 
1.740267 0.313011 0.316270 0.313938 0.316689 0.318403 7.167210 8.328612 
0.209446 2.893325 0.210928 0.211698 0.211680 0.230057 7.588632 8.548588 
0.112863 0.112876 3.902857 0.118952 0.119735 0.113219 7.731133 8.947486 
0.026691 0.027746 0.030330 4.804135 0.044649 0.027409 7.957654 9.111898 
0.030833 0.031753 0.030870 0.037417 5.858968 0.032141 8.056628 9.244807 
0.039505 0.039727 0.039253 0.043744 0.043346 6.994209 8.093671 9.273531 
0.029549 0.029709 0.030563 0.029585 0.029634 0.030782 12.564919 7.154264 
1.427229 0.307844 0.306646 0.307645 0.307038 0.306586 0.306985 13.558409 
0.210341 2.299662 0.211474 0.212066 0.211886 0.210124 0.211204 13.850207 
0.111488 0.113190 3.086899 0.122858 0.116877 0.118824 0.113541 14.005473 
0.029301 0.029406 0.035805 3.736369 0.030890 0.029915 0.036567 14.207776 
0.031743 0.032566 0.037282 0.031729 4.530136 0.032185 0.040574 14.321445 
0.032310 0.034351 0.034823 0.037163 0.032187 5.423508 0.037292 14.326442 
0.032839 0.036220 0.032897 0.039399 0.039397 0.032761 6.290395 14.345493 
0.030797 0.030798 0.030797 0.031091 0.030798 0.031576 0.030799 16.030797 
2.361586 0.385664 0.372598 0.425465 0.668054 1.225130 0.390274 1.482247 
1.777573 2.924456 0.801392 0.956885 1.047459 1.257140 1.594100 1.743109 
0.356625 4.206366 0.617611 0.757999 1.065713 1.217828 1.325552 1.372900 
1.833119 0.639365 4.004019 0.859964 1.126513 1.554754 1.440736 1.797400 
0.343089 3.202545 4.011050 1.020061 1.057063 1.480635 1.604163 1.802201 
0.349435 0.508955 6.088491 0.830330 1.034111 1.323819 1.270485 1.351894 
1.895520 0.666194 0.849026 4.941502 1.252104 1.509227 1.655013 1.823107 
0.388655 3.225945 0.822687 5.184532 1.235712 1.411248 1.541147 1.736303 
0.445794 0.707016 4.409401 5.359156 1.295802 1.508607 1.766344 1.960040 
0.398914 0.554907 0.746811 7.957736 0.995273 1.242916 1.504400 1.704702 
1.928815 0.626904 0.853325 1.013925 5.869076 1.406164 1.641049 1.911954 
0.406901 3.277230 0.838975 1.021639 6.159389 1.452137 1.701551 1.886318 
0.447262 0.691549 4.517998 1.116948 6.414253 1.546178 1.783179 1.965161 
0.477463 0.731910 0.949844 5.659498 6.754527 1.604102 1.907271 2.191525 
0.399548 0.579421 0.832572 0.959580 9.795911 1.225413 1.449859 1.793190 
1.915788 0.641591 0.865342 1.000849 1.210235 6.980202 1.630970 1.842202 
0.413180 3.417974 0.876151 1.030643 1.127615 6.897624 1.547554 1.759271 
0.455315 0.701042 4.473282 1.091843 1.269273 7.762990 1.739774 2.151612 
0.454678 0.737203 0.976728 5.603765 1.344552 8.093279 1.925414 2.109256 
0.461599 0.734320 0.970023 1.170066 6.843413 8.112217 1.870614 2.145191 
0.392008 0.589792 0.767575 0.865926 1.187505 11.771838 1.831820 1.757601 
1.914991 0.657811 0.911174 0.935369 1.289931 1.360918 8.076129 2.023233 
0.431475 3.494992 0.929037 0.910657 1.259986 1.336397 8.055403 1.912260 
0.419220 0.798607 4.496234 1.232032 1.397781 1.662689 8.789503 2.199143 
0.464737 0.745119 0.956111 5.648009 1.341351 1.613487 9.379561 2.197326 
0.434846 0.763745 1.017183 1.102860 6.812141 1.722498 9.520023 2.108875 
0.527097 0.731552 1.002543 1.133416 1.300856 8.411133 9.612114 1.936702 
0.409380 0.598120 0.800470 0.950815 1.093787 1.271283 13.657688 1.826005 
1.903029 0.641087 0.868743 0.996329 1.123712 1.427823 1.819380 9.465042 
0.382206 3.266680 0.871617 1.077300 1.200635 1.242464 1.742556 10.075190 
0.455278 0.717518 4.468113 1.117101 1.285280 1.542290 1.984556 10.190779 
0.425646 0.716947 0.939331 5.623354 1.272182 1.596871 1.897050 10.726969 
0.465165 0.752405 0.988258 1.151824 6.868963 1.605502 1.902746 10.693323 
0.471646 0.742695 0.990410 1.084570 1.382625 8.089245 1.893966 10.722429 
0.459981 0.705411 0.996496 1.123709 1.371953 1.585099 9.488984 10.782906 
0.388777 0.614080 0.816916 1.045459 0.959686 1.229238 1.841995 15.541913 
