2.219482 1.800389 0.355216 0.356458 0.357917 0.355173 0.361387 0.357439 
1.211068 3.873787 0.306523 0.306862 0.306537 0.307131 0.307814 0.310257 
0.256322 4.256312 0.257203 0.258424 0.256376 0.261206 0.264087 0.263643 
2.232894 0.359994 2.456327 0.359849 0.359603 0.359783 0.363227 0.362863 
1.594808 2.552908 3.445744 0.310852 0.310611 0.312724 0.310557 0.317387 
0.259898 3.930952 2.642622 0.261381 0.263545 0.264086 0.266642 0.264392 
0.319093 4.066350 2.418012 0.319875 0.322740 0.323281 0.325837 0.323587 
1.307633 0.306885 5.501486 0.307384 0.308291 0.307698 0.314367 0.308198 
0.206232 2.076720 5.509495 0.206096 0.207621 0.206332 0.211107 0.209878 
0.162670 0.170016 6.162655 0.162690 0.164226 0.162938 0.167713 0.166390 
2.249230 0.356291 0.356934 2.936986 0.356969 0.358861 0.356900 0.359278 
1.613454 2.637771 0.308144 4.172887 0.306953 0.307503 0.308179 0.309712 
0.261854 4.002456 0.262670 3.095801 0.262030 0.264098 0.269487 0.267408 
1.660575 0.306574 3.578557 4.259446 0.309689 0.310124 0.307380 0.311160 
0.208831 2.796359 3.629723 4.256428 0.210500 0.215918 0.219046 0.212301 
0.160950 0.162047 5.676397 3.310313 0.163698 0.161309 0.195297 0.203079 
1.391973 0.307925 0.308588 7.030644 0.311007 0.311965 0.314510 0.311562 
0.209458 2.273021 0.210837 7.059561 0.209394 0.211106 0.214996 0.222157 
0.110568 0.111477 3.010551 7.114062 0.114753 0.111061 0.130136 0.115141 
0.066294 0.066295 0.067190 8.066284 0.076512 0.066827 0.077246 0.081441 
2.262565 0.357855 0.360118 0.361424 3.406392 0.358137 0.358260 0.458441 
1.635390 2.639859 0.307321 0.308342 4.983732 0.307539 0.307296 0.310849 
0.259375 4.014556 0.260911 0.261193 3.704086 0.260938 0.260432 0.262732 
1.691707 0.305178 3.590469 0.306934 4.990719 0.306111 0.305542 0.309372 
0.207192 2.811852 3.654739 0.217600 5.162749 0.210380 0.213850 0.210128 
0.160320 0.163846 5.695090 0.164793 4.021165 0.160634 0.171365 0.161813 
1.733004 0.304946 0.305877 4.345625 5.153074 0.309004 0.305734 0.307806 
0.209720 2.889236 0.209357 4.498666 5.338996 0.208824 0.219977 0.209766 
0.113783 0.114159 3.860681 4.618604 5.525660 0.125112 0.126637 0.155185 
0.064783 0.064964 0.065663 7.293345 4.349170 0.065651 0.070862 0.079899 
1.440141 0.308123 0.308066 0.308862 8.551516 0.315272 0.318963 0.311819 
0.205750 2.330203 0.206565 0.209656 8.678192 0.231744 0.206636 0.209715 
0.112963 0.113592 3.082536 0.113776 8.802283 0.115961 0.118090 0.121039 
0.025925 0.026011 0.026374 3.710415 8.902194 0.026252 0.038772 0.037610 
0.022761 0.022809 0.022944 0.024350 10.022741 0.022810 0.043448 0.035168 
2.262482 0.359113 0.359154 0.360210 0.369260 4.025100 0.359500 0.362008 
1.631651 2.634757 0.307542 0.308569 0.309387 5.964428 0.307829 0.313951 
0.258541 4.016701 0.259645 0.260611 0.262258 4.367737 0.266349 0.261708 
1.675625 0.304800 3.607110 0.304678 0.306065 6.023897 0.315106 0.305773 
0.207371 2.817426 3.662070 0.208388 0.208898 6.115884 0.211977 0.210273 
0.159711 0.164778 5.688138 0.159680 0.164228 4.822379 0.204986 0.169732 
1.736815 0.306948 0.307500 4.301887 0.307529 6.178869 0.313547 0.308289 
0.208481 2.898613 0.209438 4.477925 0.211876 6.359625 0.213518 0.209724 
0.109391 0.112712 3.882627 4.562845 0.111902 6.622670 0.114417 0.119496 
0.068195 0.068417 0.069270 7.283985 0.071964 5.249663 0.079263 0.075727 
1.727208 0.307266 0.308033 0.309682 5.306489 6.255322 0.313168 0.308354 
0.208888 2.929049 0.209483 0.210329 5.406927 6.411147 0.213764 0.214026 
0.111993 0.116598 3.960643 0.123142 5.540262 6.616552 0.123746 0.127786 
0.024259 0.026669 0.036679 4.768752 5.734473 6.834978 0.024102 0.028153 
0.021033 0.021034 0.021385 0.023715 8.966509 5.384698 0.023726 0.026838 
1.431641 0.305696 0.305985 0.306666 0.306150 10.223266 0.307008 0.310381 
0.207099 2.287977 0.209626 0.208206 0.211141 10.454802 0.218206 0.212382 
0.108662 0.110393 3.091814 0.112120 0.109424 10.520341 0.114260 0.113562 
0.028285 0.028491 0.029256 3.773075 0.028969 10.632397 0.033587 0.032428 
0.021455 0.021858 0.023061 0.021482 4.510632 10.744327 0.021769 0.032428 
0.019457 0.019747 0.020928 0.021266 0.021609 12.019426 0.024568 0.022992 
2.262425 0.360401 0.361224 0.362243 0.360781 0.360886 4.684635 0.364024 
1.648593 2.604919 0.306042 0.306886 0.307011 0.317506 6.842600 0.309156 
0.259804 3.997250 0.260921 0.260871 0.264514 0.261610 5.248211 0.264123 
1.691143 0.307288 3.559480 0.309061 0.307247 0.311537 6.982162 0.310036 
0.210316 2.776196 3.675978 0.211207 0.210096 0.211491 7.268055 0.213223 
0.157299 0.158069 5.687203 0.157374 0.163398 0.157586 5.589575 0.165335 
1.716405 0.305424 0.310458 4.407513 0.307777 0.305899 7.150071 0.309794 
0.209371 2.909235 0.210158 4.440935 0.216320 0.208736 7.401294 0.221274 
0.112038 0.114869 3.893268 4.596635 0.114056 0.119828 7.631939 0.122367 
0.067001 0.067399 0.069055 7.297824 0.070328 0.070849 6.056794 0.075799 
1.740530 0.305554 0.305518 0.306794 5.193040 0.317198 7.252415 0.309098 
0.208919 2.906209 0.211863 0.210197 5.428940 0.210410 7.516569 0.221246 
0.113565 0.116787 3.909848 0.124116 5.567226 0.122363 7.809187 0.128199 
0.036171 0.036251 0.036747 4.797018 5.747653 0.036404 7.951252 0.047457 
0.030111 0.030210 0.030182 0.034511 8.986279 0.039398 6.257658 0.035000 
1.730744 0.306754 0.307191 0.308259 0.306810 6.270379 7.251320 0.310747 
0.207870 2.942620 0.208738 0.209650 0.212181 6.414791 7.414072 0.217873 
0.112664 0.113401 3.923908 0.117041 0.114115 6.622922 7.808360 0.118417 
0.024363 0.024740 0.025824 4.799395 0.024443 6.843481 7.953887 0.025121 
0.026503 0.026644 0.027047 0.026584 5.879915 6.903970 8.055498 0.028865 
0.024748 0.026402 0.032330 0.033042 0.024782 10.754092 6.294499 0.035829 
1.425216 0.306675 0.307136 0.307863 0.311245 0.307381 11.912343 0.317778 
0.208433 2.308914 0.214542 0.209947 0.210957 0.208124 12.119560 0.211531 
0.111710 0.112233 3.105514 0.111901 0.112925 0.112994 12.244398 0.117257 
0.021814 0.021849 0.022823 3.740684 0.023753 0.029479 12.417189 0.027559 
0.019205 0.019303 0.019676 0.019209 4.529507 0.020747 12.514318 0.033939 
0.020448 0.022009 0.027702 0.020432 0.020440 5.413000 12.527183 0.026404 
0.020980 0.021294 0.022586 0.025126 0.020992 0.020991 14.020975 0.028315 
2.245382 0.358981 0.360022 0.362522 0.365038 0.359245 0.359490 5.673493 
1.624209 2.667880 0.309976 0.310771 0.314192 0.309565 0.315647 7.808173 
0.262566 4.003719 0.263234 0.264779 0.262512 0.264541 0.264013 5.923203 
1.663744 0.306945 3.603166 0.308071 0.306971 0.309020 0.322454 8.109702 
0.208510 2.765315 3.691058 0.220207 0.208269 0.207450 0.216972 8.268922 
0.158858 0.160640 5.676373 0.166727 0.164240 0.164145 0.190856 6.444686 
1.725741 0.307796 0.308097 4.339300 0.311912 0.308534 0.308437 8.194969 
0.208070 2.900493 0.221443 4.453608 0.208809 0.208311 0.217389 8.445565 
0.114729 0.115451 3.886556 4.567695 0.122329 0.117054 0.118976 8.804324 
0.063312 0.063486 0.064204 7.276657 0.063445 0.065299 0.067279 6.982162 
1.727456 0.306680 0.309324 0.309358 5.238460 0.318050 0.313272 8.338757 
0.209129 2.917490 0.213897 0.209877 5.360936 0.208559 0.210230 8.609188 
0.111079 0.112490 3.883090 0.126732 5.508134 0.111248 0.115116 9.069496 
0.027863 0.028022 0.028425 4.789750 5.680621 0.035261 0.031473 9.165481 
0.026694 0.026997 0.028230 0.028363 8.954633 0.027092 0.029150 7.234136 
1.724164 0.307737 0.308385 0.309179 0.307734 6.223928 0.313159 8.392174 
0.208312 2.919235 0.214021 0.209907 0.209099 6.360480 0.212540 8.640811 
0.113924 0.115480 3.966644 0.113869 0.119169 6.620076 0.118158 8.784444 
0.030853 0.031878 0.034452 4.819087 0.033379 6.818541 0.039928 9.107411 
0.026868 0.028722 0.037395 0.026839 5.807874 6.923843 0.031258 9.292836 
0.023245 0.023282 0.023875 0.023867 0.023265 10.743981 0.027197 7.211592 
1.729965 0.305784 0.306347 0.307257 0.305822 0.306311 7.304218 8.192966 
0.209443 2.887366 0.208924 0.209406 0.213788 0.208358 7.511204 8.664277 
0.109897 0.116577 3.924555 0.120331 0.110876 0.117820 7.731176 8.865220 
0.026272 0.027938 0.035190 4.798909 0.030328 0.032951 7.946266 9.133447 
0.021292 0.021334 0.023030 0.022205 5.832629 0.023592 8.016164 9.297911 
0.022828 0.022832 0.040269 0.026207 0.022839 6.911993 8.143307 9.269158 
0.034661 0.034871 0.037972 0.034522 0.037168 0.051969 12.533838 7.240860 
1.412928 0.306108 0.306744 0.307166 0.310599 0.306393 0.306339 13.632539 
0.207576 2.297526 0.209770 0.208714 0.210144 0.208142 0.213883 13.849218 
0.111473 0.112011 3.101096 0.111551 0.113876 0.112390 0.145798 13.983624 
0.024119 0.024132 0.024368 3.728176 0.026072 0.024756 0.026207 14.205789 
0.024867 0.025108 0.026055 0.024867 4.518198 0.025673 0.026827 14.318690 
0.019316 0.020865 0.026680 0.019641 0.019302 5.418852 0.027089 14.308039 
0.020821 0.021119 0.022349 0.021083 0.020951 0.020848 6.253905 14.347507 
0.016755 0.016859 0.018718 0.016759 0.016742 0.016746 0.025577 16.016738 
2.351128 0.444755 0.572462 0.912164 0.480424 1.273298 0.896236 1.376921 
1.825575 2.814307 0.705098 0.864732 1.062510 1.189975 1.606373 1.399127 
0.292780 4.230510 0.672955 0.676003 0.898921 1.058093 1.296469 1.581361 
1.894828 0.529044 3.767584 1.440937 1.036046 1.470833 1.457956 1.921206 
0.380247 3.085576 4.174514 0.978403 1.097964 1.338679 1.708101 1.925465 
0.219981 0.449518 6.094353 0.774280 0.962981 1.349572 1.647129 1.594552 
1.892577 0.648377 0.877532 4.894633 1.413290 1.394537 1.573505 1.918819 
0.375835 3.525250 0.798969 4.938945 0.646201 1.341965 1.603314 1.808471 
0.434966 0.669770 4.454727 5.266648 1.307692 1.429601 1.828999 2.124005 
0.347110 0.569753 0.779565 7.917839 1.077369 1.304209 1.378594 1.593952 
1.953328 0.594191 0.845984 1.016184 5.632734 1.373115 1.701073 1.821545 
0.426793 3.311226 0.900803 0.870273 6.302456 1.344029 1.707423 1.761602 
0.407502 0.651322 4.590700 1.006745 6.427807 1.236519 1.396406 2.078630 
0.463514 0.665847 1.002709 5.651461 6.761035 1.577933 1.467446 2.209947 
0.376542 0.595959 0.764738 0.935580 9.829432 1.290756 1.461860 1.736149 
1.875591 0.799325 0.935771 1.194009 1.289806 7.409531 1.816897 1.949911 
0.426242 3.294433 0.912320 1.035921 1.232490 7.204429 1.689307 1.888465 
0.438054 0.695478 4.536185 1.068081 1.266078 7.604363 1.843345 2.034413 
0.465076 0.747987 0.965934 5.639139 1.323890 8.038493 1.800185 2.137145 
0.478147 0.738495 1.004938 1.150451 6.896249 8.167396 1.820110 2.179518 
0.395904 0.613344 0.820774 0.938742 1.092934 11.677224 1.444034 1.946266 
1.928394 0.657489 0.891562 0.972625 1.233523 1.370157 8.053546 1.919573 
0.421336 3.234335 0.882051 1.067245 1.219254 1.535478 8.712847 2.002263 
0.433546 0.681681 4.550312 1.077739 1.197489 1.550385 8.886480 2.068681 
0.458608 0.740431 0.960482 5.663522 1.390481 1.674961 9.403854 2.130586 
0.478283 0.735619 0.986357 1.135258 6.907284 1.587576 9.554518 2.070848 
0.450114 0.733627 0.921537 1.185965 1.324722 8.127997 9.485639 2.184673 
0.369745 0.632817 0.778249 0.938083 1.076604 1.327955 13.714820 1.807177 
1.877221 0.691402 0.878200 0.956494 1.208421 1.320714 1.853042 9.789402 
0.327949 3.377439 0.963889 0.283850 1.153872 1.270586 1.785624 9.808642 
0.405833 0.651444 4.552381 0.997708 1.146941 1.451946 1.723915 10.273173 
0.470153 0.739755 0.924959 5.631967 1.389125 1.649778 1.862190 10.652416 
0.451699 0.736861 0.971457 1.085203 7.015343 1.636790 1.875037 10.896531 
0.443998 0.690140 0.971257 1.155975 1.340199 8.221046 1.867339 10.714294 
0.458806 0.665218 0.959597 1.168626 1.287307 1.559618 9.471763 10.846866 
0.342848 0.536152 0.733777 0.839826 0.934104 1.543786 1.404959 15.632160 
