1.202459 4.538053 1.008505 1.014015 1.017793 1.021663 1.025905 0.997107 
0.995038 4.372076 1.093130 1.121568 1.170430 1.278409 1.412711 0.956049 
1.296052 2.491160 3.786205 1.015578 1.019927 1.024944 1.029655 0.999449 
0.984006 2.595585 4.141152 1.078167 1.108838 1.198085 1.167701 0.978743 
1.109261 0.996178 6.599117 1.013732 1.020664 1.021802 1.026191 0.996778 
1.015803 0.971735 6.481018 1.084497 1.117469 1.145772 1.178058 0.971464 
1.257353 2.498238 1.003193 4.868934 1.020625 1.024369 1.028324 1.001497 
0.983152 2.497176 1.065049 5.218405 1.147555 1.186320 1.229627 0.964481 
1.215538 0.996025 3.516749 4.683153 1.022477 1.025951 1.031207 0.995628 
1.173171 0.991968 3.612695 4.637076 1.041012 1.049452 1.059569 0.990900 
1.076196 0.994769 0.994999 8.593382 1.023334 1.028575 1.034300 0.999155 
1.045944 0.986049 1.185229 8.090283 1.059769 1.071614 1.449744 0.985432 
1.249389 2.440486 1.003325 1.004876 6.041106 1.023134 1.028736 0.995721 
1.220627 2.047247 1.023544 1.051801 5.252824 1.629272 1.468417 1.296783 
1.172767 0.995067 3.528431 1.006539 5.795726 1.030245 1.037688 0.993966 
0.910810 0.861795 3.061721 1.107214 4.968340 1.689338 1.872193 1.081653 
1.140641 0.988434 0.989743 4.515412 5.653545 1.068988 1.082723 0.986272 
1.048337 0.911166 0.921529 3.963622 5.159112 1.497941 1.637525 0.893802 
1.022177 0.958000 0.959637 0.961391 10.147803 1.219741 1.270901 0.954876 
1.022424 0.958722 0.960313 0.962017 10.159886 1.215939 1.266080 0.955680 
2.106874 1.000639 1.003348 1.006148 1.010391 6.225540 1.029552 0.996411 
2.086592 1.001110 1.006727 1.012449 1.019704 6.210613 1.060802 0.991202 
1.220885 2.477339 1.001847 1.004259 1.006024 7.140532 1.024342 0.997283 
0.941105 2.279829 1.013456 1.056764 1.102680 7.293423 1.557700 0.978128 
1.178409 0.996117 3.474564 1.004931 1.008406 6.874214 1.029097 0.996076 
0.926534 0.991306 3.366777 1.305474 1.151205 6.533379 1.453695 0.926194 
1.093143 0.956697 0.960776 4.331042 1.079391 6.502196 1.307958 0.950613 
1.076304 0.941935 0.947622 4.225429 1.104910 6.440676 1.411771 0.933132 
1.007845 0.900882 0.909548 0.919534 5.182293 6.177317 1.682852 0.886256 
1.009638 0.901135 0.909920 0.920044 5.244301 6.090920 1.682560 0.886268 
0.967148 0.889541 0.896486 0.904256 0.913037 11.456732 1.732410 0.877965 
0.999636 0.985011 0.985130 0.985246 0.985375 12.801504 1.091345 0.984810 
2.268801 1.001129 1.003708 1.006227 1.010776 1.012414 5.993230 0.997746 
2.146755 1.004968 1.021107 1.142171 1.058249 1.073959 6.015589 0.975605 
1.329055 2.586961 1.003932 1.007452 1.010479 1.013674 6.990311 0.994751 
1.186624 1.981795 2.865518 1.028806 1.043532 1.054206 5.421914 0.987634 
1.250155 0.985812 3.680929 1.027018 1.039096 1.052311 6.525373 0.980772 
1.107887 0.922264 3.522480 1.214920 1.357478 1.339373 5.358392 0.905358 
0.935442 1.933964 2.891768 1.132159 1.203072 1.275880 5.319155 0.926728 
0.967431 1.970827 3.018939 1.131762 1.129873 1.171686 5.492008 0.950938 
0.975501 0.842423 0.866498 4.147661 1.366427 1.550784 5.844969 0.810730 
1.072873 0.906896 0.920792 5.044481 1.271503 1.377962 4.981671 0.888171 
0.850790 0.745914 0.795882 0.862382 4.832717 1.945990 5.412153 0.682140 
0.818024 0.714227 0.789414 0.894480 4.082373 2.079685 5.528296 0.677857 
0.701859 0.637112 0.799782 1.081399 1.477494 4.536806 4.406471 0.480670 
0.809690 0.703759 0.859138 1.122701 1.464564 4.715602 4.086736 0.539602 
0.819496 0.712946 0.800996 0.912608 1.074587 1.295468 10.483253 0.619177 
1.019409 0.851957 0.891251 0.945480 1.019851 1.111303 11.324462 0.768146 
0.069629 0.100137 0.224247 0.522300 1.212927 3.174354 6.642152 0.392268 
0.171380 0.218925 0.405691 0.607259 1.158329 3.927501 6.090770 0.511167 
2.552818 1.002502 1.007174 1.010383 1.014229 1.015943 1.019283 4.369492 
2.422598 1.004443 1.098008 1.019150 1.384845 1.042089 1.043615 4.370983 
1.491961 2.935135 1.005269 1.008394 1.012821 1.015287 1.017617 5.142223 
1.145410 3.475330 1.032835 1.054740 1.076246 1.098246 1.121579 4.740367 
1.428623 0.997933 4.159723 1.010686 1.016147 1.018931 1.022554 4.941154 
1.188905 0.972661 4.068563 1.151834 1.245656 1.150587 1.217490 5.282590 
0.939198 2.074832 3.118386 1.158473 1.235367 1.315803 1.405108 4.059026 
0.956593 2.167347 3.256712 1.123380 1.178648 1.235051 1.296855 4.082444 
1.391731 0.997590 0.998627 5.457113 1.012641 1.014591 1.017468 4.818041 
1.081695 0.863625 0.904527 3.881941 1.413429 1.615987 1.855487 4.624405 
0.943351 2.083957 0.996656 4.156402 1.226978 1.301631 1.385966 3.837899 
0.956147 2.152047 0.999063 4.269696 1.183336 1.239806 1.303702 3.855325 
1.374487 0.997203 0.998430 0.999198 6.684551 1.017022 1.020605 4.776628 
1.181189 0.979403 0.982253 0.985298 7.110470 1.090218 1.109606 5.118262 
1.253417 0.952116 0.965709 0.980313 0.995963 7.624767 1.320335 4.529328 
1.359363 0.939239 0.978622 1.030744 1.073383 5.931125 1.859205 3.947548 
0.943353 2.069726 0.995838 1.025301 1.059041 6.161629 1.383846 3.936161 
0.966239 2.137129 0.996863 1.013746 1.031303 6.280517 1.529332 3.945708 
1.058109 0.829657 0.913079 1.021217 1.158854 1.334150 6.543647 4.236434 
1.300966 0.909802 0.991613 1.091508 1.211111 1.355569 5.885933 3.807647 
0.885615 2.036999 1.014318 1.099401 1.198735 1.313091 5.633590 3.785569 
0.978113 2.598132 1.012486 1.031114 1.051487 1.071321 5.934006 3.978796 
0.912311 0.981522 3.200108 1.064082 1.107216 1.165227 5.904681 3.838623 
0.959920 0.996598 3.481314 1.031020 1.050611 1.070895 5.920684 3.974511 
0.205108 0.245521 0.409946 0.624460 1.004614 3.682586 4.941049 2.863704 
0.388082 0.437536 0.660632 0.795152 0.940188 5.060846 4.027301 3.053265 
1.700737 0.997491 1.000802 1.004182 1.007788 1.010738 1.014928 11.152095 
1.549938 0.982226 0.997157 1.012840 1.029156 1.046063 1.074049 11.466186 
0.929746 2.368442 1.031831 1.094837 1.159054 1.234253 1.317881 8.359679 
0.997049 2.934354 1.002945 1.005910 1.009750 1.012296 1.014762 9.089175 
0.952945 1.000152 3.624262 1.047515 1.109094 1.105093 1.149316 8.761522 
0.953993 1.000474 3.636836 1.046880 1.108024 1.093941 1.146579 8.762582 
0.095769 0.122643 0.198334 0.372887 0.768589 1.624761 4.600271 6.435399 
0.188216 0.222929 0.319099 0.451887 0.776895 1.421077 5.065166 6.554522 
0.022440 0.022445 0.022464 0.022513 0.022623 0.022879 0.023523 16.019989 
0.027809 0.029183 0.034666 0.048988 0.080972 0.154739 0.344247 15.313438 
2.692605 1.005345 1.016115 1.018266 1.316431 1.510262 1.578819 1.348049 
2.951369 1.046321 1.007444 1.012053 1.018407 1.018962 1.022649 0.997649 
1.490240 2.921669 1.090830 1.180789 1.443896 1.629602 1.468579 1.296703 
0.955045 3.066356 1.132576 1.236320 1.321957 1.428697 3.025980 2.378345 
0.999763 4.531790 1.015113 1.024086 1.031363 1.073413 1.229448 2.183314 
0.992734 4.130745 1.111490 1.162794 1.201444 1.210682 1.248243 2.154738 
1.409324 0.958563 4.191116 1.203941 1.293879 1.586887 1.512000 1.265067 
1.093482 0.851599 2.918260 1.419182 1.673380 2.178661 2.474815 1.100104 
0.912220 2.135638 3.233102 1.286730 1.432994 1.594077 1.772041 1.364219 
0.984100 2.496958 3.544804 1.554099 1.094344 1.119446 1.144670 2.195600 
0.934536 1.045667 5.960941 1.175149 1.246581 1.323013 1.402613 1.009939 
0.942941 1.162280 5.809076 1.167588 1.225249 1.347738 1.382454 1.060657 
1.413602 0.959294 0.985604 5.500593 1.290293 1.549630 1.524315 1.248121 
0.880675 1.939731 1.008584 4.202140 1.537614 1.759163 2.016160 1.005224 
0.865565 1.892516 1.006605 3.975951 1.585554 1.888013 2.143604 0.929471 
0.842799 0.949879 2.911133 3.970335 1.515325 1.723252 1.961082 1.007533 
0.811528 0.923138 2.597330 3.954403 1.590314 1.896533 2.175651 0.926801 
0.901814 0.910889 1.141479 7.424476 1.348681 1.462886 1.590360 0.925518 
0.935441 1.051493 0.942964 7.832418 1.245247 1.317412 1.417009 1.054696 
1.400885 0.956457 0.984286 1.064062 6.851519 1.539332 1.525159 1.249835 
1.655548 0.979620 1.056071 1.079396 5.217453 1.586529 1.596077 1.128470 
0.897089 2.035460 1.007411 1.076626 5.429187 1.670076 1.887178 1.216071 
0.894572 1.981270 1.000285 1.066659 5.224221 1.635558 1.843907 1.905266 
0.815919 0.934380 2.777140 1.115293 4.884941 1.832350 2.128025 1.004655 
0.894814 1.196519 2.764962 1.129749 5.400779 1.546392 1.756535 0.897452 
0.777235 0.793980 1.012815 3.588366 4.603235 1.954653 2.323877 0.975937 
0.862528 0.871280 1.055997 4.592627 4.412244 1.622992 1.814882 1.062025 
0.865245 0.864779 0.886811 1.303921 8.931035 1.625726 1.809072 0.920673 
0.919655 0.911865 1.012463 1.064098 9.625024 1.421594 1.534491 0.923142 
1.392931 0.956077 0.982649 1.137603 1.363956 8.080329 1.517828 1.262981 
0.874656 1.968833 1.008836 1.099053 1.205418 6.437409 2.079723 1.100756 
0.869489 1.781332 0.980438 1.082840 1.335058 6.795861 2.438283 0.825383 
0.776132 0.912975 2.649345 1.142943 1.299026 5.738263 2.378125 1.004677 
0.832792 0.942305 2.767154 1.097607 1.195436 6.484422 2.017323 1.111378 
0.731736 0.754567 1.006242 3.459326 1.347022 5.492684 2.596488 0.944961 
0.785336 0.984063 0.822042 3.459236 1.293418 5.749897 2.363384 1.009858 
0.694128 0.701498 0.772439 1.109846 4.409513 5.410517 2.803545 0.964129 
0.782587 0.922617 0.816189 0.825841 4.360630 5.257625 3.728568 0.774406 
0.719281 0.723416 0.763146 1.122386 1.318954 9.456537 2.658765 0.945838 
0.705944 0.733239 1.009646 0.788249 1.421337 8.996687 2.737236 1.041551 
1.481714 0.958388 1.000925 1.075434 1.291812 1.761130 7.904380 1.287557 
0.932888 1.428064 1.932716 1.019122 1.049636 5.269494 5.300807 0.931835 
0.758250 1.621013 1.016198 1.232408 1.522598 1.907517 5.750189 1.066162 
0.923756 1.947778 0.987973 1.040699 1.073055 4.431794 6.098760 0.893260 
0.613610 0.799369 2.135208 1.267995 1.662220 2.213169 5.015282 1.051808 
0.949039 0.994537 3.451558 1.039781 1.065447 1.100453 5.938722 3.807088 
0.561869 0.615951 0.956549 2.974201 1.677430 2.291237 5.081508 1.012692 
0.909903 1.071546 1.238987 4.945268 1.204637 1.283988 5.586651 0.910548 
0.452262 0.487094 0.692422 1.032753 3.840741 2.630830 4.900098 0.885619 
0.871658 0.858992 1.517271 0.929789 6.089433 1.463262 5.028218 0.857134 
0.312126 0.363345 0.583568 0.824544 1.075005 5.121296 5.065974 0.873511 
0.837006 1.187992 1.577498 1.000604 1.204513 5.332878 5.492078 0.827947 
0.314826 0.363215 0.578408 0.848258 1.064542 1.718861 8.977134 0.986991 
0.911182 0.887958 0.889880 0.892083 1.817049 2.034032 12.017041 0.884780 
1.612422 0.973936 1.055061 1.215873 1.504665 1.832520 1.633216 5.620885 
1.309872 0.927327 0.969523 1.025079 1.073028 5.642014 1.881446 4.458750 
0.911011 2.578364 1.097031 1.219952 1.363437 1.528584 1.721605 4.880888 
0.930976 2.378153 1.031943 1.094085 1.157234 1.231157 1.313257 8.361374 
0.805767 0.977765 3.468563 1.248178 1.426300 1.638082 1.890436 4.563845 
0.938091 1.033489 5.124967 1.135434 1.248975 1.243256 1.348496 3.588613 
0.750758 0.777125 1.089968 4.368757 1.494693 1.771680 2.113397 4.345956 
1.003158 1.581463 0.993745 4.475187 1.023906 1.031220 3.244740 4.810120 
0.695402 0.708423 0.825090 1.168699 5.414070 1.901872 2.357594 4.264649 
0.983650 1.703902 0.988955 0.994332 6.492151 1.091076 1.113022 4.756403 
0.620686 0.629219 0.692647 0.973484 1.202022 6.620371 2.651445 4.413569 
0.860165 1.647459 0.955075 1.018770 1.093787 5.357412 1.768841 4.834963 
0.324336 0.365329 0.551079 0.842064 0.984938 1.546806 6.646165 4.289212 
0.803990 1.023022 0.834425 3.031716 1.222313 1.374853 5.786932 3.801323 
0.472972 0.517288 0.764071 1.090633 1.373313 1.512278 2.136489 9.339971 
0.982566 0.982449 0.997670 0.982696 1.009288 5.296936 1.027813 11.092950 
