1.915736 0.005434 0.006765 0.007099 0.011538 
0.994069 0.403820 0.010205 0.019536 0.007321 
0.762400 0.766367 0.010221 0.008976 0.008210 
0.545125 1.073654 0.011971 0.015030 0.009477 
0.382438 1.507774 0.009828 0.010661 0.008904 
0.216912 2.093061 0.007480 0.008848 0.007731 
0.006006 3.858028 0.007164 0.005897 0.009113 
1.022616 0.006472 0.634968 0.014477 0.011596 
0.620422 0.315374 0.479809 0.005863 0.005825 
0.435187 0.585683 0.445379 0.009183 0.008417 
0.291548 0.877088 0.445277 0.009538 0.013302 
0.160506 1.204581 0.461728 0.009837 0.009024 
0.008157 2.078499 0.642352 0.007545 0.007329 
0.717290 0.019508 1.107410 0.008474 0.007386 
0.436323 0.286966 0.900853 0.007261 0.005622 
0.278846 0.549868 0.831038 0.011952 0.006253 
0.151248 0.881734 0.902196 0.006889 0.011282 
0.010634 1.386610 1.048345 0.027107 0.009246 
0.515298 0.017530 1.597122 0.012306 0.005712 
0.293405 0.292843 1.341283 0.009556 0.010157 
0.150080 0.568597 1.320833 0.020284 0.014714 
0.007086 1.104951 1.695709 0.008331 0.012650 
0.373478 0.011371 2.281994 0.008445 0.008193 
0.160154 0.307668 1.892620 0.008598 0.006920 
0.009434 0.753826 2.305730 0.017127 0.010513 
0.202317 0.008559 3.046424 0.015416 0.012975 
0.007496 0.394888 3.024961 0.017554 0.006482 
0.005183 0.006261 5.827120 0.005267 0.008322 
0.993873 0.015011 0.012122 0.804808 0.008810 
0.610924 0.309623 0.010629 0.608785 0.007570 
0.427192 0.585709 0.009624 0.600260 0.024842 
0.295143 0.874903 0.009271 0.591102 0.008720 
0.145764 1.174066 0.024214 0.592169 0.006666 
0.007495 2.043876 0.010026 0.820634 0.006686 
0.588737 0.012680 0.454306 0.594209 0.006844 
0.365043 0.246563 0.379046 0.473215 0.008497 
0.234686 0.465884 0.355297 0.469112 0.014415 
0.124533 0.718192 0.369009 0.486601 0.010667 
0.011988 1.162245 0.445245 0.582450 0.016171 
0.418455 0.016960 0.847127 0.556200 0.007856 
0.232097 0.236512 0.723368 0.483364 0.008451 
0.116954 0.469153 0.715552 0.476308 0.017662 
0.010798 0.827862 0.857406 0.564658 0.010893 
0.279858 0.015310 1.276326 0.556344 0.008817 
0.126371 0.239592 1.114566 0.494247 0.008972 
0.006329 0.564050 1.340094 0.579574 0.009078 
0.154156 0.007179 1.874661 0.619017 0.006200 
0.006514 0.311914 1.876791 0.612961 0.007359 
0.010682 0.010816 2.930364 0.780185 0.014472 
0.761407 0.011043 0.007552 1.545709 0.008039 
0.439004 0.295277 0.009169 1.159938 0.010843 
0.279344 0.564643 0.010875 1.123919 0.008343 
0.151644 0.881288 0.007406 1.179249 0.008393 
0.006332 1.528932 0.007634 1.574818 0.007450 
0.433215 0.011028 0.449321 1.160792 0.009436 
0.234839 0.231739 0.366281 0.949897 0.007701 
0.124091 0.464206 0.357308 0.935252 0.025911 
0.009628 0.844047 0.413409 1.155501 0.009463 
0.272614 0.013989 0.834464 1.108713 0.010529 
0.120437 0.232733 0.729615 0.955975 0.009150 
0.007482 0.537272 0.833892 1.115911 0.013737 
0.147096 0.009751 1.314292 1.169660 0.008322 
0.007108 0.287725 1.315283 1.150374 0.006875 
0.005919 0.005971 2.379048 1.550426 0.006163 
0.548566 0.006952 0.014951 2.212777 0.008440 
0.291408 0.284616 0.012681 1.741500 0.007469 
0.143121 0.541971 0.026061 1.663864 0.007611 
0.007610 1.128372 0.009734 2.281710 0.036316 
0.284786 0.010431 0.439260 1.709080 0.006807 
0.129505 0.254795 0.380891 1.513716 0.015425 
0.006877 0.578668 0.445582 1.726638 0.007164 
0.147608 0.006978 0.909466 1.755076 0.008561 
0.005489 0.297470 0.908450 1.754060 0.007545 
0.006440 0.006786 1.758302 2.294977 0.008281 
0.397781 0.010978 0.011599 3.114989 0.011664 
0.154623 0.293055 0.024554 2.349814 0.014205 
0.015092 0.777120 0.015691 3.166346 0.016217 
0.155750 0.010812 0.470622 2.482229 0.009644 
0.007810 0.312532 0.466958 2.486729 0.015620 
0.007849 0.009125 1.143460 2.992630 0.006589 
0.210705 0.011530 0.007665 4.156343 0.009546 
0.009861 0.427450 0.008962 4.155014 0.010019 
0.006534 0.010024 0.634103 4.188224 0.010928 
0.005380 0.005626 0.005770 7.826557 0.008619 
1.656130 0.016322 0.008403 0.018992 1.705686 
0.842503 0.437963 0.028031 0.023630 1.088301 
0.581869 0.764781 0.034545 0.029108 0.930872 
0.425274 1.254314 0.012555 0.015363 1.139020 
0.221936 1.732106 0.032953 0.022045 1.076608 
0.010848 3.368474 0.007913 0.015268 1.722413 
0.854245 0.013512 0.649365 0.043783 1.060451 
0.500646 0.332607 0.520256 0.021226 0.851651 
0.319681 0.637935 0.531782 0.017899 0.857416 
0.173978 1.005711 0.532280 0.024989 0.833731 
0.012255 1.692319 0.644317 0.052933 1.062133 
0.614239 0.014206 1.287125 0.016385 1.057273 
0.343027 0.346137 1.054703 0.021243 0.890169 
0.164792 0.627186 0.994071 0.026531 0.804960 
0.013605 1.218380 1.253556 0.010693 1.054007 
0.414436 0.013451 1.909643 0.016994 1.057391 
0.175253 0.340005 1.563759 0.015342 0.884123 
0.008692 0.830625 1.912106 0.012591 1.068991 
0.224658 0.016003 2.755071 0.008560 1.160080 
0.009632 0.461983 2.756251 0.008604 1.173275 
0.013450 0.011702 4.838110 0.023208 1.603282 
0.828442 0.025015 0.024061 0.861889 0.993751 
0.479443 0.358290 0.028997 0.644861 0.843841 
0.319135 0.643908 0.017845 0.651354 0.783419 
0.170777 0.986666 0.024557 0.650782 0.862656 
0.017916 1.651255 0.019996 0.825173 1.056170 
0.491507 0.016883 0.505790 0.665790 0.844450 
0.273076 0.276879 0.440841 0.536969 0.658746 
0.134161 0.556446 0.445119 0.545916 0.749976 
0.011579 0.987866 0.507079 0.663718 0.852655 
0.322773 0.012673 0.983923 0.654094 0.787179 
0.144141 0.278417 0.819647 0.556407 0.702558 
0.011383 0.612245 0.959332 0.658867 0.837481 
0.172337 0.008953 1.555167 0.697484 0.860309 
0.008467 0.330096 1.543954 0.674364 0.837097 
0.013003 0.012956 2.655316 0.868889 1.052681 
0.615695 0.021515 0.015412 1.614625 1.039512 
0.312966 0.312502 0.038077 1.241587 0.804010 
0.161034 0.603968 0.040451 1.235354 0.783184 
0.014473 1.188262 0.018505 1.617215 1.047485 
0.312348 0.023795 0.486599 1.264090 0.813186 
0.137059 0.275872 0.431970 1.114395 0.717453 
0.009459 0.648484 0.481589 1.339379 0.805621 
0.166200 0.009673 1.014607 1.324659 0.817036 
0.007855 0.330163 0.995969 1.312112 0.905834 
0.006819 0.010180 1.955836 1.710828 1.084618 
0.436977 0.010471 0.012470 2.576864 1.128147 
0.178211 0.348378 0.010707 2.100077 0.907254 
0.009537 0.791875 0.041053 2.338250 1.001608 
0.176108 0.011668 0.522004 2.063096 0.826125 
0.012047 0.336657 0.503030 1.980255 0.851211 
0.008011 0.014766 1.335341 2.543517 1.080257 
0.249083 0.008306 0.009161 3.870704 1.241546 
0.008242 0.485229 0.008328 3.897791 1.241410 
0.007866 0.008069 0.750446 3.906079 1.241247 
0.006233 0.005647 0.008775 7.181265 1.845722 
1.005995 0.014935 0.032866 0.024981 2.569724 
0.594205 0.396913 0.010534 0.015720 2.028550 
0.387014 0.774903 0.010215 0.008524 1.999678 
0.200919 1.177204 0.018089 0.009955 1.995664 
0.014486 1.836021 0.054498 0.039322 2.397152 
0.582029 0.014691 0.589834 0.014059 1.997252 
0.359339 0.372730 0.589340 0.068840 1.851521 
0.192237 0.704835 0.589327 0.068395 1.789854 
0.011234 1.156218 0.591558 0.007497 1.994677 
0.389132 0.012197 1.168977 0.007110 1.997268 
0.211910 0.420128 1.165455 0.016504 1.694410 
0.009288 0.747071 1.155064 0.005742 1.995453 
0.200845 0.007009 1.817985 0.017383 2.043544 
0.014631 0.392086 1.787855 0.008363 1.997788 
0.010623 0.010561 3.362605 0.009702 2.846136 
0.581911 0.011452 0.014989 0.773044 2.019975 
0.379255 0.347019 0.060086 0.762056 1.892010 
0.193537 0.744439 0.065541 0.685246 1.842035 
0.013573 1.147821 0.017261 0.781677 2.014868 
0.448687 0.007104 0.590203 0.797346 1.953844 
0.168386 0.320687 0.501466 0.697552 1.838873 
0.012692 0.757433 0.578686 0.842022 1.954361 
0.201385 0.012120 1.217334 0.830798 1.996493 
0.011270 0.352932 1.222386 0.842481 1.966681 
0.009074 0.008834 1.755638 0.777806 1.995770 
0.388164 0.008616 0.011408 1.555642 2.000838 
0.151695 0.318149 0.011341 1.196934 2.004134 
0.006306 0.795005 0.007801 1.590235 2.003095 
0.186367 0.064974 0.519248 1.416829 1.784753 
0.014615 0.449368 0.650662 1.608562 1.879006 
0.005719 0.007424 1.205964 1.550957 1.994720 
0.202953 0.014460 0.009439 2.376253 2.037067 
0.009018 0.399103 0.008043 2.400419 2.011073 
0.007345 0.008639 0.614631 2.368183 1.995561 
0.005868 0.006470 0.005571 5.012577 3.197859 
0.771437 0.007675 0.006549 0.007234 4.025927 
0.419314 0.404350 0.053751 0.023648 3.224530 
0.248977 0.957704 0.009992 0.010675 3.606616 
0.008584 1.492858 0.007659 0.009295 4.029362 
0.433063 0.017269 0.673446 0.046528 3.308549 
0.187743 0.360512 0.561766 0.013538 2.850923 
0.006722 0.877249 0.674630 0.040864 3.302885 
0.244632 0.008971 1.438730 0.014070 3.645820 
0.008810 0.441095 1.343045 0.041310 3.424779 
0.038249 0.048684 1.716256 0.213992 2.849377 
0.430912 0.016630 0.027110 0.900682 3.278642 
0.183450 0.357809 0.016074 0.722002 2.724354 
0.010122 0.855837 0.047910 0.890910 3.335615 
0.185585 0.008954 0.541864 0.731776 2.714571 
0.006288 0.368906 0.573071 0.723293 2.853552 
0.009319 0.017421 1.348592 0.925405 3.388413 
0.247189 0.026612 0.029862 1.989272 3.819263 
0.009281 0.494588 0.007272 1.972317 3.802308 
0.007237 0.010723 0.746986 1.972304 3.802295 
0.007318 0.007604 0.007043 3.130932 4.017834 
0.426011 0.031272 0.054249 0.093633 4.313198 
0.206495 0.408724 0.010083 0.027174 4.147131 
0.007544 0.850691 0.265820 0.007238 4.080393 
0.207668 0.010429 0.635136 0.018018 4.205382 
0.009747 0.398793 0.609691 0.029495 4.027086 
0.032236 0.040044 1.205811 0.032722 4.076650 
0.203126 0.012453 0.027458 0.803861 4.052208 
0.008735 0.399591 0.027006 0.794684 4.087483 
0.007349 0.009113 0.664291 0.837921 4.368607 
0.015595 0.039877 0.035336 1.760191 4.350211 
0.238125 0.014709 0.023047 0.011884 5.982040 
0.007776 0.482195 0.024044 0.010382 6.117521 
0.007766 0.012310 0.761530 0.013455 6.303665 
0.011294 0.007930 0.016907 1.030411 6.400882 
0.005293 0.006306 0.006008 0.005920 9.767112 
