1.909936 0.008113 0.008134 0.008215 0.008662 
1.085468 0.442607 0.008257 0.008231 0.009704 
0.792420 0.786829 0.010102 0.009157 0.010747 
0.575532 1.143659 0.009826 0.008552 0.009766 
0.399557 1.568090 0.011252 0.014070 0.011485 
0.216663 2.126507 0.013223 0.013404 0.012180 
0.006995 3.841525 0.007028 0.008277 0.006976 
1.039775 0.012538 0.638810 0.008650 0.010196 
0.618239 0.312232 0.463577 0.011481 0.008585 
0.434348 0.574462 0.436713 0.011470 0.007191 
0.290016 0.862910 0.445134 0.010206 0.007692 
0.159361 1.229387 0.485045 0.010779 0.011201 
0.008688 2.132315 0.642846 0.010069 0.008647 
0.738412 0.015442 1.127439 0.008395 0.008810 
0.446955 0.301758 0.901347 0.010569 0.011604 
0.290511 0.571703 0.868873 0.007664 0.009021 
0.148586 0.863639 0.883919 0.009544 0.006633 
0.009962 1.518497 1.153238 0.007601 0.011042 
0.567630 0.012112 1.690038 0.011332 0.014185 
0.301239 0.299140 1.344044 0.007236 0.008770 
0.145983 0.583009 1.326568 0.016067 0.011635 
0.012066 1.064411 1.626580 0.012847 0.010365 
0.377539 0.013092 2.265490 0.009597 0.016301 
0.161659 0.319282 1.934780 0.008869 0.009992 
0.009888 0.757977 2.321457 0.007825 0.012145 
0.215468 0.009856 3.231724 0.009157 0.015475 
0.012700 0.407341 3.106510 0.009266 0.009551 
0.008404 0.008403 5.763758 0.008701 0.009675 
0.988396 0.012220 0.022143 0.790606 0.013263 
0.595750 0.307515 0.021515 0.569237 0.010914 
0.444170 0.596219 0.010080 0.578214 0.010486 
0.287349 0.843294 0.018697 0.577336 0.011171 
0.151012 1.192775 0.019958 0.607691 0.010363 
0.009982 1.931605 0.023072 0.816567 0.012617 
0.612858 0.011447 0.476395 0.625961 0.013015 
0.367387 0.243301 0.377896 0.487283 0.012557 
0.240519 0.473553 0.351220 0.457970 0.008934 
0.130061 0.741990 0.382167 0.456156 0.019671 
0.009327 1.214614 0.481618 0.608783 0.010249 
0.435845 0.009471 0.876786 0.574154 0.008444 
0.241325 0.246280 0.728958 0.453378 0.012310 
0.124795 0.470813 0.713630 0.466335 0.012233 
0.012686 0.836815 0.867304 0.586549 0.010606 
0.288850 0.013738 1.300936 0.566841 0.009683 
0.129902 0.249546 1.107214 0.477932 0.012849 
0.008438 0.576029 1.310298 0.581003 0.008294 
0.162464 0.010356 1.890968 0.646917 0.011946 
0.008244 0.323170 1.891380 0.609326 0.016431 
0.014460 0.014834 2.891926 0.769037 0.009818 
0.687781 0.018030 0.025095 1.448609 0.011368 
0.422436 0.289195 0.024146 1.153872 0.014867 
0.286905 0.568978 0.009874 1.145157 0.010110 
0.155112 0.892102 0.009363 1.150188 0.009879 
0.012126 1.465908 0.020363 1.475180 0.012379 
0.445015 0.016739 0.434356 1.190260 0.015126 
0.237329 0.251472 0.368507 0.892165 0.016045 
0.122899 0.475388 0.374701 0.928663 0.010638 
0.011284 0.860073 0.456230 1.161783 0.012089 
0.280310 0.010231 0.875083 1.107485 0.010285 
0.123696 0.247678 0.713799 0.919871 0.008421 
0.012514 0.535282 0.811798 1.084290 0.032621 
0.151967 0.008884 1.337299 1.170567 0.012092 
0.009837 0.297005 1.347199 1.139289 0.013506 
0.011974 0.013471 2.232679 1.531715 0.019336 
0.523804 0.029831 0.012169 2.121278 0.011045 
0.284488 0.285169 0.020576 1.705854 0.011612 
0.156250 0.580402 0.010849 1.806818 0.011806 
0.010749 1.065566 0.014177 2.193842 0.008965 
0.294112 0.010349 0.446804 1.693622 0.008710 
0.128440 0.251132 0.383294 1.433168 0.014411 
0.013050 0.550660 0.450412 1.681551 0.009789 
0.152702 0.009457 0.896127 1.717965 0.008035 
0.010670 0.283789 0.854585 1.760557 0.009162 
0.016707 0.018655 1.608359 2.190030 0.014506 
0.362687 0.013008 0.013424 3.067329 0.009834 
0.153180 0.298526 0.014555 2.520651 0.008115 
0.024174 0.743584 0.020411 3.011605 0.035822 
0.163588 0.015923 0.473294 2.503800 0.015128 
0.011468 0.318544 0.483779 2.430496 0.012595 
0.009701 0.009484 1.170903 3.100554 0.009614 
0.203364 0.015357 0.019231 3.939497 0.008964 
0.014832 0.373011 0.010959 4.072845 0.010714 
0.013701 0.013506 0.608531 3.908966 0.010986 
0.007135 0.007145 0.006915 7.815184 0.007555 
1.715668 0.013644 0.008737 0.020281 1.731179 
0.884836 0.440922 0.035226 0.016939 1.143575 
0.625709 0.839069 0.019490 0.029033 1.047940 
0.424342 1.266888 0.020280 0.014698 1.084111 
0.222985 1.715925 0.028800 0.019883 1.100351 
0.009216 3.468175 0.009220 0.018512 1.794743 
0.913167 0.016658 0.701172 0.010308 1.148321 
0.503601 0.346834 0.500599 0.023556 0.850446 
0.336984 0.666796 0.490749 0.012992 0.823859 
0.169725 1.018543 0.523220 0.020280 0.826747 
0.010835 1.780745 0.676310 0.017518 1.144630 
0.603184 0.014995 1.232148 0.029453 0.983969 
0.327143 0.332784 0.989540 0.019963 0.835495 
0.167080 0.645599 0.984869 0.025090 0.807873 
0.013979 1.179087 1.204981 0.020886 0.967551 
0.427342 0.012136 1.854811 0.023095 1.057378 
0.183170 0.360663 1.621129 0.010623 0.892968 
0.008433 0.851644 1.924339 0.019703 1.040316 
0.226755 0.014234 2.719466 0.015892 1.137735 
0.011466 0.460255 2.790217 0.013984 1.156133 
0.008036 0.011604 5.337406 0.007434 1.770068 
0.928421 0.015047 0.014432 0.938497 1.217771 
0.527101 0.360855 0.012686 0.664841 0.901546 
0.324181 0.645200 0.022573 0.622218 0.821460 
0.171298 1.006302 0.025263 0.655690 0.890787 
0.013394 1.790243 0.012823 0.906097 1.136533 
0.491503 0.018097 0.497696 0.689071 0.823491 
0.278096 0.283726 0.433815 0.535017 0.702832 
0.148030 0.552971 0.416807 0.558791 0.704816 
0.014241 1.013832 0.522909 0.623889 0.883668 
0.325577 0.020034 0.976636 0.647200 0.827623 
0.141239 0.289796 0.846246 0.553678 0.699458 
0.011117 0.661337 1.005296 0.626437 0.850130 
0.176553 0.011362 1.564890 0.670223 0.840135 
0.009260 0.337868 1.543882 0.697770 0.822586 
0.012146 0.012614 2.743195 0.880840 1.122019 
0.606434 0.021841 0.022453 1.565721 1.011404 
0.326087 0.326871 0.022283 1.274437 0.820867 
0.167455 0.638787 0.018844 1.278161 0.818646 
0.017619 1.149327 0.026838 1.512459 0.951749 
0.320476 0.024482 0.505010 1.232882 0.811815 
0.143410 0.283825 0.433971 1.096531 0.727767 
0.014363 0.641490 0.499450 1.209369 0.822907 
0.172683 0.012184 0.985640 1.330222 0.905108 
0.012580 0.333177 0.971708 1.239026 0.797361 
0.014905 0.034135 1.689177 1.550854 0.962925 
0.392269 0.018408 0.034428 2.391728 1.057608 
0.178918 0.341139 0.020421 2.064038 0.893310 
0.019496 0.795644 0.025501 2.305950 0.983088 
0.178639 0.012240 0.530632 2.061990 0.898052 
0.011250 0.355166 0.530669 2.055880 0.894377 
0.015757 0.024980 1.207803 2.303735 0.990171 
0.240195 0.017848 0.011497 3.735803 1.223750 
0.013035 0.455547 0.012005 3.692404 1.242744 
0.010054 0.013855 0.707123 3.833792 1.183093 
0.016910 0.019511 0.020702 7.153196 1.768699 
1.158602 0.009183 0.019081 0.012748 2.943474 
0.601238 0.394762 0.013129 0.017556 2.019731 
0.398564 0.804186 0.008868 0.009842 1.997043 
0.203766 1.186301 0.017884 0.007971 2.011709 
0.008301 2.316410 0.022859 0.011167 2.960856 
0.599204 0.017941 0.603541 0.009305 2.002177 
0.372741 0.386643 0.582397 0.055830 1.880862 
0.286361 0.835784 0.454594 0.015856 2.010282 
0.014606 1.173841 0.602914 0.009492 2.007379 
0.396636 0.009530 1.191191 0.008080 1.997147 
0.191779 0.369996 1.084428 0.132989 1.770991 
0.009916 0.783534 1.189118 0.009065 2.008791 
0.199635 0.015447 1.772335 0.022465 1.999323 
0.008826 0.406527 1.842922 0.009677 2.052436 
0.011226 0.012591 3.470695 0.009539 2.885422 
0.590205 0.009827 0.018225 0.806159 1.996128 
0.391385 0.399667 0.030671 0.794466 1.946222 
0.199089 0.778503 0.026681 0.804843 1.925449 
0.011833 1.182816 0.009255 0.781568 2.036052 
0.382698 0.022882 0.584668 0.787550 1.951321 
0.173376 0.331227 0.497822 0.675843 1.705357 
0.015036 0.773127 0.592465 0.830436 1.948779 
0.206687 0.016819 1.188577 0.788874 1.951896 
0.012266 0.416175 1.215834 0.754055 1.976217 
0.008142 0.015063 1.783308 0.798735 2.019508 
0.382238 0.016689 0.019618 1.539671 2.002164 
0.198168 0.393564 0.054732 1.440570 1.760200 
0.014935 0.762207 0.012728 1.528925 1.999672 
0.177299 0.080048 0.539184 1.416177 1.751088 
0.030171 0.353663 0.572376 1.436368 1.761678 
0.018981 0.015404 1.133601 1.561625 2.005501 
0.202204 0.013745 0.013265 2.444916 2.025118 
0.013105 0.385286 0.011155 2.422238 2.039780 
0.008557 0.007528 0.584222 2.353199 2.067141 
0.014803 0.022590 0.026164 4.536047 2.806027 
0.794901 0.009229 0.009037 0.009810 4.000803 
0.501715 0.518309 0.008131 0.008680 3.826353 
0.221616 0.826155 0.025149 0.046311 3.160762 
0.009411 1.547205 0.008488 0.009000 3.991680 
0.466561 0.020441 0.686660 0.012885 3.512924 
0.173023 0.340825 0.535941 0.043655 2.446851 
0.017845 0.869703 0.681669 0.012775 3.329477 
0.258230 0.012791 1.363813 0.008452 3.648832 
0.017836 0.443391 1.324850 0.016463 3.303433 
0.007621 0.008166 2.341213 0.007054 3.992020 
0.500488 0.012334 0.011713 0.936056 3.799014 
0.184218 0.359280 0.018327 0.751047 2.773157 
0.015067 0.974726 0.014827 0.942769 3.627042 
0.190403 0.011260 0.584916 0.739069 2.853142 
0.011279 0.373325 0.586574 0.736408 2.853624 
0.010203 0.011174 1.455500 0.985881 3.684162 
0.260495 0.015852 0.018303 2.001252 3.801974 
0.020750 0.478899 0.024589 2.099093 3.797924 
0.006951 0.011167 0.747873 1.948659 3.808149 
0.007727 0.007730 0.008174 3.214674 3.996572 
0.948397 0.008373 0.016771 0.009099 9.452602 
0.218238 0.440718 0.018918 0.010013 4.381380 
0.017953 0.878179 0.022677 0.092449 4.474162 
0.219772 0.011931 0.657018 0.012641 4.342460 
0.008847 0.445980 0.675155 0.008366 4.421867 
0.018753 0.029435 1.288206 0.122971 4.260183 
0.217760 0.011071 0.015625 0.822770 4.309698 
0.008527 0.420990 0.020357 0.836714 4.145797 
0.010678 0.013379 0.634636 0.830554 4.124454 
0.020567 0.028197 0.081990 1.609099 4.088019 
0.269983 0.010464 0.010560 0.023717 6.724703 
0.014303 0.478088 0.016886 0.024739 5.989463 
0.006493 0.009169 0.758529 0.042691 6.272194 
0.009727 0.018042 0.035306 0.936669 6.034282 
0.007458 0.007793 0.008604 0.007464 9.824430 
