2.127432 0.183713 0.178901 0.150925 0.218743 0.295127 0.177238 0.148861 0.547797 0.951316 
1.857380 1.818595 1.120716 0.147832 0.187749 0.346196 0.157581 1.798966 0.936033 0.222189 
0.860982 3.822871 0.309181 0.205998 0.542210 0.468567 0.284309 0.270565 0.268072 0.684816 
0.160498 4.084266 0.633069 0.578610 0.625701 0.364543 0.155896 0.475485 0.552734 0.194925 
1.510812 2.311874 2.449368 0.522110 0.544105 0.121202 0.838345 0.780991 1.738316 0.412166 
0.184058 3.308169 3.542685 0.646623 0.123027 0.712932 1.345495 0.157977 0.775264 0.561253 
0.617553 0.222377 5.877047 0.571765 0.184170 1.082489 0.116776 0.140135 0.196932 0.976773 
0.113490 1.128165 5.900116 0.352814 0.136151 0.120357 0.555299 0.330310 0.136500 0.209509 
0.118304 0.284055 6.070662 0.553018 0.100561 0.091167 0.254530 0.096952 0.192875 0.501420 
1.632263 0.811561 0.164259 5.194947 0.215156 0.291540 0.176714 0.145274 0.545165 0.947729 
1.405465 1.678300 0.091199 5.163059 0.222125 0.714168 0.240013 0.160703 0.090130 0.128999 
0.135716 3.386757 0.287106 4.694756 0.163976 0.711821 0.557126 0.348283 0.230703 0.224394 
1.362443 0.219992 2.779351 5.190331 0.243612 0.735655 0.261501 0.181869 0.111617 0.160645 
0.990032 0.445723 0.118702 7.205874 0.189765 0.164589 0.112723 0.191895 0.893238 0.567387 
0.171988 1.915559 0.120595 7.214720 0.191726 0.166526 0.114609 0.193859 0.130352 0.569257 
0.115793 0.337022 0.157459 8.056821 0.247784 0.485602 0.273631 0.101598 0.881394 0.722926 
0.971500 1.996610 0.528288 0.155678 7.149423 3.445385 0.221788 0.170671 1.647416 0.369788 
0.196352 3.496047 1.459309 0.204488 4.362897 2.706636 0.143380 0.122545 0.211992 0.196821 
1.192637 0.363118 2.364540 0.142923 7.653727 0.377991 0.183665 0.288405 0.915806 1.038389 
0.148350 2.564214 2.745707 0.506058 6.431809 0.701470 0.711955 0.144219 0.142581 0.547444 
0.116907 0.116564 5.731661 0.878935 3.475808 0.157631 0.162183 0.190304 0.916989 0.125192 
0.953634 0.622860 0.806431 3.956316 6.773198 3.875301 0.094815 0.171504 0.704187 0.599414 
0.118410 3.059733 0.255377 4.243122 4.359605 0.731729 0.323163 0.147936 0.215125 0.374362 
0.091644 0.089347 3.354861 4.306258 6.603520 0.464790 0.175703 0.164689 0.095865 0.558096 
0.107987 0.309809 0.137847 6.458842 6.139674 0.502394 0.290321 0.115902 0.898374 0.239502 
1.280637 0.385376 0.312728 0.460194 8.232728 0.518724 0.186532 0.192445 0.946286 0.365970 
0.131860 2.425378 0.397995 0.376188 8.221677 0.354719 0.146366 0.300039 0.542866 0.185057 
0.131477 0.279512 3.483702 0.613454 8.382926 0.222221 0.181535 0.357660 0.400850 0.681878 
0.136866 0.486417 0.394942 4.298716 8.565513 0.127572 0.125179 0.322988 0.896857 0.197789 
0.163134 0.173992 0.156568 0.121380 10.086014 0.148835 0.157776 0.224328 0.935000 0.444527 
0.174776 3.794314 0.148297 0.621240 0.363705 4.595992 0.109261 0.150439 0.177169 0.142027 
0.367863 3.047947 3.313324 0.611435 0.353859 4.581711 0.094031 0.140551 0.167280 0.132139 
1.202693 0.205127 1.473608 4.009207 0.214911 7.718060 0.232416 0.515594 1.613814 0.162267 
0.263746 2.290547 0.776831 3.810114 0.207434 5.957309 0.213908 7.652460 1.610123 0.158576 
0.123964 0.654466 3.489041 3.951696 0.997623 7.849250 0.261996 0.229896 0.830245 0.362405 
0.087865 0.124900 0.626667 6.944697 0.148973 6.141469 0.172133 0.150394 0.833196 0.299008 
1.154905 0.399411 0.189153 0.152901 6.780408 6.369685 0.149080 0.820202 0.918694 0.249405 
0.178846 2.059851 0.606991 0.139060 6.828919 6.631247 0.139143 0.802568 0.201862 0.190607 
0.104497 0.161934 3.337190 0.144737 6.511193 6.633719 0.141616 0.805041 0.204335 0.193706 
0.128029 0.208613 0.133445 5.190514 4.928936 7.350338 0.132651 0.128353 1.171025 0.143554 
1.204202 0.471824 0.674336 0.527732 1.042016 9.797749 0.129994 1.026275 0.119073 0.204385 
0.178005 1.476600 0.428489 0.133654 0.125179 11.308577 0.148639 0.155861 0.841468 0.506984 
0.127049 0.219963 2.184724 0.156153 0.134239 11.371733 0.143685 0.181845 0.868690 0.466342 
0.118580 0.102359 0.342210 2.921340 0.129579 11.311493 0.125565 0.163813 0.182243 0.509206 
0.123792 0.083089 0.078807 0.080373 4.458301 10.730683 0.129598 0.141702 2.517126 0.732147 
0.115268 0.120693 0.388322 0.115479 0.721225 12.046064 0.746096 0.177024 0.962378 0.584621 
1.863288 0.745886 0.653225 0.159848 0.801955 0.164125 6.404060 1.608877 0.985057 0.185880 
1.380839 2.126207 1.086348 0.456718 1.171140 0.458466 7.989393 0.836676 1.730943 0.742961 
0.133463 3.768590 0.138107 0.289674 0.602209 0.423378 5.701977 0.169620 1.642357 0.471244 
1.519937 0.670419 3.147217 0.277714 0.303061 0.405720 6.771392 0.130871 1.634973 0.614549 
0.233234 2.896223 3.072564 0.276491 0.301190 0.396578 7.322369 0.133729 1.637833 0.616528 
0.095032 2.427879 0.396919 4.647682 0.151487 0.937255 8.025901 0.108648 0.876238 0.555930 
0.137843 0.113255 3.759807 5.717522 0.675354 0.157375 4.968960 0.086126 0.084295 0.277884 
0.108836 0.100953 0.327024 7.562800 0.686684 0.168709 4.980247 0.156453 0.095631 0.292194 
1.422197 0.122028 1.346073 0.368876 6.432814 0.457998 4.985412 0.181058 0.106295 0.568125 
0.101871 0.099130 4.019966 0.387632 5.726035 0.423414 7.151224 0.174067 0.099304 0.567859 
0.115404 0.162750 0.114299 3.895574 7.305886 0.451457 7.167419 0.455779 0.950957 0.230293 
0.161512 0.131366 0.677746 0.160807 8.589481 0.260450 6.427050 0.188776 4.858650 0.606051 
0.153311 0.142441 3.973728 0.781997 0.836442 6.894354 6.909516 1.630932 0.898674 0.341020 
0.081641 0.087460 0.125385 5.150103 0.562584 6.355211 8.032410 0.101761 0.387605 0.266489 
0.161163 0.143789 1.235107 1.056618 6.204284 6.869251 6.884413 1.618540 0.807112 0.316301 
1.078573 0.343007 0.179178 0.510210 0.150092 0.159118 12.260882 0.272096 0.288364 0.711012 
0.077438 0.093387 0.198347 4.531720 0.131696 0.140199 11.699070 0.097316 0.383166 0.214659 
0.374204 0.247983 0.138803 0.133928 0.532647 6.461071 11.729761 0.154889 1.248911 0.201810 
1.240137 2.611011 0.595042 0.167367 0.681563 0.459943 3.867654 7.016724 1.653803 0.131340 
1.370878 0.494371 2.752327 1.151484 0.576156 0.264669 0.236888 9.729927 0.335998 0.110919 
0.168349 2.013600 0.692017 5.153228 0.160194 0.164277 0.163943 9.621600 0.448952 0.498312 
0.200023 0.166605 4.315057 0.194137 3.621660 0.129825 0.152236 10.076002 0.224604 0.204299 
0.209005 0.117833 0.268022 3.369081 6.668029 0.100776 0.098913 10.093228 1.336274 0.173431 
0.101413 0.103691 0.254070 0.102693 8.174955 0.124911 0.132154 9.459337 0.916445 0.428985 
1.534449 0.118178 0.111133 0.096588 0.105247 5.340630 0.137658 8.708236 0.173223 0.310884 
0.334170 2.895719 0.793417 0.198641 0.181328 5.834100 0.696668 8.211815 1.801286 0.309949 
0.176964 0.151636 3.295817 0.657241 0.126827 8.033520 0.150877 8.562293 0.222929 0.200309 
0.101042 0.096438 0.248455 0.111957 7.455347 5.459586 0.137402 8.215092 0.173845 0.147059 
0.068402 0.139222 0.841570 0.139261 0.147120 9.616988 0.100758 9.523012 0.108246 0.531605 
0.943715 0.248457 0.625651 1.019723 0.146191 0.390359 9.055788 10.099361 0.578908 0.165038 
0.406279 2.671668 0.206510 0.203225 0.213412 0.096277 4.883582 10.710310 0.123520 0.646116 
0.289297 0.298243 0.173053 3.257522 0.905583 0.221271 7.138580 12.414240 0.163703 0.257918 
0.137652 0.465481 0.130957 3.404044 6.552005 0.285601 6.425619 7.154889 0.934334 0.213671 
0.101069 1.314770 0.813802 0.175618 0.223287 0.105469 11.609610 7.480762 0.096596 0.125189 
0.679646 0.311773 0.117150 0.113881 0.149383 0.106413 0.101576 15.379809 0.133481 0.569624 
0.150640 1.553052 0.118372 0.134391 0.256646 0.201077 1.864043 14.878331 0.111481 0.621030 
0.104846 0.110972 0.211327 2.374475 0.153629 1.240779 0.107693 15.367846 0.248176 0.338066 
0.091702 0.107488 0.273248 0.090904 3.016279 0.249691 0.387627 15.369687 0.274232 0.561834 
0.268667 0.151850 0.089731 0.201741 0.100480 3.442181 0.087118 15.369562 0.119031 0.121685 
0.095283 0.186350 0.105780 1.273338 0.376480 0.131704 5.026321 14.869525 0.195817 0.117211 
0.104266 0.108453 0.152419 0.104055 0.879970 0.210688 0.106872 16.048833 0.288555 0.576157 
1.739245 0.311894 1.028474 0.161312 0.216448 0.279115 0.182705 0.149556 10.623304 0.945173 
1.228911 2.222233 1.563497 0.810725 1.141975 2.629066 0.701115 0.505856 9.644836 0.470289 
0.242694 0.912654 4.819518 0.140952 0.518259 0.424772 0.182633 0.277792 10.571482 0.335874 
1.142855 0.928398 0.298402 4.588927 0.123076 0.122483 3.166607 0.120952 10.489498 0.740777 
0.291034 2.313771 0.728536 3.782672 0.121813 0.231238 0.332003 7.104931 9.537303 0.884667 
0.119469 0.174236 3.792891 4.166294 0.325901 0.619325 0.476684 0.427572 11.004831 0.224961 
0.102918 0.370733 0.106099 6.772695 0.448165 0.386345 0.105502 0.263933 9.885237 0.128565 
1.157307 0.365354 0.295060 0.426475 7.353054 0.276161 0.182575 0.187842 8.341605 0.368526 
0.118919 1.980888 0.121297 0.377709 5.529521 0.348955 4.487997 0.149980 11.346467 0.461561 
0.364691 0.149922 0.108243 4.376729 5.628684 0.458189 0.113047 0.223682 11.144616 2.648461 
0.130448 0.119822 0.312416 0.140486 9.754785 0.272988 0.124328 0.185758 4.858248 0.166924 
0.954970 0.580888 0.552916 0.317670 0.844977 7.828224 0.117582 0.107202 10.965546 0.608040 
0.356876 0.301650 3.410376 2.003924 0.174543 6.109313 0.161487 1.321322 10.711084 0.317164 
0.142141 0.131611 1.052846 5.003922 0.146372 6.224276 0.091106 2.282084 10.193549 0.332509 
0.071623 0.132998 0.666434 0.080186 3.642651 5.723822 0.322763 0.108618 14.472362 0.260736 
1.108321 0.716735 0.273917 0.256481 1.107162 0.111921 9.323549 0.172727 9.692799 0.218623 
0.133015 2.047112 0.252623 1.314661 1.074095 0.101470 9.447596 0.162327 9.682398 0.208223 
0.130323 0.593870 0.219746 3.938643 1.397143 0.257374 8.874442 0.141743 10.581521 0.190913 
0.113013 0.391329 0.156867 2.545069 4.113151 0.241888 8.858946 0.126257 10.566023 0.179716 
0.120377 0.165392 0.428554 0.121477 0.242416 5.441033 9.535205 0.179225 10.735852 0.227936 
0.319108 0.146213 0.132177 0.287274 1.718261 0.176598 11.638089 0.125889 9.624179 0.597013 
1.299600 0.330953 0.873960 1.766921 0.319207 0.216507 2.559366 7.376778 10.683466 0.190738 
0.416278 2.767909 0.867923 0.193330 0.176357 0.229218 0.324710 6.917495 10.594328 0.888960 
0.177213 0.709197 0.181379 4.873703 0.685173 0.153928 1.663589 8.359478 10.502130 0.122451 
0.090772 0.371996 0.147628 0.095633 1.218385 6.758679 0.114937 10.438150 9.180714 0.130359 
0.114411 0.148532 0.290505 0.115849 0.185742 3.190085 5.222205 9.332678 12.431178 0.223429 
0.962275 1.300308 0.371926 0.491723 0.145341 0.237149 0.117645 0.847533 15.383783 1.243086 
0.147533 0.109149 2.006159 0.116405 0.333630 0.102764 2.363415 0.116762 16.529863 3.884253 
0.061785 0.192014 0.783357 0.071331 4.498841 0.083611 0.254508 0.089871 16.031934 0.250602 
1.018031 2.649221 0.452855 0.189541 0.240548 0.128261 0.121101 0.123662 0.721414 12.536907 
0.124974 3.231336 0.452298 0.170664 0.240002 0.127693 0.120532 0.128447 0.720912 12.536338 
1.132925 1.101925 2.366224 0.231369 0.484664 0.954007 0.226826 0.189721 0.649960 15.091251 
0.174856 2.350395 2.342107 0.165040 0.535027 0.228590 0.360229 0.366539 1.348093 15.079603 
0.156694 0.104608 4.666067 0.148034 0.159389 0.837827 0.104395 0.116035 0.154711 12.969258 
0.870141 0.205806 0.149051 4.894393 0.292419 0.243871 0.160962 0.136849 0.463021 14.356806 
0.153313 2.309521 0.359035 4.626631 0.249633 0.136679 0.618361 0.137458 0.723167 12.410746 
0.111840 0.132143 0.114720 6.773886 0.232954 1.121325 4.211840 0.116024 0.136189 9.345989 
0.754374 0.734855 0.501603 0.178515 5.656825 0.931127 0.211827 1.756993 0.195736 15.077095 
0.110344 0.159266 0.113631 3.183803 3.024998 0.744809 0.250912 0.109483 0.490347 17.576384 
0.153485 2.691626 0.410239 0.205086 0.137977 5.601982 0.131252 0.147900 0.744361 12.421189 
0.219774 0.100114 0.087414 0.092021 3.223518 7.884716 0.122895 0.130977 1.860433 13.714929 
0.242640 0.136323 0.262573 3.138457 0.506359 0.117749 6.645410 0.374291 0.869260 15.999965 
0.100021 0.111835 0.347158 0.426527 0.128359 6.907404 4.863571 0.776109 1.224415 14.975851 
1.179673 0.340915 0.352046 0.181073 0.125744 3.895969 0.119421 7.873991 0.739441 12.409918 
0.508475 0.160263 0.130515 4.046346 0.243161 0.206650 0.144299 7.527757 0.454562 14.348347 
0.673843 0.160749 0.459947 0.653666 0.612379 0.297961 6.242828 7.383570 0.655488 14.323333 
0.114289 0.110549 0.661789 1.437501 0.116946 1.239262 2.047006 13.152430 0.128834 10.474900 
0.143699 0.158158 0.448718 3.988462 0.348414 4.594586 0.144572 3.165470 8.351609 12.544309 
0.131463 0.199106 0.139286 1.422344 0.132973 1.513547 0.131274 9.148471 9.276603 12.532391 
0.167416 0.539637 2.719354 1.111667 0.200502 0.159161 0.272037 2.410771 0.343151 17.584381 
0.110839 0.147683 0.118471 3.012604 0.141435 2.203450 1.336277 4.227519 0.915080 17.565204 
0.078623 0.207453 0.077717 1.366535 0.080020 5.023003 0.085717 0.167670 3.710838 17.535371 
0.084847 0.427211 0.082439 0.146430 0.079495 2.721269 0.082540 5.712953 4.394971 17.536834 
2.020652 0.980279 1.133451 0.160129 0.200064 0.276041 0.161828 1.811800 0.530688 0.744398 
1.534024 2.116797 1.442975 0.534564 0.357519 4.386650 0.149475 0.243889 0.924766 5.783871 
0.113587 1.119172 5.794640 0.345476 1.912284 0.120503 0.554942 0.266974 0.938526 0.452622 
0.142247 0.100657 3.998208 6.083278 0.713103 0.846738 0.131017 0.085045 0.083214 0.293720 
0.153780 0.663435 0.184329 4.524877 6.734943 0.376122 3.725483 1.432473 0.151667 7.900825 
1.735141 0.538162 1.101353 0.469419 1.206772 0.471275 8.032147 0.825199 0.331987 0.754482 
0.163239 2.530682 0.470261 1.491668 0.195636 0.537805 10.962234 1.620149 0.597816 0.196745 
0.401370 0.345488 4.777822 0.964569 1.019747 3.987591 6.926483 1.647427 0.907440 0.167227 
0.383406 0.400231 0.167582 4.913602 1.297763 0.232136 11.004291 0.194003 0.134255 0.228470 
0.474747 0.452408 0.663569 1.991290 0.301741 2.545460 10.298001 9.270948 0.234598 0.204359 
0.109015 0.129974 0.473351 1.907616 0.110949 1.039675 0.250899 12.626696 10.395028 0.720148 
0.123383 0.099590 1.048627 0.100980 2.529446 1.714366 2.338584 0.114516 16.527617 3.882007 
0.449096 0.177087 4.069330 0.271098 0.324896 0.768669 0.105244 0.120465 0.159350 14.629874 
0.128865 1.375304 0.347276 0.163899 5.099185 0.319168 2.299785 1.628692 0.180970 15.874166 
0.228953 0.176838 1.818343 0.134756 0.798565 5.217912 0.258573 1.224476 0.114766 16.992409 
0.605556 0.373850 0.601632 0.347954 0.388040 0.124692 6.968883 0.368957 0.526966 16.681987 
