2.052306 0.052376 0.056645 0.054306 0.055294 
2.014215 0.838497 0.053553 0.056066 0.060493 
1.843229 1.840226 0.053969 0.053968 0.054126 
1.467160 2.883965 0.054408 0.057207 0.059027 
0.948362 3.631596 0.056143 0.058445 0.057327 
0.446929 3.976592 0.055328 0.058120 0.054501 
0.052850 4.052523 0.053548 0.055180 0.055939 
2.015039 0.054282 1.229109 0.056828 0.056560 
1.941719 0.989590 1.466120 0.058322 0.060586 
1.656399 2.194254 1.647318 0.053147 0.053845 
1.125703 3.261152 1.664448 0.056961 0.057280 
0.525059 3.823520 1.466400 0.053609 0.057597 
0.054074 3.975580 1.228537 0.053263 0.054000 
1.842837 0.055353 2.733082 0.054176 0.053976 
1.660425 1.124707 3.244397 0.056129 0.054744 
1.211402 2.363406 3.519363 0.056431 0.058466 
0.588252 3.260382 3.257826 0.054553 0.059632 
0.054332 3.632319 2.733113 0.054357 0.054007 
1.468049 0.055230 4.292930 0.055945 0.055433 
1.124527 1.123603 4.862059 0.056830 0.058289 
0.589160 2.190468 4.870651 0.055872 0.056701 
0.054402 2.881836 4.298226 0.057678 0.059180 
0.946453 0.053055 5.420941 0.053903 0.054086 
0.522858 0.995699 5.716874 0.061387 0.055795 
0.053571 1.844139 5.418711 0.056891 0.058403 
0.445489 0.052986 5.936200 0.054919 0.054879 
0.052854 0.843773 5.934142 0.055252 0.065373 
0.053514 0.053231 6.052321 0.052500 0.053344 
2.013957 0.060997 0.053837 1.622223 0.053374 
1.940665 0.992298 0.056180 1.944083 0.057038 
1.659166 2.187626 0.054942 2.192142 0.061944 
1.123152 3.261729 0.056728 2.186686 0.060771 
0.523183 3.827559 0.056135 1.942942 0.058428 
0.053799 3.974434 0.054779 1.635162 0.058238 
1.940812 0.055675 1.467213 1.940517 0.060947 
1.788172 1.205349 1.779950 2.365707 0.055479 
1.318606 2.590643 1.949816 2.591102 0.056525 
0.627682 3.517804 1.776791 2.371986 0.053860 
0.053373 3.824933 1.460382 1.944322 0.063667 
1.657904 0.058476 3.266199 2.180613 0.054807 
1.321966 1.313875 3.848898 2.572972 0.062001 
0.683020 2.585751 3.842292 2.594270 0.055462 
0.053821 3.269879 3.238045 2.191797 0.053110 
1.120802 0.052977 4.864889 2.187326 0.055383 
0.626402 1.202481 5.251856 2.371863 0.057837 
0.055869 2.207931 4.848530 2.188978 0.063702 
0.525335 0.054679 5.708205 1.953861 0.055490 
0.053484 0.997310 5.708665 1.942977 0.056835 
0.056024 0.053728 5.937543 1.620347 0.069438 
1.842897 0.054168 0.054918 3.625439 0.056158 
1.657185 1.120867 0.058250 4.336622 0.056488 
1.201657 2.367038 0.058008 4.692918 0.056938 
0.588233 3.262459 0.055505 4.326614 0.061297 
0.053832 3.633132 0.053990 3.621366 0.054966 
1.657817 0.054831 1.657967 4.325445 0.055235 
1.319812 1.316933 1.952585 5.111460 0.055011 
0.685187 2.585705 1.946923 5.118159 0.056669 
0.052681 3.260672 1.655233 4.326633 0.060036 
1.210410 0.054976 3.514005 4.674558 0.055516 
0.685871 1.319998 3.859162 5.117934 0.060194 
0.053876 2.362255 3.506513 4.688076 0.059839 
0.585433 0.052978 4.864288 4.329778 0.052965 
0.053762 1.121646 4.864312 4.330892 0.055153 
0.053431 0.052338 5.420970 3.624402 0.055104 
1.467764 0.053826 0.054657 5.707707 0.054633 
1.122815 1.120925 0.056269 6.474668 0.058102 
0.586977 2.192295 0.054298 6.470092 0.058681 
0.052917 2.883299 0.055879 5.705208 0.056053 
1.124224 0.053309 1.657418 6.461621 0.056315 
0.631073 1.210081 1.788444 6.978368 0.056238 
0.054107 2.194919 1.657023 6.461226 0.055920 
0.587421 0.052851 3.263931 6.463299 0.053660 
0.054863 1.119681 3.253095 6.479180 0.056350 
0.054126 0.053337 4.295619 5.710635 0.057471 
0.947093 0.054238 0.054439 7.212028 0.057178 
0.524781 0.997024 0.053754 7.596181 0.056707 
0.053430 1.839311 0.053547 7.211136 0.056505 
0.525863 0.055195 1.472438 7.597154 0.055787 
0.053360 0.993066 1.468023 7.596899 0.062996 
0.054279 0.053751 2.729767 7.213949 0.054740 
0.444912 0.052836 0.052523 7.896827 0.052674 
0.053194 0.837037 0.052379 7.896445 0.058636 
0.052606 0.053029 1.230124 7.897022 0.053328 
0.053175 0.052616 0.052632 8.052614 0.057402 
2.015362 0.054886 0.057217 0.055751 2.002433 
1.939970 0.997453 0.056808 0.056166 2.414645 
1.658898 2.188042 0.060360 0.055850 2.692481 
1.125466 3.262054 0.058345 0.059317 2.735682 
0.525076 3.828667 0.057040 0.055117 2.357860 
0.054179 3.976743 0.055722 0.059611 2.002330 
1.938056 0.058071 1.471596 0.058007 2.405132 
1.785509 1.206571 1.785239 0.056073 2.939367 
1.320163 2.589413 1.951250 0.061149 3.219563 
0.629797 3.520937 1.793000 0.056477 2.936200 
0.054875 3.825005 1.473448 0.056711 2.413166 
1.658374 0.054892 3.259163 0.054022 2.718272 
1.320844 1.321595 3.839160 0.056245 3.207755 
0.684044 2.594500 3.840527 0.056762 3.208513 
0.055574 3.269089 3.249582 0.055628 2.719625 
1.121863 0.053152 4.861409 0.056506 2.729592 
0.629092 1.204767 5.253961 0.054023 2.939846 
0.055367 2.193711 4.863811 0.060862 2.732021 
0.524582 0.053208 5.710484 0.058432 2.404414 
0.053858 0.997560 5.709318 0.056260 2.417138 
0.053897 0.053472 5.938352 0.056995 2.002921 
1.938145 0.053382 0.055806 1.943812 2.411404 
1.788049 1.207286 0.056568 2.345220 2.932486 
1.319128 2.581206 0.056561 2.584730 3.218283 
0.634528 3.525372 0.058474 2.340727 2.957918 
0.052621 3.822856 0.055706 1.943307 2.410900 
1.787686 0.056631 1.789118 2.351374 2.949642 
1.466283 1.476535 2.180848 2.894135 3.577593 
0.764114 2.883346 2.178233 2.896332 3.552061 
0.057483 3.518117 1.788783 2.370558 2.956974 
1.322760 0.055441 3.840342 2.586296 3.219447 
0.760789 1.469185 4.299422 2.905281 3.585869 
0.053788 2.569122 3.858048 2.615388 3.213847 
0.633265 0.056555 5.251422 2.370210 2.944337 
0.054606 1.200919 5.260309 2.361017 2.916526 
0.054060 0.055601 5.711316 1.941856 2.401521 
1.656219 0.053950 0.055165 4.336148 2.722143 
1.320183 1.316138 0.054997 5.124554 3.188374 
0.683439 2.582817 0.054427 5.114172 3.212331 
0.054647 3.259607 0.055610 4.344162 2.701445 
1.320526 0.053269 1.936603 5.110693 3.214709 
0.751071 1.477317 2.159194 5.752657 3.600630 
0.054978 2.585235 1.934795 5.119937 3.224778 
0.682497 0.054042 3.850787 5.113178 3.225507 
0.055419 1.314133 3.855496 5.118941 3.204611 
0.053996 0.053193 4.859806 4.344097 2.708664 
1.121925 0.055529 0.055781 6.478620 2.718625 
0.630029 1.225381 0.055452 6.981677 2.909498 
0.053731 2.186864 0.054117 6.476969 2.716973 
0.630612 0.055842 1.777096 6.990672 2.933206 
0.055981 1.208213 1.778584 6.992176 2.934591 
0.052867 0.053748 3.254982 6.471836 2.724568 
0.526593 0.053081 0.053815 7.596993 2.389276 
0.052285 0.999520 0.052959 7.596145 2.388377 
0.054186 0.054182 1.467219 7.595514 2.416522 
0.058886 0.053130 0.065225 7.898609 2.001614 
1.841158 0.053296 0.053108 0.055311 4.531321 
1.656094 1.127070 0.057054 0.059041 5.415365 
1.209098 2.367723 0.058046 0.053782 5.808354 
0.582176 3.265680 0.056015 0.056511 5.403840 
0.054691 3.631348 0.055014 0.056472 4.526966 
1.655947 0.053778 1.651436 0.053861 5.405339 
1.320377 1.316299 1.943668 0.055772 6.378506 
0.687261 2.588714 1.948761 0.060951 6.379981 
0.056082 3.260881 1.653463 0.055961 5.410682 
1.208482 0.054260 3.521177 0.055194 5.823535 
0.687456 1.322592 3.843305 0.056646 6.379404 
0.054445 2.359561 3.519148 0.056424 5.833322 
0.586123 0.054045 4.875606 0.056754 5.374152 
0.053119 1.115632 4.862815 0.052909 5.407761 
0.054371 0.052734 5.421810 0.054741 4.514837 
1.657704 0.053379 0.054262 2.192596 5.385063 
1.320851 1.324329 0.056941 2.584603 6.381693 
0.686798 2.586658 0.057466 2.590048 6.379777 
0.054703 3.262039 0.057088 2.201312 5.389771 
1.318953 0.053527 1.956081 2.577421 6.372405 
0.759020 1.466834 2.176479 2.877779 7.141973 
0.056427 2.588861 1.956874 2.597877 6.361413 
0.684695 0.053987 3.849476 2.583190 6.381113 
0.054854 1.321910 3.861546 2.576338 6.360078 
0.053585 0.054029 4.865206 2.204271 5.385782 
1.209202 0.055257 0.055350 4.668571 5.822624 
0.685859 1.322690 0.053574 5.115342 6.367436 
0.052568 2.362945 0.054845 4.664052 5.832166 
0.687404 0.055922 1.947767 5.119918 6.379105 
0.054888 1.328206 1.962107 5.109917 6.366326 
0.053379 0.058317 3.513037 4.683060 5.820497 
0.587617 0.056512 0.056938 6.470375 5.408890 
0.054858 1.119534 0.057106 6.475367 5.393453 
0.055855 0.056194 1.654333 6.472899 5.396196 
0.054154 0.051852 0.057825 7.211106 4.514321 
1.470044 0.053164 0.053802 0.053464 7.104066 
1.122696 1.123108 0.057337 0.057602 8.080369 
0.589593 2.190457 0.054105 0.053350 8.067021 
0.055625 2.883247 0.058677 0.056439 7.127508 
1.125543 0.059852 1.661938 0.060442 8.084840 
0.629561 1.201965 1.790953 0.055125 8.723310 
0.055204 2.199431 1.660663 0.058485 8.061388 
0.588441 0.054410 3.262994 0.055769 8.070889 
0.054321 1.120151 3.264589 0.055625 8.070744 
0.055156 0.051780 4.305796 0.054388 7.103809 
1.123274 0.053524 0.054761 2.192824 8.064778 
0.628761 1.209404 0.058342 2.363067 8.729842 
0.055959 2.194668 0.055495 2.193690 8.065525 
0.634740 0.055634 1.786608 2.377776 8.707550 
0.055091 1.217416 1.787859 2.384671 8.699506 
0.053771 0.053192 3.262183 2.199984 8.065285 
0.587296 0.052926 0.053920 4.335941 8.064823 
0.053285 1.122123 0.054237 4.336258 8.065140 
0.052815 0.052520 1.652716 4.342397 8.060788 
0.052421 0.052235 0.052358 5.696877 7.138122 
0.948738 0.052555 0.052501 0.055444 8.990033 
0.524487 0.996181 0.054821 0.056232 9.485435 
0.052488 1.837786 0.052529 0.055861 9.000449 
0.524326 0.055449 1.468079 0.056846 9.486768 
0.054447 0.997872 1.476825 0.056997 9.478616 
0.053163 0.054305 2.741097 0.056914 8.993552 
0.525490 0.055931 0.055758 1.944221 9.484720 
0.055426 1.003150 0.056845 1.937708 9.481356 
0.054895 0.055103 1.466325 1.937388 9.484781 
0.052358 0.052538 0.052325 3.624008 9.000358 
0.445049 0.052318 0.052248 0.053113 9.857440 
0.053064 0.838503 0.054270 0.060071 9.858078 
0.053255 0.053199 1.239168 0.054970 9.855865 
0.054812 0.053599 0.054123 1.626728 9.858314 
0.052626 0.052612 0.053671 0.054225 10.052612 
