2.117116 0.361490 0.126991 0.121039 0.168491 0.140238 0.236881 0.335165 0.166297 0.147135 
1.693337 2.320657 0.275314 1.258859 0.535077 0.180738 0.086341 1.037911 0.244712 0.903362 
0.934539 3.785853 0.305146 0.131784 0.133548 0.439568 0.319518 0.339147 0.277330 0.986129 
0.166279 4.141847 0.319494 0.146301 0.244062 0.454993 0.325384 0.352198 0.194537 0.159391 
1.662446 0.396649 3.888376 0.157711 0.354212 0.214187 0.292484 0.414929 0.146823 0.195490 
1.486965 1.717635 3.919564 0.184881 0.395308 0.318527 0.324595 0.286090 0.420759 0.226930 
0.926348 0.269146 5.598283 0.317653 0.988363 0.170989 0.562015 0.662054 0.144788 0.175912 
0.225126 1.049235 5.914802 0.102270 0.161320 0.409875 0.189555 0.216927 0.282149 0.250605 
0.185633 0.144289 6.121635 0.173409 0.383562 0.681446 0.312794 0.274616 0.409237 0.680127 
0.172414 2.057281 4.022763 4.736733 0.956445 0.438892 0.304981 0.425406 0.444262 0.433515 
0.106984 0.106320 5.679026 3.025038 0.611596 0.522986 0.151794 0.204482 0.131487 0.118598 
0.118765 2.159129 0.138454 6.942878 0.296640 0.405986 0.244562 0.111572 0.408410 0.146102 
0.144904 0.462990 3.619962 6.554840 0.639994 0.951421 0.178181 0.309389 0.272265 0.166987 
1.902245 0.847140 0.268270 0.134099 4.374610 0.444510 0.402922 0.339542 1.374544 0.143379 
0.867572 3.318722 0.747377 0.113681 4.624198 0.320743 0.123542 0.250419 0.259422 0.432351 
0.151175 3.724494 0.288888 0.133219 4.495403 0.444141 0.402485 0.339001 0.826421 0.142501 
0.941497 0.855753 4.736124 0.146474 4.496263 0.418166 0.374943 1.520497 0.365508 0.419562 
0.280372 2.813203 3.599552 0.147858 4.498296 0.419510 0.376325 1.527208 0.366897 0.398084 
0.092776 0.130251 5.434029 0.423006 4.594347 0.294162 0.100361 0.619918 0.394488 0.409720 
0.110977 1.514144 0.420688 4.858117 7.277184 0.405184 0.243760 0.110770 0.407608 0.145299 
0.103191 0.580985 2.844140 6.380570 4.074120 0.407542 0.246118 0.113129 0.409966 0.150533 
0.084797 0.133887 1.316076 7.019889 4.583988 0.281161 0.087694 0.213644 0.381816 0.397048 
0.126009 1.986625 0.169673 0.648147 8.791265 0.373517 0.179859 1.035142 0.241263 0.094787 
0.101591 0.125283 3.516999 0.738836 8.255861 0.299556 0.106240 0.220947 0.403000 0.950852 
0.088304 0.086034 0.638696 4.625023 8.242508 0.279918 0.086449 0.201318 0.380571 0.395803 
0.101642 0.101576 0.101460 0.099870 10.095374 0.410859 0.208217 0.240295 0.183667 0.131985 
1.814871 0.707236 0.481619 0.182312 0.498725 6.097302 0.217317 0.188056 0.143793 0.127810 
0.983105 0.375905 3.673207 0.544831 0.756920 8.139567 1.075008 0.181717 0.268770 0.845736 
0.119808 1.915909 3.735070 0.528921 0.610264 7.828098 0.105251 0.515462 0.108050 0.423144 
0.360269 0.227111 5.300249 0.224791 0.312431 6.191200 0.357505 0.228335 0.184756 0.614194 
0.118772 0.112113 3.294092 5.909834 0.571270 5.327543 0.153253 0.205092 0.253672 0.148412 
0.165860 0.141256 0.159611 6.964193 0.279870 6.348414 0.387146 0.652633 0.191621 0.448235 
0.981278 0.252108 0.261775 0.281732 5.840631 8.289716 0.135261 0.109817 0.239173 1.555439 
0.290223 0.253455 4.198097 0.870911 5.762444 5.248035 0.117356 2.207089 0.139383 0.133517 
0.298196 0.193698 0.208612 3.420051 6.744493 7.668385 0.211499 0.678121 0.213849 0.165542 
0.558192 0.188425 0.492573 0.117122 8.806763 5.331825 0.153404 0.128023 0.257853 0.152594 
0.277393 2.097361 1.053465 0.363391 0.492415 10.386712 0.190185 0.544743 0.155950 0.410547 
0.118625 0.122240 0.118317 4.065804 0.558802 10.539950 0.227104 0.205948 0.183492 0.426301 
1.873311 0.572203 0.175993 0.634436 0.151093 0.184360 6.707641 0.658744 0.165027 2.109405 
1.521306 1.813722 0.103404 0.163818 1.966294 3.919755 5.956368 0.109706 0.140508 0.135744 
0.917699 0.208980 4.971123 0.114340 0.157241 0.131698 6.097405 0.328468 0.162668 0.140142 
0.279553 2.089254 4.567222 0.644236 0.900942 0.148040 6.341233 0.654826 0.164496 0.404160 
1.278587 0.399037 0.181408 4.503764 0.829469 0.603572 8.013112 1.718709 0.649688 2.755797 
0.190061 2.470038 0.185334 4.523428 0.624132 0.608762 8.183040 1.764072 0.661291 0.898041 
0.102178 0.196853 4.731885 3.786219 2.203572 0.417590 5.389720 0.101892 0.403926 0.120322 
0.519309 0.323877 0.109307 6.798526 0.860897 2.578527 6.488949 0.196895 0.174438 0.417247 
0.113295 2.041017 0.974637 0.498426 6.516468 0.460309 8.157437 0.123814 0.225278 0.424466 
0.176559 0.606697 1.153155 4.064739 5.956386 0.145806 8.643437 0.508334 0.295490 0.426201 
0.210710 0.115742 0.237030 0.114573 8.938734 0.451730 6.564446 0.115959 0.137887 0.131956 
0.303971 2.663318 0.144263 0.126386 1.002370 7.445754 6.333377 0.249508 0.168541 1.825370 
0.112466 0.110075 3.518035 0.363176 0.368235 5.162669 9.780396 2.418619 0.422985 0.149226 
0.516268 0.220975 0.106579 4.976450 0.985866 7.449698 6.333791 0.618678 0.149417 0.100325 
0.195399 0.140919 0.575243 1.525336 7.512515 4.759101 7.268574 0.125267 0.254537 0.417106 
0.126419 0.190450 0.142167 0.196109 0.387053 10.224556 7.641412 0.214678 0.140413 0.271792 
0.303156 2.425930 0.135173 0.169896 0.128628 0.413803 11.420039 1.216775 0.430082 0.165520 
0.194154 0.150041 0.203348 2.395596 0.253365 0.273081 13.282417 3.045275 0.898606 0.155805 
0.193452 1.026999 0.127491 0.693128 0.125159 5.817219 11.938947 1.056612 0.434120 0.424710 
1.987757 0.473462 0.638740 0.180333 0.904270 0.266974 0.148856 4.885100 1.113273 0.203534 
1.533166 1.710426 0.518753 0.118875 0.484922 1.903650 2.192427 8.259590 0.235244 0.130350 
1.120589 0.544021 4.471862 0.656330 0.346201 0.489143 0.125150 7.031861 0.164442 0.395176 
0.289715 1.936192 3.813794 0.733328 0.167530 0.147411 3.214579 9.564651 1.159753 0.987184 
0.299902 0.131477 5.441032 0.763916 0.345861 0.488815 0.124790 7.032116 0.119315 0.246132 
1.569153 0.677970 0.126761 3.606437 0.126038 0.152698 0.130754 8.367397 1.186373 0.159129 
0.200939 2.933980 0.336261 3.429552 0.162643 0.141304 3.417352 8.406529 1.153031 0.129851 
0.124506 0.135011 0.231012 6.980328 0.391059 0.242238 0.345610 8.087330 2.416937 0.435359 
0.997471 0.246682 0.950349 0.096600 5.355973 0.088247 0.088421 11.324901 0.110450 0.109661 
0.102925 2.056611 0.975868 0.493379 6.592362 0.331947 0.418924 9.040414 0.240834 0.415507 
0.883102 0.436075 3.325743 0.525144 5.879251 0.494402 0.137857 7.622683 0.427160 0.408441 
1.387104 0.325918 0.254383 1.697917 0.130830 5.623475 2.254461 9.092824 0.136078 0.646219 
0.186313 2.369833 1.030974 0.417777 0.139222 6.999100 0.189178 9.278663 0.130157 0.273402 
0.199066 0.111093 0.124594 4.589751 0.120123 7.168841 0.117631 9.333671 0.115172 0.242076 
0.842519 0.221093 0.130395 1.019067 5.498030 5.597180 2.230890 9.043821 1.646985 0.628112 
0.088025 1.079813 0.138187 0.126842 1.267501 9.684407 2.187504 8.254667 0.230320 0.125426 
0.134737 0.134211 0.121167 3.679766 0.297845 0.111082 5.767274 12.848724 0.160536 0.127580 
0.121792 0.121512 1.950067 0.652024 4.406303 0.693849 6.772415 11.330508 0.145022 0.139620 
0.128347 0.154166 1.282410 0.484509 0.185001 7.966708 7.942026 7.653288 0.225543 0.203982 
0.735029 0.215196 0.180153 0.887284 0.119630 2.810258 1.159912 14.730979 0.252647 0.645002 
0.195592 2.078637 0.436131 0.147752 0.600098 0.260481 0.123553 13.950860 0.142961 0.868132 
0.131584 0.131005 0.185090 3.606163 0.206019 1.767442 0.247101 14.371435 0.190569 0.447183 
0.122011 0.119479 1.691747 0.768210 0.127241 3.696001 0.180220 14.739903 0.261571 0.653926 
0.264768 0.141163 0.153853 0.389197 0.122978 0.094910 8.409869 12.825227 0.396278 0.105976 
1.776970 0.427068 0.138805 0.510870 0.360994 0.187512 0.153901 0.156127 10.285416 0.171033 
0.217712 0.194318 5.431946 0.478105 0.130226 0.368650 0.277153 0.120235 8.180397 0.882060 
0.125510 0.223054 3.478143 5.041031 0.160521 0.134811 0.137756 0.298795 10.093105 0.277405 
1.232010 0.099668 0.189674 0.088722 6.083616 0.682896 0.176002 0.267724 10.118822 0.102464 
0.293452 0.256032 3.515197 0.348160 6.275258 1.028906 0.947830 1.903112 9.451494 0.139364 
1.306109 0.542389 0.430264 0.342928 0.386064 6.753148 0.904046 0.237203 10.069897 0.910064 
0.183330 2.658960 0.177154 0.131999 0.110258 7.450303 0.206739 0.202764 8.194677 0.860943 
0.226378 0.171273 3.707426 0.417297 0.127759 6.983438 0.135830 0.128176 10.053777 0.892721 
0.095611 0.090553 2.592827 0.117740 5.018503 7.454083 0.210297 0.206859 8.198483 0.848448 
1.232429 0.084271 0.822587 0.118292 1.140471 0.505014 7.982749 0.175214 10.188564 0.086629 
0.140636 2.099257 0.129886 0.352418 0.254710 0.157255 9.393684 0.135760 10.277973 0.177379 
0.371167 0.210435 1.701155 5.258984 0.725637 0.487419 6.270258 1.033094 9.963212 0.248640 
0.639837 0.209097 0.587715 0.329764 4.479432 0.332639 7.373869 0.189713 12.387672 0.427876 
1.111575 0.795219 0.181028 0.128209 0.333146 0.158311 0.107701 9.914992 10.545361 0.871964 
0.112729 2.415950 0.272742 0.114307 2.416951 0.226825 0.370177 8.505003 10.392207 0.875225 
0.117840 0.215566 2.222231 0.140570 0.411648 1.289065 0.141325 12.093577 10.023167 0.872641 
0.153837 0.116011 0.106049 0.107208 0.233965 0.105271 7.596023 9.943764 10.509173 0.145649 
0.080863 0.183497 2.277585 0.105392 1.546130 0.195943 0.253800 13.015922 7.866440 0.844664 
0.884806 0.242463 0.176938 0.708176 0.131081 0.157486 0.205722 0.161783 16.580647 0.929617 
0.128788 0.377383 3.300871 0.841975 0.320406 0.361569 0.135025 0.178556 15.251067 0.982986 
0.110768 0.143655 0.111677 3.313055 0.138738 0.165162 0.213433 0.169462 16.600350 0.424970 
0.150916 0.111455 0.107238 0.138451 3.560208 0.152022 2.308961 0.159046 16.745606 0.427675 
0.112326 0.293270 0.174360 0.142409 0.256945 5.212104 0.113042 0.114484 16.364401 0.145633 
0.111321 0.221486 0.124236 0.126060 0.247814 1.312840 5.975874 0.112936 16.329954 0.122856 
0.144829 0.156499 0.145151 0.152055 0.147318 1.547170 1.641163 6.031341 16.634841 0.460319 
0.109056 0.244845 0.114024 0.470868 0.111226 0.115343 2.557408 0.134790 17.797789 0.422396 
1.859226 0.423758 0.162018 1.037313 0.416722 0.140689 0.189955 0.738830 0.124797 9.061111 
0.400847 3.590462 0.164536 1.040654 0.418975 0.143186 0.192500 0.185945 0.127251 9.063565 
0.950228 0.186540 4.502433 0.538899 0.330542 0.255267 0.262728 0.301362 0.494417 10.806823 
0.218572 1.629049 4.589506 0.418580 0.914963 0.108322 0.257287 0.295452 0.488507 10.800913 
1.545043 0.365650 0.255967 3.929414 0.389344 0.129002 0.249522 0.232971 0.135051 10.248235 
0.122885 1.794136 0.192516 5.662313 0.112364 0.412414 0.237715 0.129197 0.286800 11.788674 
0.132429 0.123518 3.318547 4.119466 1.599303 1.735674 2.002995 0.371841 0.262003 12.851365 
0.095543 2.145840 0.693455 0.375052 5.857521 0.638746 1.570819 0.363016 0.342133 12.273516 
0.110630 0.207970 0.097531 4.287601 5.831644 2.025815 1.569532 0.389059 0.367776 12.067188 
0.111945 0.128051 1.179925 0.117913 7.842040 1.396337 0.295614 0.145720 0.254848 12.080858 
0.787630 0.464165 0.986437 0.294468 0.109242 5.274050 0.209373 0.111133 0.098119 16.383331 
0.179843 0.535037 3.625938 0.150184 1.277409 6.405625 0.240978 0.156867 0.234045 12.103508 
0.189144 0.165318 0.179609 4.698873 0.151869 6.600100 0.237174 0.429670 0.145182 12.466625 
0.555520 0.260625 0.156103 0.659605 0.376510 10.060469 0.246253 0.130276 0.136665 10.244669 
0.384247 3.290077 0.621603 0.604694 0.820295 0.156608 5.724315 0.614137 0.585851 8.905705 
0.131707 0.125309 0.415286 5.126504 0.154232 0.136510 4.275335 0.273024 0.157997 14.528414 
0.382482 0.168279 0.191998 1.106288 0.262059 0.133937 11.787357 4.408927 0.346618 9.111775 
0.282658 0.131834 0.121675 0.327036 0.510795 4.053472 1.610496 13.154246 0.228644 9.124836 
1.567360 0.360609 0.140572 0.868322 0.427321 0.122650 0.164075 0.628231 8.795753 9.049939 
0.137608 2.051252 0.220289 0.623048 0.303454 0.340375 0.180762 0.176222 13.695913 9.005551 
0.183332 1.062800 2.964473 1.129599 0.115258 0.115128 1.231633 0.203005 10.511210 11.980161 
0.099149 0.098451 0.275672 2.764637 3.761145 0.198615 1.131886 0.160612 10.817435 12.646486 
0.140888 0.137149 0.114754 0.353723 2.033686 1.837637 3.158026 10.009924 8.544326 10.746299 
1.153171 0.757073 0.415054 0.136231 0.093019 0.143596 0.178065 0.263347 0.537671 16.677130 
0.209974 2.480061 0.236027 0.134131 0.191648 0.315271 0.239492 0.235045 0.154729 16.306449 
0.109904 0.107409 0.125381 2.775516 0.150665 0.178409 0.106364 4.977463 0.112116 17.948279 
0.657431 0.439635 1.164711 0.080969 4.378514 0.125201 0.160472 0.244947 0.519270 16.658730 
0.074452 0.074429 0.074409 0.089735 0.074482 3.951153 1.461429 4.872779 0.080587 17.916750 
0.235250 0.157106 0.115624 0.218764 0.089883 0.145874 3.731944 5.754363 0.095316 17.989031 
0.080666 0.080654 0.080643 0.088892 0.080682 2.167246 0.827187 2.663299 6.934650 17.922984 
1.212845 0.600748 4.770623 0.731615 0.389875 0.527416 0.156068 4.779908 0.206676 0.401571 
0.207785 2.501981 4.887940 0.916707 0.187299 0.146805 0.147048 0.337305 1.388216 0.954720 
0.193434 2.848127 0.187930 5.238994 0.698845 0.433271 4.573652 1.733207 0.652957 0.578660 
0.129309 0.243459 4.052671 5.881613 2.374704 0.140688 0.144225 0.130735 0.523425 0.284706 
1.588655 1.423877 1.953065 2.131080 4.434523 0.420515 0.488971 0.240743 0.425550 0.142589 
0.244136 0.782798 0.284097 4.045211 8.307917 3.392362 0.280634 0.684792 0.221455 0.172214 
1.297901 1.053059 0.626862 1.708412 0.127165 8.931169 0.293863 0.108084 0.249358 0.641712 
0.152230 1.013546 0.123769 0.124173 1.277106 11.046114 4.231349 1.217072 0.245433 0.098622 
1.407218 0.369147 0.399438 0.630809 2.134766 2.594237 10.053428 0.207723 0.167246 0.146300 
0.135675 0.127813 0.245756 1.457233 0.197740 0.209332 13.668957 3.040794 0.654795 0.888616 
1.362599 0.311765 0.911006 0.101813 1.973746 0.089759 0.706595 11.795519 0.111987 0.111198 
0.218250 3.277900 0.369745 2.014412 0.169908 0.148394 3.152063 8.425955 0.439137 0.136715 
0.134569 0.883331 0.132054 0.132393 1.098377 9.283323 3.573584 8.774662 1.613414 0.114693 
0.151950 0.508582 1.388093 0.316256 0.139414 0.225580 11.178145 9.233556 0.146362 0.665460 
0.415625 0.163164 0.194507 0.129304 1.772319 7.737211 3.057173 3.666747 9.114317 9.070931 
0.282673 0.192089 0.140604 2.477967 0.103830 4.068674 1.343331 12.687630 7.248290 0.226750 
0.145984 0.140514 0.429896 5.145985 0.168573 0.150833 4.293936 0.287487 0.812682 14.509444 
0.129780 0.150566 1.152840 0.134476 7.543562 3.110085 0.312548 0.162738 0.271782 12.097791 
0.101448 0.100076 0.112745 1.851535 0.107617 2.948859 1.486287 4.897637 0.105445 17.941608 
