1.181999 4.598550 1.006572 1.008794 1.011730 1.013963 1.016710 0.997741 
0.987491 4.047330 1.113512 1.199168 1.567855 1.334128 1.403510 0.933122 
1.155168 4.157870 1.054864 1.084397 1.461050 1.154430 1.188916 0.968898 
1.290661 2.536789 3.752103 1.013686 1.015756 1.019800 1.023892 0.996320 
0.984344 2.893365 3.535373 1.109954 1.148699 1.190794 1.234522 0.961214 
1.127864 0.997468 6.568611 1.008797 1.011782 1.014936 1.017916 0.997120 
1.119320 0.982696 6.316914 1.060147 1.078642 1.100566 1.120898 0.979903 
2.154828 1.000407 1.001845 4.326554 1.009859 1.012406 1.015021 0.998542 
2.111347 1.001711 1.010207 4.267332 1.062666 1.063755 1.077211 0.987904 
2.146712 1.000632 1.004097 4.314123 1.028531 1.020156 1.024358 0.996714 
1.246995 2.481164 1.001943 4.980539 1.013057 1.020338 1.018105 1.000241 
1.065715 1.854097 1.012480 4.522272 1.430402 1.590812 1.761802 0.873578 
1.198605 0.998129 3.557535 4.748923 1.009674 1.014128 1.014510 0.997698 
1.079130 0.911422 2.974864 4.041664 1.383869 1.519515 1.665546 0.891855 
1.101022 0.996539 0.996774 8.527336 1.015502 1.019453 1.023337 0.997685 
1.084397 0.978029 0.999565 8.110711 1.095475 1.266482 1.148786 0.976852 
1.094901 0.996290 1.014638 8.522214 1.017660 1.020697 1.025328 0.997435 
2.147031 1.000524 1.002068 1.004316 5.193790 1.014409 1.017258 0.997230 
2.058548 1.001845 1.012913 1.025326 5.040123 1.322543 1.119020 0.980339 
1.249394 2.445594 1.002231 1.006853 6.026779 1.023172 1.027892 0.996403 
0.905719 2.113964 1.013246 1.081837 5.482232 1.644764 1.846895 1.000419 
1.189533 0.997022 3.503010 1.005190 5.796401 1.019918 1.024092 0.996190 
1.052169 0.970862 3.976007 1.040550 5.115426 1.156170 1.191068 0.978117 
1.152355 0.989603 0.990667 4.503227 5.633727 1.061948 1.075170 0.987551 
0.987425 0.962491 1.835047 4.176101 4.911094 1.186763 1.229486 1.064882 
1.018854 0.951383 0.953448 0.955651 10.042892 1.254155 1.315300 0.947551 
0.986046 0.951249 1.046779 0.956644 10.088794 1.245662 1.304432 0.949365 
2.114955 1.000239 1.001280 1.003320 1.003676 6.261029 1.010727 0.998368 
2.058066 1.000454 1.122625 1.008823 1.011734 6.248009 1.037617 0.993866 
2.101185 1.000610 1.003621 1.007638 1.009999 6.250796 1.031885 0.994842 
1.235888 2.404660 1.001606 1.003644 1.005615 7.278298 1.022598 0.996613 
0.963969 2.515294 1.029941 1.054144 1.090619 6.988128 1.415442 0.931136 
1.182857 0.996001 3.443945 1.005117 1.008452 6.906054 1.030110 0.995821 
1.198314 0.988837 3.698740 1.019259 1.049272 6.057437 1.087377 0.985641 
1.072142 0.945422 0.950459 4.276267 1.097099 6.484417 1.381024 0.937105 
1.001258 0.971904 1.353320 3.977444 1.038904 7.206365 1.174202 1.036305 
1.000734 0.896813 0.905733 0.915600 5.172348 6.168167 1.708813 0.881907 
0.968150 0.980784 1.089542 0.969629 5.683364 6.793659 1.204015 0.966178 
0.962342 0.881905 0.889876 0.899701 0.909130 11.342981 1.787656 0.868793 
0.999196 0.969724 0.970233 0.970994 0.974917 12.488783 1.185942 1.094825 
2.259206 1.000908 1.002404 1.003645 1.004593 1.005827 6.119854 0.998061 
2.140489 1.040760 1.011269 1.020255 1.270319 1.039615 6.130444 0.986208 
1.304442 2.616839 1.002191 1.003408 1.004527 1.005938 7.140865 0.997665 
1.269112 2.453718 1.006485 1.015214 1.024039 1.026968 6.688852 2.161247 
1.199075 0.967943 3.583220 1.055230 1.082345 1.110570 6.576272 0.957374 
1.069266 0.972036 4.577314 1.052879 1.073779 1.097415 5.391234 0.968904 
0.922342 0.804342 0.835514 3.952855 1.447147 1.696983 5.650016 0.760035 
1.016086 0.875834 0.893002 4.578678 1.369813 1.456151 5.503851 0.848209 
0.812921 0.721333 0.774221 0.845885 4.745432 2.017410 5.414261 0.656418 
0.885279 0.772578 0.814134 0.867488 5.185036 1.862429 5.267257 0.717268 
0.766753 0.677866 0.780104 0.931668 1.215069 5.349217 5.217743 0.577304 
0.973914 0.797473 0.869551 0.977946 1.182533 5.949626 4.805237 0.709584 
0.826354 0.719066 0.798015 0.909101 1.063257 1.275054 10.601584 0.624638 
0.901621 0.789591 0.824057 0.867930 1.678202 1.131347 11.254525 0.740816 
0.058409 0.093668 0.216832 0.523711 1.239289 3.078529 6.729777 0.306900 
0.153156 0.198764 0.390230 0.638614 1.283629 3.556785 6.193052 0.382764 
2.548677 1.001991 1.003993 1.006054 1.010158 1.010448 1.012681 4.474856 
2.496297 1.006901 1.015903 1.025263 1.036744 1.044585 1.054445 4.465530 
1.498856 2.935709 1.003539 1.005310 1.007017 1.008406 1.010401 5.159092 
1.066655 3.288116 1.115953 1.154568 1.225165 1.301159 1.383599 3.745989 
1.448993 0.998468 4.145348 1.007374 1.008288 1.010588 1.012759 4.905590 
1.443793 1.001086 4.130239 1.011042 1.013370 1.016988 1.020690 4.903741 
0.933019 2.045364 3.162149 1.177437 1.262550 1.355431 1.457385 3.730498 
0.967451 2.232337 3.454513 1.102146 1.143035 1.186599 1.233262 3.775399 
1.402026 0.997361 0.998457 5.465491 1.012878 1.016468 1.020103 4.702893 
1.354375 0.992163 0.994663 4.999960 1.030765 1.039796 1.048966 5.780438 
1.379454 0.998068 0.998775 0.999684 6.750253 1.012249 1.014418 4.671871 
1.114143 0.997984 1.917194 0.999965 6.406970 1.010775 1.012617 4.905623 
1.249289 0.947555 0.962995 0.979568 0.997714 7.595975 1.356581 4.421431 
1.285223 0.965957 0.975746 0.985965 1.038093 7.801245 1.233757 4.417471 
1.066331 0.834016 0.914062 1.017117 1.148036 1.312642 6.711123 4.180527 
1.214949 0.892116 0.953947 1.028889 1.119647 1.224509 6.835451 4.254307 
0.910604 2.069660 1.005125 1.064439 1.130765 1.206178 6.441250 3.698799 
0.936510 2.124467 1.005448 1.124169 1.107992 1.166094 6.409030 3.822464 
0.203369 0.248981 0.420986 0.571634 1.009706 3.664580 4.984999 2.800890 
0.402233 0.400075 0.696076 0.682923 0.946317 5.060257 4.124888 2.870012 
1.704473 0.999407 1.000234 1.001548 1.002549 1.003241 1.004220 11.290038 
1.400205 0.998905 0.999230 0.999833 1.000256 2.849652 1.003156 11.290749 
0.942862 2.419915 1.024231 1.075395 1.123792 1.184421 1.242783 8.775850 
0.952585 2.495061 1.023074 1.063314 1.107698 1.157227 1.204004 8.844590 
0.104505 0.134217 0.204414 0.382887 0.776322 1.620867 4.696782 6.337847 
0.435665 0.533577 0.520986 0.620537 0.784049 1.047498 6.414818 6.664588 
0.031683 0.031696 0.031743 0.031852 0.032113 0.032773 0.034140 16.025922 
0.242603 0.249741 0.267438 0.284327 0.334195 0.546312 0.766684 14.835682 
2.680341 1.003630 1.007492 1.187233 1.338700 1.416302 1.670291 1.190721 
2.160038 1.049954 1.251743 1.375920 1.949129 1.709397 1.513344 1.152283 
1.491909 2.957878 1.076688 1.156108 1.485626 1.727446 1.571655 1.142392 
1.011535 4.094744 1.055755 1.066397 1.372359 1.533696 1.326659 2.239161 
0.999254 4.518354 1.022742 1.039149 1.056772 1.076079 1.070527 2.241371 
1.012452 4.206220 1.058460 1.041222 1.059807 1.806099 1.083741 2.238949 
1.405042 0.956966 4.175858 1.211619 1.305580 1.658541 1.530624 1.121013 
1.871162 0.999294 3.426653 1.205011 1.200653 1.259950 1.322405 0.948358 
0.904489 2.092620 3.233370 1.311563 1.468918 1.648227 1.852312 1.087160 
0.877424 1.882749 2.900894 1.341793 1.533614 2.056104 2.129388 1.167376 
0.933667 1.046494 5.972846 1.178134 1.250983 1.328377 1.410561 0.931947 
0.958377 1.247445 5.880164 1.183111 1.177943 1.281953 1.283270 0.952861 
1.396240 0.956381 0.982297 5.534299 1.307340 1.616998 1.525399 1.140818 
0.952968 1.658009 0.975217 4.849516 1.146322 1.193135 4.526317 1.325155 
0.906426 2.077232 1.007980 4.393479 1.453490 1.639412 1.820319 1.092202 
0.876236 1.902569 1.010972 4.132387 1.571984 1.828311 2.100018 0.821457 
0.840491 0.948852 2.904020 3.989880 1.526063 1.738568 1.984014 0.893102 
0.651514 0.801177 2.028202 2.611333 1.836677 2.404960 3.208354 0.862437 
0.894780 0.903191 1.149375 7.329978 1.369201 1.494800 1.635215 0.896353 
0.918907 1.051862 0.925578 7.539644 1.297110 1.470850 1.500737 1.054689 
1.399082 0.959077 0.982557 1.081190 6.931870 1.647386 1.484979 1.158500 
0.837062 0.721509 0.822188 1.017222 4.433065 2.631350 3.348608 0.842329 
0.886844 2.011902 1.008780 1.088798 5.330919 1.742596 1.991156 0.976120 
0.843684 1.850132 1.006412 1.154725 4.741860 1.975926 2.357182 0.774241 
0.813168 0.933835 2.777349 1.118794 4.916071 1.853950 2.159654 0.839890 
0.827299 0.943006 2.863191 1.115211 5.005425 1.798288 2.073092 0.822301 
0.770957 0.788437 1.010313 3.560602 4.615845 1.985910 2.373237 0.853615 
0.967778 1.016680 1.833886 4.224490 4.934309 1.159850 1.195737 1.072080 
0.850335 0.855526 0.933644 1.248576 8.747714 1.690192 1.899913 0.850339 
0.874199 0.878152 0.944953 1.222172 9.080340 1.590352 1.759323 0.874307 
1.397351 0.957029 0.982607 1.085054 1.298394 8.305444 1.516948 1.154102 
1.450667 0.963702 1.018347 1.101521 1.198116 6.566697 1.989047 0.835522 
0.873838 1.978620 1.011475 1.104073 1.214416 6.475838 2.107172 0.907098 
0.814857 1.791312 1.056473 1.185384 1.389087 5.196014 2.616891 0.827777 
0.771546 0.910905 2.647154 1.148864 1.311468 5.732591 2.422843 0.864165 
0.817688 0.943707 2.924564 1.136834 1.261029 5.900809 2.128915 0.913618 
0.722281 0.746598 1.005872 3.442872 1.366803 5.428408 2.663361 0.854356 
0.883695 1.324337 0.929144 3.460549 1.195753 6.093872 1.799265 0.965016 
0.685958 0.694829 0.775476 1.100782 4.397202 5.377772 2.862863 0.880519 
0.881598 1.102826 0.898351 0.908899 4.976070 6.323714 1.758588 0.906633 
0.712517 0.719813 0.790274 1.097297 1.304053 9.462803 2.721457 0.782348 
0.858797 0.866531 1.028130 0.879888 1.196210 11.199909 1.855160 0.860204 
1.372365 0.927556 1.009796 1.134870 1.314606 1.546160 7.449330 1.154436 
0.633731 0.984586 1.473317 1.350475 1.882647 2.665799 3.807713 0.801127 
0.711520 1.461992 0.997697 1.255280 1.615969 2.114016 5.410949 0.897051 
0.884642 2.011476 1.024857 1.115877 1.224994 1.522419 7.459166 1.167562 
0.641120 0.822659 2.249522 1.259274 1.611548 2.096045 5.428067 0.857148 
0.599009 0.747014 1.803220 2.340374 1.873940 2.555225 3.509954 0.805844 
0.553042 0.608595 0.948738 2.941121 1.692767 2.331135 5.157371 0.833311 
0.960112 0.978110 1.662538 4.830155 1.086490 1.115145 6.104306 0.958936 
0.426041 0.467950 0.694575 0.952061 3.625762 2.674107 5.012057 0.873339 
0.767055 0.873342 2.009900 1.150210 3.819298 1.738317 5.200738 0.843009 
0.317544 0.379575 0.653938 0.702469 1.079103 5.158856 5.089707 0.769220 
0.541047 0.534312 0.769834 0.669112 2.797537 5.798893 3.878269 0.782119 
0.311069 0.359988 0.577282 0.860722 1.093819 1.768062 9.002886 0.776615 
0.731074 0.774887 1.246310 0.854219 0.911297 0.982421 12.542468 0.730140 
1.588504 0.970837 1.059602 1.227771 1.560883 1.793518 1.677403 5.405981 
1.065859 0.904829 0.920321 3.765373 1.222217 1.258474 4.472309 4.291939 
0.904795 2.533371 1.099180 1.229234 1.381716 1.560694 1.769591 4.756862 
1.023683 3.947246 1.014142 1.022436 1.079469 1.040866 1.048640 4.466826 
0.801148 0.976646 3.454472 1.255971 1.440154 1.661547 1.927895 4.417936 
0.752462 0.938809 3.036458 1.272227 1.506070 1.799632 2.166166 4.326330 
0.746906 0.774108 1.090048 4.351638 1.501062 1.784975 2.136198 4.287925 
0.846235 0.893445 1.629522 4.571800 1.360210 1.515622 1.694061 4.387290 
0.691832 0.702925 0.809016 1.193282 5.395599 1.913030 2.377268 4.227263 
0.846879 0.869429 1.094868 2.086796 5.443432 1.515067 1.686179 4.389062 
0.618044 0.625488 0.681192 0.992822 1.211516 6.664051 2.685068 4.275330 
0.866370 0.746610 0.810426 0.921941 1.017625 5.924446 2.537111 4.150039 
0.328714 0.379354 0.609724 0.899332 1.097905 1.752502 6.255223 3.940071 
0.923935 1.600808 1.000995 0.990335 1.023081 3.095099 6.457504 3.720592 
0.456448 0.508961 0.790400 1.090734 1.184250 1.551465 2.209862 9.186237 
0.963944 0.965891 0.963765 0.963792 1.036568 5.206008 1.057350 11.072381 
