1.994020 1.314321 0.205587 0.188669 0.223791 0.133663 1.502449 0.543319 0.227065 0.253635 
0.739776 3.841239 0.090946 0.502590 0.434984 0.078090 0.513047 0.254316 0.126969 0.081409 
0.308202 4.038392 0.182351 0.499258 0.432461 0.460046 0.213827 0.077448 0.203865 0.372373 
0.247145 3.782793 2.350470 0.359383 0.526667 0.116522 0.543139 0.534864 0.100842 0.596640 
0.701508 0.115714 5.727401 0.443259 0.463964 1.884410 0.156719 0.900519 0.315467 0.113011 
0.127263 1.424301 5.662617 0.456162 1.086333 1.899239 0.151843 0.914874 0.329823 0.127367 
0.091693 0.070714 6.061319 0.421727 0.072055 0.105047 0.129718 0.238170 0.279431 0.553900 
2.032752 0.141733 0.193548 2.235640 0.108064 0.151381 0.169122 0.144661 0.574129 0.269651 
1.165713 2.024025 1.076514 5.252364 0.075712 0.133292 0.143700 2.103593 0.482812 0.545142 
0.442602 3.576172 0.407043 3.653383 0.856351 0.671528 1.664256 0.276145 0.900025 0.236037 
1.509493 0.305944 2.515415 4.499999 0.162465 0.438625 1.037573 0.779197 0.276365 0.077970 
0.133824 1.911175 4.525597 3.992309 0.970019 0.676485 1.670117 0.280742 0.303776 0.240482 
0.164707 2.140024 0.134260 6.517993 2.964636 0.390848 0.526278 0.510900 0.085569 0.579774 
0.134867 0.330609 0.566462 8.042823 0.225392 0.452782 0.599394 0.757027 0.569996 0.588801 
1.994390 0.758500 0.153651 0.128434 2.987174 0.134333 0.113431 0.457817 0.771891 0.149734 
0.246315 3.889351 0.190163 0.342244 3.085242 0.316595 0.537795 0.531273 0.095499 0.591297 
0.923027 0.079405 3.570625 0.923962 6.846299 0.314708 0.066334 0.063069 0.279955 0.078212 
0.137196 2.037034 3.525863 0.199511 6.777168 0.139455 0.117783 0.535403 0.331564 0.321370 
0.085094 0.120745 5.721386 0.211721 2.761374 0.588134 0.137608 3.375021 0.137086 0.098734 
0.120679 2.236053 0.836358 3.965611 6.831036 0.181350 0.177180 2.137066 0.514294 0.583974 
0.094961 0.169775 3.436759 4.019029 6.658872 0.164831 0.158198 2.083541 0.456606 0.246528 
0.072062 0.301311 0.080295 7.673272 3.034191 0.264619 0.311872 0.283202 0.428729 0.099725 
1.106185 0.282331 0.165000 0.689624 8.737685 0.330983 0.184509 0.360612 1.007520 0.389816 
0.203399 2.047117 0.159780 0.540789 8.841094 0.357160 0.186156 0.116965 0.247143 0.403459 
0.099437 0.218990 0.105943 3.974426 8.827815 0.301597 0.164818 0.315490 0.483147 0.136674 
1.410297 2.223577 0.157149 0.431062 0.373328 6.108057 0.199806 0.220554 0.353337 0.069663 
0.192084 3.453476 1.352051 1.504408 0.443114 5.577246 0.902014 0.469919 0.539630 0.138960 
1.426650 0.276195 2.490654 0.377250 2.365611 7.238803 0.195313 0.342048 0.787127 0.121830 
0.107038 0.087565 5.648024 0.412126 0.090159 4.520894 0.146563 0.890367 0.296391 0.102854 
1.392799 0.552167 0.337626 5.008757 0.798191 5.637345 0.215875 0.362562 0.808028 0.133081 
0.409602 1.991411 0.191646 5.333501 0.121142 7.026391 0.122799 0.276997 1.060996 0.378878 
0.115098 0.134873 3.315238 5.147135 0.291228 6.868113 0.392196 0.457543 0.587310 0.117773 
0.184706 0.102373 1.079484 7.320943 0.101827 4.825128 0.100756 0.179108 0.305226 0.099955 
1.375286 0.833752 0.513605 0.349141 6.432016 4.698606 0.249028 0.519509 0.132974 0.139965 
0.090050 1.832021 0.703246 2.493788 6.021892 6.835755 2.374562 0.771875 0.488079 0.073807 
0.208324 0.165256 3.469764 0.242663 5.864713 7.152383 0.211156 1.110600 0.779653 0.586703 
0.121132 0.114287 0.943611 4.648971 6.556510 5.750193 0.912078 0.513665 0.851947 1.147893 
0.107555 0.253372 0.399850 0.691046 9.266112 4.610780 0.826362 0.530368 0.251442 0.084109 
0.263520 0.191438 3.202190 0.671289 0.356398 10.285365 0.151739 0.542044 0.994283 0.763950 
0.228711 0.184754 0.151984 4.605930 0.117780 10.018448 0.183580 0.124510 0.328056 0.253381 
0.108573 0.104886 1.997829 0.131078 4.309461 10.260582 0.560783 0.535266 0.604990 1.375366 
0.066789 0.069329 0.066881 0.150985 0.099484 12.061318 0.321322 0.074427 0.438154 0.109150 
1.963577 0.400800 0.675078 0.199481 0.347544 0.366047 4.358756 0.322148 0.656114 0.104854 
1.273547 2.040250 1.537910 0.255552 0.306391 0.553357 8.154312 1.138648 0.212609 0.078837 
1.055345 0.659949 3.514155 0.169114 2.457769 0.134573 8.650295 0.544841 0.612273 0.255323 
0.122375 2.802042 2.503581 2.005355 1.236175 0.283007 8.007210 0.451488 1.128493 0.333068 
0.107508 0.082341 5.034960 0.371208 0.084404 0.543129 7.911757 0.884962 0.290987 0.098879 
1.366696 0.795998 0.480660 3.638851 0.749742 1.676963 8.585390 0.757786 0.171775 0.128094 
0.088474 0.215581 2.456668 4.769245 0.097997 0.311136 9.329845 4.026058 0.839478 0.797715 
1.075189 0.499306 0.825845 0.133910 6.379336 0.121317 8.184051 0.303608 0.207442 0.241052 
0.100595 0.172704 2.562595 3.142580 5.235494 0.326175 9.132473 0.439575 0.808462 0.208333 
1.317193 0.749865 0.788062 0.288481 2.507411 6.577954 6.940335 0.335874 0.470259 0.136785 
0.331331 1.705452 0.238729 0.195319 0.414425 8.029416 8.773397 0.265307 0.888317 0.100734 
0.093608 0.279801 3.606894 0.466191 0.606619 5.197138 8.917718 0.727042 4.817733 0.243659 
0.115991 0.140011 0.304819 5.523782 1.026495 6.005823 6.713751 0.437837 4.839909 0.265836 
0.125703 0.114971 0.116547 0.108014 6.330180 5.321390 7.379532 6.361703 0.467117 0.142389 
1.149054 0.264176 0.419478 1.250215 0.158996 0.250289 11.689620 0.323801 0.659871 0.103929 
0.298743 1.468249 0.337688 0.899153 0.230089 0.235044 13.080398 0.757517 0.477629 0.589211 
0.292966 1.400082 2.734067 1.337725 0.183887 0.311861 11.551477 0.762134 0.575001 0.593908 
0.194323 0.944213 0.256545 2.656689 0.221821 0.253610 13.050896 0.358111 0.492592 0.339435 
0.115784 0.102966 0.392873 0.161881 4.457429 0.187508 12.667343 0.329324 0.467359 0.309537 
0.099880 0.097679 0.719879 0.232060 0.208099 5.211234 12.667656 0.329690 0.471474 0.309904 
1.723173 0.351485 0.635058 0.121099 0.163038 0.139715 0.933892 8.871998 0.232827 0.641883 
0.182075 3.514957 0.207025 0.301958 0.325079 0.968504 0.195300 8.336609 0.559354 0.328823 
0.500607 2.419591 2.943384 0.247188 0.193996 0.884421 0.171461 10.285247 0.482103 0.176656 
0.126051 0.128305 5.546959 0.311606 0.487813 0.286779 0.103197 6.746934 0.279260 0.274767 
0.139967 2.340252 0.924379 3.202683 0.691102 0.300448 1.594971 11.462633 0.106692 0.402358 
0.100643 0.098911 0.216882 6.854356 0.140124 1.716015 0.526456 8.262567 0.270157 1.666788 
1.009607 0.467647 1.233281 0.283893 4.639729 0.162637 0.115376 11.976975 0.327513 0.599363 
0.353371 0.187195 0.339375 0.664925 8.862564 0.275149 0.373472 7.329306 0.467901 0.306986 
0.392037 0.123356 3.110488 0.265389 1.438458 5.148865 5.138019 10.096000 0.083104 0.973266 
0.122312 0.100142 0.945244 6.123362 0.103382 4.300212 0.195593 8.713904 0.307778 0.102507 
0.107359 0.409897 0.379593 0.253399 0.426415 9.419364 0.733170 10.032064 0.549721 0.150939 
1.436035 0.312821 0.433324 0.124066 1.139914 0.228185 6.703485 8.883343 0.244303 0.663987 
0.149261 2.539905 0.113895 0.756416 0.879597 0.225908 6.004149 10.661988 0.254795 0.396462 
0.344268 0.247634 3.715490 0.279539 2.509168 0.346257 5.692556 10.081998 0.454096 1.523664 
0.134042 0.174564 0.182307 4.956989 0.876644 0.233211 5.920784 10.883144 0.264097 0.326600 
0.302707 0.101214 2.496861 2.898278 4.844589 0.110471 6.130107 8.701283 0.123737 0.089322 
0.089968 0.093971 0.095824 0.148900 0.084335 6.426473 9.048868 8.995467 0.288034 0.132757 
0.103366 1.726449 0.150517 0.469514 0.226976 0.175778 0.103054 14.676940 0.301413 0.312281 
0.091138 0.295830 2.433213 0.452187 1.176589 0.171595 0.113006 14.673617 0.297193 0.103546 
0.113590 0.194631 0.484533 3.778141 0.256102 0.281627 0.123144 14.291152 0.320379 0.331246 
0.131056 0.124807 0.462768 1.154581 3.811800 0.139345 0.142902 14.806803 0.839996 0.124941 
0.096032 0.099161 0.139113 0.324400 0.097778 3.949685 3.567118 14.697112 0.826297 0.099710 
1.765540 0.367913 0.613206 0.187869 0.313393 0.336827 1.740881 0.289164 9.286963 0.297388 
0.192650 3.441109 0.656869 2.153012 0.391312 0.260890 0.247537 2.167500 8.404878 0.113822 
1.058088 0.878987 4.111339 0.217849 0.342591 0.361624 2.532269 0.648637 9.273440 0.606349 
0.251926 1.846402 2.707453 0.906173 0.766371 0.314264 0.587335 0.402509 14.167395 0.295988 
0.153242 0.375627 5.372525 1.254205 0.797641 0.303534 0.183882 0.130890 8.240518 0.336710 
1.059458 0.254949 0.396146 5.652425 0.322391 0.345741 1.749880 0.298163 9.295961 0.306386 
0.125333 0.229244 2.308991 6.531795 0.791727 0.302270 1.830052 0.131477 8.240996 0.337186 
0.088214 0.303698 0.114733 7.041819 0.344521 0.261296 2.034478 0.223400 8.503104 0.122886 
0.990209 0.093654 0.116549 0.198483 8.218829 0.311310 0.953603 0.226334 6.372135 0.341125 
0.107493 1.819247 0.138171 0.606214 7.895098 0.288223 0.157099 0.094563 8.158860 0.369788 
0.094112 0.148239 2.511882 0.196285 3.660417 3.323033 0.132027 1.301641 14.381671 0.663426 
0.393266 0.135030 0.178873 5.143946 5.553383 0.338382 1.693032 0.290574 9.288380 0.297385 
1.456208 0.556179 0.177885 0.163485 0.251251 6.836757 1.326159 0.498862 8.257152 0.255607 
0.160922 0.195111 4.845751 0.439479 0.386495 5.580901 0.522574 0.245919 7.358994 0.108123 
0.114982 0.178381 0.140322 5.673840 2.290274 4.506940 0.289955 0.236061 10.488951 0.673410 
0.117541 0.373538 0.199867 0.115817 0.769064 9.756647 0.136622 0.415760 10.593806 0.137951 
1.311049 0.763922 0.461609 1.330843 0.630327 1.536194 7.050431 0.638600 10.443070 0.123843 
0.190913 2.814675 0.565860 1.774286 0.187614 0.807611 6.885172 3.651024 8.419434 0.128378 
0.171616 0.150044 3.779160 0.610826 2.426999 1.968747 7.700901 0.428928 9.116357 1.393289 
0.146126 0.102092 2.029618 3.918292 0.256205 0.535513 8.621089 3.479292 9.053419 0.805283 
0.134889 0.618710 2.103066 2.775752 4.625661 0.277341 7.387730 0.373461 9.488333 0.195857 
0.119603 0.241878 0.201626 0.179950 0.466633 7.181579 6.478474 3.425609 11.477061 0.223151 
1.128481 0.164472 0.112572 0.564037 0.114485 0.564228 5.622940 8.158278 10.442807 0.143773 
0.185696 2.154723 0.890941 1.017479 0.268694 0.165261 1.654307 11.923884 7.111416 0.161110 
0.338027 0.143633 4.435708 0.166465 2.357656 0.115902 0.433107 7.407959 8.155175 0.378767 
0.146764 0.134228 0.160235 4.617858 1.878964 1.245893 0.414059 9.199054 10.197023 1.685113 
0.084311 0.084588 0.084545 1.375453 0.155373 0.690321 10.204461 6.398639 9.796631 0.718494 
0.104537 0.121567 3.160734 0.301616 0.317515 2.877885 0.104724 0.365634 14.993158 0.675970 
0.090145 0.207878 0.302069 0.498709 6.289319 0.279902 0.552968 0.367860 14.132757 0.302582 
1.877747 0.123041 0.171121 0.886709 0.218142 0.340620 0.138960 0.098427 0.511324 8.798096 
0.204152 3.624771 0.705975 0.600976 0.221866 1.476617 0.143866 0.323149 0.516085 8.802856 
1.305900 0.309515 2.916243 0.925305 0.321563 0.262254 0.136705 0.106818 0.238817 12.859594 
0.197292 2.017754 3.043803 0.338828 0.678130 1.147207 0.725920 2.499494 0.247934 14.142603 
0.157748 0.456017 5.654417 0.203488 0.179273 1.077962 0.532009 0.186338 0.571191 7.335998 
1.422676 0.135245 0.170509 3.714726 0.774535 0.137539 0.158577 0.117889 7.325834 9.092732 
0.169924 0.142966 3.145937 3.849779 0.224758 0.134622 0.168419 0.242287 0.197854 14.705206 
0.139409 0.128098 0.111508 7.307863 0.238380 0.360895 0.173136 0.118631 0.259890 8.818297 
0.280457 1.844301 0.131607 0.280848 7.984611 0.319363 0.115381 0.092071 0.206268 8.450773 
0.100876 0.163457 2.835213 0.218038 5.103948 3.786398 0.149192 1.593229 2.417659 13.077643 
0.100093 0.131722 0.107165 3.644607 7.945454 0.278652 0.147999 0.215705 0.428460 8.751907 
1.026938 0.174446 0.409189 0.279406 0.150943 8.932654 0.138622 0.494628 0.304030 10.138932 
0.133584 0.125285 2.831564 0.169127 0.831812 8.930630 0.522177 0.500049 0.560515 10.144474 
0.094530 0.170979 1.651377 3.177562 4.359383 0.282189 7.592572 0.442648 0.736540 11.225148 
1.123787 0.265764 2.510306 0.796085 0.276256 0.226635 0.115962 6.358161 0.223327 12.844292 
0.412003 1.921369 0.798180 0.205639 0.172032 0.330965 0.492129 6.538795 0.353739 15.639262 
0.111913 0.347628 0.201265 1.244499 4.177292 0.228708 0.127907 12.355567 0.518664 9.549788 
0.116645 0.444593 0.112253 0.141259 0.765615 0.120830 4.604697 10.632329 0.266936 13.572848 
1.692237 0.122948 0.165933 0.800825 0.209714 0.120119 0.141316 0.100321 7.362690 8.801488 
0.506779 2.490133 0.174795 3.545953 0.749922 0.144159 0.164166 0.125089 8.593394 9.100656 
0.153047 0.138793 4.786527 0.214087 1.352175 0.143681 0.498513 0.473517 6.695820 10.157596 
0.107362 0.111463 1.418745 0.126489 2.109258 5.831991 0.364959 0.350621 0.389919 16.642979 
2.053487 0.778580 0.154636 0.127999 1.654685 0.134041 0.113000 0.535002 0.771461 0.149303 
1.541103 2.741797 0.172116 0.491015 0.074968 0.072043 0.501173 0.509787 1.318667 0.096663 
1.734018 0.430741 3.004627 2.389169 1.205756 0.326364 1.654054 0.681198 1.131456 0.336031 
0.114102 2.991761 1.087680 5.344571 0.146963 0.166594 0.540428 2.143921 0.502987 0.108407 
0.161729 0.977538 0.122392 7.858583 1.090763 0.314142 0.171877 0.322548 0.496804 0.143733 
1.440232 0.636092 1.772113 0.363445 6.880007 0.183800 0.113420 0.938843 0.324160 0.585907 
0.194610 0.137737 5.030061 2.697150 2.878197 4.676713 0.329247 0.270498 0.525863 0.679090 
0.910995 0.351318 1.110070 0.259372 5.524000 2.500836 7.216522 7.068419 1.976293 0.400954 
0.147840 0.353234 1.544332 0.206417 2.043008 0.227204 13.341364 1.636276 0.230588 0.599715 
1.286720 0.832515 0.963164 0.165443 2.760286 0.346521 4.971947 10.110748 0.479919 0.242777 
0.296785 0.218140 3.040382 0.236006 2.058493 4.759831 5.701997 10.098435 0.457707 0.977829 
0.650238 0.133122 0.298419 0.477378 8.111218 0.291808 2.324209 8.214351 0.264348 1.523534 
1.259741 0.127611 0.158632 1.381208 0.107454 0.130790 0.144008 4.410771 13.688740 0.269855 
0.745566 2.351699 0.776127 2.161878 2.304779 4.521241 0.304646 0.250833 10.505587 0.688118 
0.628235 0.134109 4.946582 0.411004 0.429595 1.646901 0.165275 0.803140 9.372238 0.340485 
0.114842 0.274558 0.221981 0.109670 0.540067 8.950343 0.326573 3.390664 11.600054 0.214070 
0.193151 0.125858 1.772504 0.168446 3.523051 0.112460 4.418759 4.328912 14.449778 0.247383 
0.162633 1.032832 4.736282 0.550948 3.350886 2.831943 0.139500 0.319747 0.513720 8.595232 
0.066893 0.692925 1.703293 0.229461 5.670323 1.034492 0.669638 2.299376 0.365548 14.973118 
0.678124 0.424551 2.248605 0.147865 4.301948 6.077753 0.097006 0.420403 0.268512 11.964988 
0.167046 0.544702 2.062806 0.231629 0.156081 0.138091 1.715066 10.393447 0.260495 13.566441 
