2.231214 1.772052 0.363941 0.360191 0.365072 0.361237 0.361991 0.361412 
1.240134 3.842587 0.306489 0.306138 0.307255 0.306623 0.306139 0.307469 
0.257129 4.256181 0.257358 0.257421 0.260034 0.257037 0.256965 0.266377 
2.253170 0.363227 2.325104 0.363123 0.369688 0.363657 0.365130 0.364515 
1.623086 2.540172 3.347164 0.308787 0.310057 0.309645 0.317070 0.309598 
0.254115 3.937274 2.594359 0.255083 0.257108 0.260929 0.260335 0.265631 
0.341520 3.927825 2.597562 0.276122 0.297363 0.281924 1.487059 1.678545 
1.350797 0.305263 5.419827 0.305537 0.306499 0.313592 0.305395 0.306442 
0.206269 2.120579 5.474369 0.206325 0.207615 0.212930 0.227435 0.208513 
0.158150 0.163818 6.158135 0.158369 0.159417 0.166590 0.178515 0.164616 
2.258101 0.363924 0.362339 2.872183 0.364355 0.364962 0.360000 0.383006 
1.643944 2.594495 0.308882 4.116559 0.309122 0.308207 0.308687 0.308722 
0.257010 3.980548 0.256830 3.171558 0.258766 0.257328 0.256905 0.260016 
1.689564 0.306293 3.465155 4.259115 0.313044 0.313053 0.307027 0.307139 
0.207062 2.738261 3.638790 4.381223 0.211194 0.214718 0.213957 0.211738 
0.161340 0.166828 5.630503 3.448135 0.164997 0.163541 0.162727 0.186039 
1.404604 0.307806 0.307747 6.995036 0.308757 0.316150 0.315863 0.309646 
0.205551 2.229750 0.205499 7.104404 0.205734 0.213192 0.219472 0.209080 
0.116306 0.118640 2.943983 7.171692 0.117303 0.121062 0.131604 0.117417 
0.074752 0.074753 0.076865 8.074648 0.115981 0.083578 0.094444 0.115570 
2.264155 0.364543 0.362106 0.361232 3.435310 0.366565 0.361179 0.365118 
1.646649 2.592547 0.308952 0.308661 5.064311 0.309147 0.308972 0.315142 
0.255405 3.997169 0.255640 0.257518 3.788838 0.279822 0.260489 0.261992 
1.699988 0.307424 3.557160 0.307960 5.015930 0.308453 0.307561 0.313475 
0.208267 2.769389 3.642094 0.208348 5.331149 0.211129 0.215551 0.212170 
0.160330 0.162431 5.687924 0.160199 4.048608 0.165560 0.185336 0.163596 
1.732599 0.305182 0.305546 4.366953 5.129653 0.306271 0.305326 0.309814 
0.207991 2.837921 0.209443 4.597688 5.367721 0.237391 0.224459 0.213882 
0.115776 0.118954 3.814452 4.695536 5.521983 0.117867 0.117024 0.116879 
0.074187 0.074215 0.075902 7.330628 4.284279 0.083660 0.078589 0.076677 
1.436885 0.307227 0.310282 0.316378 8.555980 0.307633 0.308485 0.313427 
0.210156 2.329350 0.211137 0.212461 8.689577 0.211133 0.215670 0.215950 
0.119007 0.119824 3.069585 0.125632 8.826267 0.128716 0.125821 0.123701 
0.034417 0.034638 0.035364 3.762572 8.882122 0.042626 0.043110 0.072980 
0.033821 0.033831 0.033861 0.034444 10.033808 0.035763 0.052107 0.047028 
2.260752 0.358818 0.359235 0.359327 0.359862 4.065903 0.360681 0.365238 
1.660309 2.592185 0.308911 0.309582 0.316170 5.901102 0.309559 0.309577 
0.254025 3.989642 0.254790 0.256178 0.262753 4.542722 0.275530 0.257879 
1.706303 0.308419 3.497269 0.309189 0.309117 6.047489 0.309110 0.319666 
0.209414 2.781373 3.662506 0.209195 0.210235 6.271346 0.210666 0.211356 
0.160836 0.164386 5.689230 0.162694 0.164676 4.821314 0.181587 0.164403 
1.729869 0.308668 0.307388 4.355693 0.308158 6.158643 0.307276 0.308334 
0.207634 2.794997 0.207731 4.582110 0.208043 6.586098 0.214883 0.211549 
0.114820 0.116263 3.808541 4.720228 0.117469 6.572591 0.119388 0.153516 
0.073188 0.073190 0.076572 7.301891 0.074687 5.214001 0.082043 0.085979 
1.743497 0.306126 0.308448 0.306593 5.153192 6.288627 0.306237 0.327971 
0.207484 2.857363 0.209559 0.207594 5.480056 6.592440 0.213642 0.212591 
0.119064 0.119399 3.880883 0.119077 5.682745 6.662593 0.122397 0.125779 
0.037267 0.037971 0.041481 4.798656 5.731875 6.840900 0.041280 0.053900 
0.040629 0.040718 0.041056 0.041093 9.012450 5.340559 0.042082 0.041953 
1.424630 0.305946 0.309147 0.306021 0.306829 10.252927 0.306022 0.310639 
0.205394 2.315811 0.206772 0.205416 0.206267 10.399053 0.226754 0.211911 
0.119141 0.120281 3.064326 0.119174 0.121309 10.573917 0.133982 0.159764 
0.031888 0.031891 0.032443 3.780528 0.033516 10.632928 0.049525 0.038759 
0.038792 0.039766 0.038965 0.045839 4.549773 10.748286 0.056252 0.053344 
0.032713 0.032735 0.032794 0.032710 0.039933 12.032701 0.036989 0.045876 
2.265362 0.363885 0.365721 0.365236 0.365293 0.365081 4.698529 0.370035 
1.655994 2.593353 0.307570 0.307545 0.307833 0.308028 6.854109 0.308940 
0.254092 3.982457 0.256935 0.253949 0.254640 0.261036 5.323568 0.254555 
1.705781 0.307533 3.487842 0.309901 0.313794 0.307496 7.024818 0.308526 
0.207474 2.756176 3.683042 0.208015 0.211556 0.210396 7.324830 0.209888 
0.158236 0.161508 5.644862 0.158314 0.161113 0.165941 5.824382 0.162321 
1.726088 0.306418 0.307799 4.347525 0.308167 0.314193 7.178572 0.311092 
0.206212 2.822919 0.208461 4.545730 0.206995 0.208580 7.585220 0.208618 
0.118875 0.122044 3.830639 4.662328 0.126681 0.125928 7.719408 0.130356 
0.071219 0.071500 0.076752 7.305917 0.077535 0.078658 6.046583 0.074922 
1.745471 0.306204 0.306643 0.306624 5.159135 0.307186 7.258057 0.307210 
0.205519 2.866830 0.204928 0.212813 5.422250 0.204607 7.673950 0.206737 
0.119337 0.121989 3.869465 0.119000 5.619855 0.126273 7.871442 0.125184 
0.034001 0.037280 0.055260 4.806575 5.752678 0.048989 7.914469 0.050141 
0.037729 0.037935 0.046180 0.045528 8.972941 0.046368 6.323910 0.043017 
1.745647 0.306580 0.306540 0.306645 0.307053 6.149356 7.237915 0.329017 
0.208190 2.854878 0.211122 0.207945 0.208417 6.573960 7.624539 0.210476 
0.122952 0.127118 3.890361 0.122242 0.122929 6.685513 7.871902 0.122667 
0.036182 0.036881 0.039537 4.801488 0.038548 6.871923 7.963960 0.048896 
0.036393 0.037322 0.040425 0.037053 5.839959 6.966249 8.074420 0.041642 
0.030293 0.030293 0.030298 0.030294 0.035169 10.751364 6.319278 0.059603 
1.438923 0.309542 0.309179 0.308946 0.310415 0.310477 11.850979 0.314011 
0.206622 2.266267 0.207221 0.208835 0.207145 0.209401 12.207976 0.213172 
0.116819 0.119777 3.060558 0.120948 0.118675 0.121101 12.315931 0.117688 
0.035867 0.035980 0.038786 3.762592 0.036272 0.038842 12.423997 0.048937 
0.028822 0.029524 0.031993 0.029441 4.528699 0.029940 12.531164 0.069957 
0.029084 0.029680 0.031822 0.029621 0.029052 5.419298 12.537151 0.042243 
0.029675 0.029883 0.030016 0.041204 0.031890 0.029668 14.029644 0.035568 
2.261271 0.361675 0.361894 0.362227 0.368708 0.362169 0.361788 5.355731 
1.672402 2.569252 0.308890 0.307923 0.309116 0.309340 0.308744 7.725622 
0.254929 3.982819 0.255783 0.257000 0.259445 0.256240 0.260294 6.052345 
1.687221 0.307964 3.566810 0.309349 0.312361 0.312355 0.318586 7.971098 
0.209554 2.761914 3.670107 0.215094 0.210053 0.215710 0.210731 8.364857 
0.158444 0.160414 5.660637 0.158491 0.161346 0.166188 0.164157 6.539434 
1.721069 0.307301 0.309430 4.360790 0.314548 0.308101 0.308173 8.203678 
0.207966 2.856365 0.209404 4.524373 0.211020 0.208450 0.224690 8.524063 
0.117699 0.118772 3.870468 4.627581 0.118820 0.125156 0.129976 8.748789 
0.071011 0.071088 0.082342 7.315741 0.076849 0.079052 0.071918 6.857290 
1.735653 0.309133 0.309991 0.310056 5.214407 0.309975 0.310576 8.317037 
0.206777 2.855612 0.207488 0.208450 5.485858 0.213038 0.219659 8.714421 
0.121864 0.125275 3.908008 0.126223 5.569308 0.126197 0.127614 8.956971 
0.036532 0.036801 0.037694 4.832546 5.765988 0.045140 0.039007 8.978246 
0.034933 0.034943 0.035260 0.035281 8.985794 0.042887 0.035512 7.169212 
1.742279 0.312049 0.310125 0.310524 0.315194 6.203384 0.310260 8.240092 
0.208769 2.888805 0.214777 0.208147 0.220855 6.535598 0.213427 8.565404 
0.113184 0.116333 3.894771 0.118436 0.119100 6.713773 0.125720 8.879752 
0.035925 0.036878 0.040175 4.836166 0.037717 6.821228 0.037235 9.089673 
0.029737 0.030604 0.035357 0.029743 5.810718 6.959448 0.030588 9.252706 
0.034376 0.035465 0.035942 0.037193 0.037480 10.775121 0.049456 7.169138 
1.746443 0.306451 0.306960 0.307255 0.307565 0.312508 7.139167 8.199411 
0.208819 2.879943 0.210571 0.209097 0.211720 0.210031 7.536697 8.676624 
0.120313 0.123870 3.890938 0.125203 0.123223 0.125607 7.863538 8.870489 
0.036402 0.037276 0.041548 4.829474 0.038725 0.037858 7.970795 9.084681 
0.035345 0.036145 0.039631 0.035499 5.835771 0.036320 8.097074 9.253341 
0.033580 0.033482 0.033671 0.033694 0.045362 6.967208 8.132543 9.245168 
0.030512 0.031025 0.031255 0.031719 0.032063 0.030588 12.553483 7.183532 
1.439022 0.306429 0.308069 0.306725 0.310341 0.311438 0.311260 13.492849 
0.207734 2.309059 0.208250 0.208942 0.217845 0.208775 0.211312 13.821656 
0.117200 0.120183 3.058855 0.120722 0.124277 0.123659 0.148444 14.062201 
0.030405 0.030412 0.034121 3.795054 0.033103 0.034869 0.031039 14.148105 
0.029621 0.030365 0.034064 0.030459 4.548497 0.033464 0.039031 14.302662 
0.034881 0.034896 0.036832 0.034880 0.034879 5.420007 0.038812 14.333308 
0.030314 0.031880 0.039228 0.031461 0.030719 0.030154 6.325694 14.321144 
0.029029 0.029029 0.029103 0.029082 0.029031 0.029031 0.029487 16.029029 
2.402794 0.555091 0.407402 0.433527 0.409259 0.409865 0.404903 0.427596 
1.823822 2.829720 0.773303 0.928744 1.118288 1.087663 1.538796 1.713369 
0.321279 4.205665 0.618878 0.785614 0.946732 1.062251 1.253224 1.390678 
1.876968 0.572152 3.820192 1.078205 1.119838 1.406897 1.763195 1.470438 
0.401694 3.134748 4.039743 0.976802 1.238380 1.298191 1.701367 1.763635 
0.242998 0.483737 6.158044 0.761392 0.942189 1.041125 1.240230 1.314783 
2.018383 0.389005 0.390590 5.027046 0.391013 0.397670 0.551481 0.439801 
0.440335 3.227254 0.818332 5.043318 1.449983 1.234616 1.563884 2.066421 
0.451281 0.680549 4.502513 5.280875 1.432786 1.100946 1.563145 2.055802 
0.393722 0.545615 0.701126 7.955210 1.055361 1.287589 1.417799 1.809434 
1.959384 0.663356 0.775825 0.976859 5.734002 1.453974 1.687625 2.049649 
0.449430 3.251066 0.823784 0.881589 6.236008 1.241969 1.571622 2.056497 
0.472562 0.710354 4.502570 1.135893 6.621380 1.664164 1.767452 2.025746 
0.470542 0.689912 0.967966 5.734017 6.670059 1.528667 1.854848 2.136148 
0.405088 0.538579 0.795102 0.907548 9.816290 1.239938 1.503769 1.708759 
1.938221 0.600614 0.953795 0.936784 0.996019 6.810005 1.777575 1.889278 
0.463987 3.255819 0.955329 1.086561 1.204050 7.451652 1.744893 2.073426 
0.457572 0.693491 4.522447 1.129154 1.341502 7.794603 1.749752 2.259100 
0.464662 0.711353 0.990929 5.681650 1.324390 7.945499 2.006438 2.144389 
0.472509 0.707141 0.919028 1.104407 6.764360 8.386837 1.828064 2.249800 
0.387572 0.579692 0.796852 0.931716 1.132563 11.736694 1.514870 1.651103 
1.983874 0.704651 1.066639 0.941574 1.114023 1.251291 8.326271 1.808016 
0.444111 3.248527 0.880239 1.083888 1.282724 1.521922 8.555636 2.005489 
0.458929 0.686071 4.501212 1.185504 1.319610 1.639957 9.006976 2.063500 
0.469739 0.682140 0.946421 5.689419 1.310417 1.636409 9.362578 2.096161 
0.497267 0.742094 0.950345 1.148597 6.884207 1.616656 9.615058 2.131703 
0.462656 0.716928 0.955379 1.198272 1.389706 8.115681 9.480456 2.210869 
0.378988 0.515187 0.670153 0.739332 1.018843 1.599396 13.850463 1.761576 
1.926575 0.636574 0.822259 0.949576 1.112916 1.382353 1.524622 9.123247 
0.433588 3.247627 0.900610 1.073020 1.232932 1.490219 1.771187 9.769588 
0.461909 0.699002 4.458823 1.085316 1.215755 1.597008 1.918184 10.313285 
0.473339 0.711586 0.977886 5.685285 1.296255 1.557746 1.902089 10.685805 
0.492072 0.717424 0.967978 1.177916 6.891362 1.665874 1.853821 10.859390 
0.470734 0.738960 0.976533 1.068659 1.427568 8.098111 1.943088 10.839637 
0.472808 0.750988 0.982851 1.185568 1.420518 1.720099 9.436855 10.859968 
0.412800 0.588750 0.807854 0.968422 1.109279 1.242200 1.539788 15.673295 
