2.053192 0.060897 0.090177 0.053614 0.078896 0.080462 0.111052 0.117024 
1.852695 1.942860 0.144384 0.175153 0.112198 0.099899 0.146566 0.343325 
0.907113 3.688749 0.115531 0.163202 0.107518 0.063669 0.146544 0.090369 
0.083866 4.070926 0.131434 0.193906 0.096682 0.309879 0.190000 0.305973 
1.816633 0.126710 2.998459 0.110993 0.124397 0.193645 0.109534 0.166309 
1.188455 2.404417 3.681781 0.166880 0.089563 0.330249 0.244867 0.161442 
0.193207 3.644447 2.652440 0.073502 0.079431 0.118897 0.149693 0.299994 
0.902614 0.112808 5.540449 0.107438 0.148602 0.187255 0.140133 0.156824 
0.156080 1.803397 5.502791 0.127395 0.115225 0.147424 0.165470 0.221701 
0.076426 0.129432 6.072521 0.141009 0.229988 0.079483 0.117552 0.182704 
1.838581 0.118219 0.115453 3.776018 0.069072 0.174558 0.089850 0.101792 
1.174028 2.378209 0.060190 4.786503 0.093861 0.157811 0.164589 0.130029 
0.113541 3.624828 0.088926 3.733072 0.251989 0.081703 0.263620 0.500398 
1.177294 0.063694 3.601885 4.657728 0.093366 0.138231 0.084384 0.230004 
0.160689 2.383885 3.599162 4.568041 0.210829 0.240704 0.224437 0.186781 
0.190308 0.072252 5.423869 3.546582 0.084509 0.065445 0.246349 0.258258 
0.921268 0.100614 0.138923 7.322524 0.265299 0.211216 0.238903 0.275900 
0.124788 1.888434 0.059868 7.150305 0.177854 0.058747 0.142473 0.218108 
0.117709 0.047024 2.714461 7.204765 0.105047 0.055032 0.125983 0.060427 
0.069771 0.075310 0.078357 8.066644 0.225106 0.259514 0.243033 0.207395 
1.817964 0.092681 0.101307 0.125383 4.934307 0.139947 0.097586 0.155243 
1.196024 2.370694 0.086893 0.164362 6.005136 0.070430 0.170415 0.107512 
0.197116 3.643097 0.125281 0.120353 4.413212 0.066819 0.257691 0.142921 
1.182156 0.109158 3.565926 0.182901 6.037199 0.239777 0.112795 0.108174 
0.073600 2.382333 3.518631 0.083272 5.857403 0.424448 0.262697 0.461248 
0.195728 0.068090 5.427675 0.138633 4.426972 0.098511 0.234028 0.054101 
1.155977 0.105928 0.072226 4.732450 6.034586 0.069476 0.145646 0.155904 
0.138640 2.272622 0.140462 4.677835 6.103147 0.557629 0.292199 0.166033 
0.126468 0.166036 3.454601 4.653451 5.902841 0.289164 0.083114 0.176122 
0.143862 0.122935 0.247721 7.150268 4.799137 0.420256 0.170764 0.116332 
0.888049 0.087805 0.101822 0.108197 9.160586 0.110213 0.115762 0.151260 
0.139432 1.851077 0.089742 0.122267 9.009979 0.126139 0.236337 0.167841 
0.116089 0.052860 2.630329 0.069721 9.066549 0.166185 0.134341 0.240604 
0.121128 0.055999 0.079399 3.673535 8.957521 0.053396 0.136016 0.060773 
0.071634 0.071416 0.071448 0.082582 10.070033 0.199119 0.106316 0.270198 
1.831839 0.074822 0.067192 0.082336 0.057209 5.482690 0.064481 0.230065 
1.229334 2.471914 0.128684 0.096017 0.149556 6.915105 0.106514 0.233318 
0.149328 3.619612 0.054148 0.192904 0.090968 5.405708 0.095002 0.306844 
1.190356 0.084608 3.678227 0.146952 0.122956 6.876110 0.128077 0.177806 
0.143847 2.382389 3.602937 0.144539 0.160135 6.710662 0.088793 0.129739 
0.089121 0.168290 5.501915 0.113032 0.116743 5.213620 0.527259 0.621686 
1.199710 0.082511 0.081848 4.912724 0.214777 6.829770 0.201593 0.244251 
0.139314 2.312437 0.106242 4.968786 0.099446 6.621900 0.073446 0.211742 
0.139939 0.061794 3.584971 4.819394 0.060966 6.552722 0.223367 0.095070 
0.116156 0.050696 0.052019 7.217375 0.051655 5.354981 0.229232 0.455869 
1.186447 0.067214 0.200693 0.233081 6.022687 6.792005 0.130543 0.411478 
0.133591 2.418796 0.141648 0.153744 5.847676 6.676161 0.236094 0.195530 
0.143475 0.066197 3.553248 0.054038 6.016764 6.630422 0.129732 0.156734 
0.161538 0.066081 0.067477 4.761562 6.039093 6.584306 0.075678 0.109443 
0.087992 0.045471 0.046681 0.044807 9.056872 5.222892 0.274540 0.506869 
0.958692 0.074498 0.116943 0.118279 0.173545 10.799777 0.138577 0.112292 
0.114950 1.910372 0.070865 0.138131 0.131833 10.624167 0.378236 0.125143 
0.107558 0.047452 2.785443 0.092525 0.038542 10.690472 0.108417 0.212189 
0.122667 0.116186 0.082546 3.897053 0.133311 10.550740 0.056384 0.168809 
0.134230 0.097465 0.066021 0.088328 4.692859 10.687532 0.134977 0.128458 
0.074516 0.066178 0.091284 0.085759 0.068472 12.065700 0.146197 0.105611 
1.857807 0.103491 0.104036 0.151080 0.141645 0.109723 6.507963 0.250537 
1.209492 2.522424 0.084715 0.133705 0.188562 0.111569 7.786699 0.076847 
0.184167 3.669105 0.102428 0.098658 0.153981 0.101005 5.838280 0.237635 
1.187735 0.058343 3.720470 0.109791 0.132233 0.128415 7.716426 0.131420 
0.147414 2.397138 3.628151 0.135298 0.067748 0.201055 7.688960 0.104890 
0.084631 0.233311 5.484720 0.090699 0.212267 0.106867 6.123525 0.086926 
1.207318 0.068273 0.069366 4.931298 0.142830 0.216836 7.691603 0.102810 
0.151221 2.353453 0.115482 4.897065 0.100142 0.121390 7.742541 0.111173 
0.132686 0.049867 3.603332 4.838388 0.147542 0.126765 7.506846 0.298249 
0.090368 0.212330 0.083349 7.254877 0.134186 0.355708 6.258089 0.247831 
1.190032 0.080483 0.114189 0.108217 6.169564 0.107616 7.849436 0.124287 
0.139258 2.444433 0.117452 0.071610 5.983965 0.218053 7.503543 0.318712 
0.130405 0.079158 3.691592 0.082232 5.702779 0.157722 7.995721 0.351142 
0.132164 0.049037 0.111365 4.707366 5.984031 0.303082 7.752941 0.283340 
0.062948 0.101984 0.060630 0.081884 9.072103 0.229236 6.124388 0.079652 
1.214665 0.139190 0.088628 0.078079 0.124971 6.994268 8.157457 0.248468 
0.144080 2.415331 0.055300 0.231228 0.195151 6.973659 7.882393 0.071666 
0.144277 0.055414 3.595471 0.047441 0.142197 6.752977 8.128470 0.193997 
0.138414 0.082421 0.122097 4.873783 0.061535 6.865297 7.844849 0.130313 
0.056519 0.056514 0.056514 0.056820 6.019638 6.819930 8.046331 0.573970 
0.067384 0.105939 0.065640 0.067582 0.065912 10.971420 5.898542 0.308343 
0.963108 0.105563 0.071943 0.097053 0.071914 0.128571 12.553515 0.199881 
0.096314 1.935048 0.134710 0.099876 0.218363 0.225190 12.484902 0.136223 
0.082226 0.093032 2.966523 0.139794 0.083036 0.134458 12.343728 0.182630 
0.128613 0.066000 0.064720 3.911907 0.133600 0.147151 12.302689 0.115179 
0.119349 0.061021 0.150278 0.160756 4.910398 0.144047 12.279306 0.142738 
0.101310 0.074576 0.074166 0.074723 0.075080 5.734864 12.417083 0.085124 
0.077953 0.072436 0.089242 0.072514 0.073332 0.072756 14.072103 0.093608 
1.873059 0.071825 0.139893 0.099663 0.270790 0.128249 0.201407 6.838966 
1.193618 2.499078 0.110034 0.086075 0.129601 0.170986 0.110303 8.922189 
0.124163 3.648399 0.129545 0.156810 0.085060 0.455862 0.527667 7.250537 
1.182065 0.067836 3.760268 0.066012 0.199528 0.093197 0.126060 8.874154 
0.141546 2.438052 3.593893 0.100842 0.113738 0.052984 0.145546 8.674899 
0.114451 0.071157 5.610754 0.105095 0.208043 0.288210 0.424612 6.177624 
1.196019 0.096475 0.144810 4.900281 0.052676 0.057156 0.055127 8.819376 
0.067647 2.321280 0.169032 4.953713 0.089646 0.099200 0.128917 8.862152 
0.061122 0.085511 3.512193 4.965353 0.167289 0.107306 0.235874 8.716280 
0.189750 0.105633 0.073556 7.338730 0.164294 0.071782 0.270766 6.500486 
1.209055 0.088806 0.109823 0.140205 6.021449 0.110694 0.094132 8.835271 
0.134880 2.415689 0.078195 0.087818 6.006702 0.135238 0.243157 8.647425 
0.132285 0.042320 3.644135 0.035934 5.964585 0.045920 0.033626 8.540662 
0.036614 0.034418 0.126779 4.851066 5.971234 0.073265 0.066328 8.571406 
0.057808 0.083762 0.076411 0.057865 9.208503 0.158720 0.193237 6.499156 
1.220550 0.101833 0.088198 0.120936 0.180006 7.144487 0.239640 9.151804 
0.167444 2.518562 0.109149 0.172673 0.081230 6.851401 0.199653 8.857907 
0.151884 0.056656 3.708903 0.130250 0.162009 6.899170 0.140390 8.835690 
0.073851 0.097467 0.074809 4.986701 0.193744 6.656851 0.155221 9.144021 
0.085633 0.076669 0.078401 0.076777 5.777935 7.188023 0.474988 9.168247 
0.066328 0.148042 0.066330 0.072210 0.065636 11.024370 0.174637 6.563393 
1.230331 0.067126 0.080603 0.119825 0.147403 0.072615 8.101833 9.142986 
0.110271 2.442670 0.118628 0.134752 0.212871 0.256575 8.257545 9.017083 
0.092737 0.167724 3.684412 0.095289 0.093049 0.204752 8.043074 9.106838 
0.083401 0.069215 0.124344 4.803757 0.127317 0.159805 8.147625 9.071310 
0.059139 0.055521 0.055855 0.056894 6.013064 0.064323 8.165142 8.955717 
0.070003 0.062458 0.062501 0.062942 0.062858 7.122114 8.148784 9.117183 
0.062510 0.062224 0.063320 0.062272 0.062245 0.063595 12.582610 7.221280 
0.999806 0.068943 0.078981 0.085441 0.070989 0.127113 0.158433 14.200046 
0.068568 1.948502 0.090480 0.073891 0.091149 0.086725 0.185306 14.176614 
0.086731 0.077286 2.967894 0.092365 0.090845 0.226981 0.421510 14.090131 
0.122087 0.063276 0.057553 3.926112 0.073947 0.091698 0.085334 14.013857 
0.079490 0.062644 0.062598 0.062946 4.793213 0.144708 0.147635 14.157288 
0.074527 0.068841 0.068954 0.068707 0.068460 5.827831 0.219471 14.104066 
0.054141 0.053634 0.053738 0.054414 0.089904 0.053650 6.397371 14.316573 
0.074049 0.053417 0.054151 0.055307 0.055602 0.053939 0.054744 16.052547 
1.969099 0.488318 0.754277 0.991879 1.283287 1.364193 1.562381 1.678456 
1.359134 2.843898 0.869233 1.034626 1.391748 1.683550 1.950858 2.168629 
0.281849 3.930493 0.679472 0.832947 1.087295 1.232399 1.296798 1.645130 
1.380615 0.633313 4.260723 1.147740 1.507416 1.680490 1.977311 2.108426 
0.301707 2.752042 4.226799 0.883448 1.261653 1.332977 1.648745 1.886775 
0.262334 0.523799 5.859657 0.896809 1.131843 1.225685 1.420742 1.558852 
1.365881 0.575752 0.840607 5.665658 1.405342 1.667036 1.744123 1.943801 
0.324867 2.774472 0.794694 5.579540 1.408709 1.568919 1.825919 2.061406 
0.336983 0.545068 4.211920 5.506591 1.322403 1.628079 1.795582 2.059213 
0.270419 0.485543 0.707670 7.772609 1.053817 1.309188 1.501363 1.748484 
1.351739 0.599349 0.917883 0.991443 7.080684 1.613965 1.877795 2.188330 
0.341435 2.730688 0.838199 1.041071 7.032011 1.513609 1.826891 1.869375 
0.325614 0.576153 4.141354 1.068188 6.778780 1.484579 1.936420 2.014879 
0.320323 0.554103 0.946800 5.376630 6.823735 1.757872 1.792411 1.930730 
0.258731 0.495908 0.761543 0.885694 9.761100 1.183444 1.332541 1.493473 
1.419792 0.654612 0.943329 1.044485 1.360975 8.273973 1.906748 2.218513 
0.338047 2.893500 0.910270 1.077451 1.351147 7.722288 1.900724 1.959387 
0.336050 0.651027 4.287333 1.155869 1.388547 7.870351 1.808659 2.110762 
0.344942 0.598865 0.847221 5.810287 1.532790 7.901768 1.735992 2.119824 
0.323822 0.583322 1.026713 1.390820 6.630845 8.135435 1.909464 2.174700 
0.248533 0.512617 0.784252 1.075462 1.102754 11.539098 1.452918 1.878879 
1.385428 0.582484 0.912125 1.193286 1.447969 1.688015 9.592527 2.241730 
0.342410 2.850385 0.911484 1.083851 1.379516 1.621019 9.059699 2.037327 
0.361468 0.587785 4.329916 1.157392 1.494007 1.574940 9.053847 2.284964 
0.341014 0.596268 0.945972 5.652230 1.435535 1.635432 9.022429 2.137256 
0.345142 0.609776 0.936635 1.033476 6.888917 1.556375 9.181081 2.274282 
0.345934 0.650544 0.848844 1.335937 0.923691 8.242063 9.317708 2.457182 
0.281861 0.463271 0.732537 0.827549 1.303570 1.357499 13.533102 1.792600 
1.400224 0.639795 0.917729 1.301358 1.547133 1.722021 2.025160 10.715728 
0.367243 2.882125 0.932335 1.142131 1.478379 1.492860 1.660608 10.247847 
0.341296 0.628893 4.288467 1.185054 1.323928 1.605366 1.888778 10.445675 
0.336388 0.625969 0.850310 5.712341 1.518218 1.544039 1.751201 10.476078 
0.345321 0.573284 0.957514 1.152403 7.087045 1.685523 1.716055 10.134193 
0.348543 0.653236 0.928946 1.041688 1.434201 8.158807 1.920925 10.501177 
0.334122 0.686559 1.034273 1.187585 1.396731 1.560346 9.480540 10.634108 
0.342913 0.288116 0.849570 1.002033 1.566526 0.895180 0.473079 15.545113 
