2.525053 1.168909 1.973525 1.072359 0.977918 
2.626302 1.104822 1.889224 1.025480 0.998734 
1.886267 2.555174 1.955502 1.019291 0.993933 
1.848479 2.504494 1.955618 1.066940 1.065428 
1.301367 3.749692 1.922820 1.019676 0.995510 
1.298781 3.727877 1.957620 1.021681 0.994833 
1.930772 1.237112 3.761364 1.032319 0.991367 
1.969568 1.248272 3.670186 1.017508 0.996295 
1.278279 2.525234 3.786644 1.032581 0.990505 
1.185481 2.291763 3.627629 1.305824 0.926126 
1.313734 1.235537 5.595361 1.039492 0.987220 
1.329310 0.990273 5.857203 1.059320 0.983298 
2.518860 1.233844 1.146700 1.565787 0.916677 
2.493114 1.086036 1.195221 1.646289 0.887116 
1.910249 2.447311 1.158695 1.510765 0.911046 
2.068123 2.602235 1.032169 1.313444 1.012233 
1.328887 3.775763 1.084450 1.619785 0.952224 
1.371492 3.940711 1.082756 1.353709 0.980333 
1.880908 1.225059 1.872101 1.758690 0.747531 
2.031445 1.238147 1.849977 1.600231 0.800375 
1.267401 2.460863 1.872321 1.753849 0.749061 
1.211836 2.287734 1.531026 2.022890 0.663376 
0.946910 3.469799 1.634543 1.643675 0.786374 
0.973040 3.901995 1.330719 1.494776 0.836152 
1.757644 0.995479 3.490731 1.484933 0.860508 
1.791755 0.997909 3.488090 1.448553 0.873514 
1.274560 1.271440 3.606777 1.764050 0.745886 
1.393806 1.319710 4.329539 1.356836 0.881406 
0.860284 2.265486 3.434071 1.736700 0.754834 
0.909331 2.484963 3.643257 1.494778 0.835490 
1.070859 0.842533 4.922156 1.741770 0.752991 
1.013511 0.807312 4.541812 1.955362 0.681786 
0.766198 1.133260 5.253341 1.793873 0.735649 
1.081531 0.930111 5.928546 1.327999 0.894958 
1.965374 1.283291 1.183454 3.030728 0.845777 
2.278112 1.231702 1.064634 2.911019 0.950133 
1.256884 2.405192 1.267176 2.935451 0.775703 
1.243686 2.373567 1.277510 2.949913 0.765167 
0.984770 3.753947 1.067399 3.006409 0.945279 
0.983988 3.741849 1.070347 3.009029 0.942786 
1.108865 1.109030 1.653715 2.713341 0.431561 
1.703097 1.124477 1.584588 3.438531 0.793621 
0.747228 2.012138 1.645229 2.622039 0.459512 
1.031805 2.355155 1.504400 2.774121 0.698815 
1.013977 0.822069 3.356735 2.364633 0.548817 
1.040173 0.851441 3.094006 2.386243 0.637511 
0.607688 1.073036 3.273958 2.692314 0.436201 
0.503448 0.915623 2.685480 3.093551 0.302379 
0.829958 0.712302 4.213803 2.313684 0.582249 
1.224026 1.216994 1.242684 4.230228 0.627167 
1.411940 1.318574 1.178829 4.270443 0.736354 
0.811968 2.181947 1.247260 4.114836 0.647062 
0.972979 2.792233 1.103629 4.222244 0.861515 
0.498831 1.006480 1.644874 3.417276 0.194290 
0.695126 1.740155 1.456993 3.512964 0.513895 
0.526396 0.596320 2.520860 3.298677 0.235752 
0.505441 0.590205 2.428961 3.353828 0.216170 
0.575222 1.083159 0.950421 6.025660 0.451457 
0.522601 0.978290 0.935935 5.681366 0.815209 
0.376540 0.460162 1.610443 4.860575 0.180400 
0.421804 0.541917 1.349167 4.806529 0.234447 
0.278757 0.555471 1.509683 3.906103 0.097729 
0.281572 0.557811 1.410154 4.187294 0.100820 
2.759051 1.262506 1.015002 1.018203 1.428388 
2.791599 1.099553 1.032262 1.091920 1.426077 
2.052707 2.690096 1.011240 1.015083 1.417276 
2.006534 2.506422 1.023623 1.284412 1.647350 
1.366658 4.041220 1.018768 1.018066 1.437084 
1.503240 3.781054 1.092661 1.082040 0.975636 
2.266703 1.504360 2.044555 1.020329 1.556488 
2.587523 1.105656 1.880326 1.040120 1.128504 
1.511265 2.953739 2.179731 1.023061 1.472092 
1.340984 2.838534 2.912339 1.103598 0.990628 
0.999827 4.068821 2.028074 1.027171 1.471359 
1.004257 3.816919 2.294517 1.065603 1.475108 
1.985084 1.000138 3.673787 1.030093 1.459001 
1.974371 1.022488 3.682370 1.036543 1.409134 
1.442900 1.512532 4.480536 1.033282 1.542464 
1.662597 1.166240 4.620385 1.048595 0.995167 
0.997838 2.716232 4.048672 1.018033 1.543635 
1.003139 2.405430 4.438385 1.038247 1.536323 
1.325013 0.996275 5.718469 1.018703 1.422145 
1.320069 0.991611 5.681961 1.038412 1.415177 
0.993734 1.371088 6.114441 1.021496 1.469701 
0.997710 0.972096 6.481373 1.123594 1.454750 
2.762326 1.009319 1.019907 1.278896 1.649569 
2.760858 1.009626 1.020583 1.279897 1.649167 
2.370083 1.574588 1.012399 1.771981 1.635820 
2.353435 1.979630 1.066478 1.223568 0.994462 
1.542739 3.086849 1.024026 1.956102 1.643726 
1.138041 2.900526 1.312034 1.995395 1.253025 
0.999450 4.313915 1.015122 1.786927 1.595914 
1.002424 4.696502 1.024994 1.034614 1.539303 
2.240410 1.008141 2.148566 1.801332 1.600702 
2.177435 1.057129 1.867844 1.380191 1.483819 
1.482308 1.450088 2.131873 1.795154 1.649325 
1.189501 1.017647 2.715978 1.980591 1.620849 
0.900290 2.803381 2.077927 1.767139 1.533458 
0.890415 2.904728 1.501414 2.098629 0.656679 
1.285567 0.903213 3.806814 1.698586 1.365572 
1.144876 0.871337 4.577812 1.602972 1.385549 
0.781144 1.437880 4.217057 1.738159 1.556007 
0.854961 0.741652 4.299255 2.201341 0.721165 
0.940809 0.813717 5.232345 1.649869 1.252701 
1.073552 0.938544 5.775874 1.299024 1.257674 
2.260275 1.005906 1.021441 3.287899 1.585276 
2.237413 1.008045 1.029116 3.290023 1.584462 
1.708181 1.747373 1.008706 3.922325 1.787727 
1.824004 1.382205 1.100541 3.343119 1.532918 
0.993979 3.248759 1.012591 3.779923 1.743096 
0.929111 2.913552 1.229400 2.987635 1.212092 
1.040184 0.913168 1.762691 2.513293 1.396821 
1.065388 0.939695 1.586747 2.643742 1.262665 
0.582532 1.125094 1.790473 2.808190 1.318444 
0.962394 0.902492 1.584683 2.752690 1.217043 
0.663738 0.629517 3.068901 2.640870 1.163889 
0.811297 0.707636 3.624596 2.452065 0.938198 
1.264197 0.910362 1.121953 4.348374 1.531154 
1.224538 0.900307 1.140419 4.325530 1.509918 
0.654543 1.448042 1.158723 4.341170 1.329898 
1.181806 1.875308 1.050774 4.723298 1.516051 
0.391105 0.557756 1.635724 3.336676 1.053236 
0.428236 0.491244 1.307747 4.598951 1.158976 
0.301726 0.601772 1.487318 3.403027 1.091542 
0.389708 0.775599 1.457690 3.328090 1.047550 
0.659667 0.625536 0.892268 5.432136 1.356134 
0.875689 0.749358 0.819345 6.729233 1.541700 
0.377134 0.726448 1.068823 4.576132 1.116147 
0.234172 0.465431 1.376851 3.722482 0.965116 
0.354310 0.689820 1.163367 4.493464 0.759673 
2.297927 1.497275 1.009726 1.015626 3.149296 
2.241917 1.073734 1.555669 1.034008 3.449071 
1.545831 3.029536 1.006395 1.010981 3.119154 
1.246714 3.543301 1.097227 1.046834 2.948905 
0.999767 4.121467 1.009386 1.015041 3.084968 
1.040199 3.840789 1.142186 1.060905 3.063765 
2.217097 1.002077 2.033568 1.016837 3.078486 
1.981084 1.013187 2.021358 1.210315 2.989130 
1.649748 1.696790 2.455365 1.019021 3.456516 
2.015216 1.065434 1.474034 1.047092 4.570636 
0.994180 3.137007 2.276607 1.028154 3.373558 
0.964283 2.632174 2.824518 1.153852 3.052688 
1.480229 0.997115 4.276024 1.013639 3.058212 
1.305643 0.923965 3.771292 1.327647 2.913779 
0.995595 1.526687 4.718974 1.015846 3.403050 
0.909825 1.455047 4.055591 1.202859 3.729471 
2.308698 1.004736 1.014119 1.856171 3.192091 
2.302469 1.005795 1.170366 1.895816 2.873677 
1.756381 1.784516 1.018875 2.138261 3.583919 
1.306989 0.980197 1.365662 1.948567 2.719111 
0.996800 3.387699 1.007057 2.028001 3.652880 
0.897206 2.577035 1.368968 1.637316 2.797282 
1.300903 0.928492 2.117564 1.765621 2.798208 
1.183418 0.912603 1.850299 1.955119 2.650488 
0.740259 1.494828 2.339197 1.822624 3.112480 
0.843433 0.735790 3.891355 1.734092 2.815793 
0.829958 0.733255 3.827642 1.772649 2.766436 
1.173490 0.899843 1.198007 3.048754 2.606003 
1.415506 0.950547 1.134510 2.879078 3.131061 
0.734415 1.442836 1.067711 3.653927 2.855123 
0.616529 1.236180 1.235474 2.861991 2.680751 
0.532391 0.592211 1.800641 2.621351 2.393288 
0.553914 0.596973 1.797574 2.477752 2.733905 
0.353035 0.683973 1.604977 2.769499 2.338400 
0.631857 0.595199 0.800893 4.640312 2.923283 
0.517544 0.559033 0.943072 4.323098 2.133553 
0.215938 0.396734 1.214831 3.273424 2.047660 
0.240255 0.420805 1.150594 3.330755 2.061711 
2.243214 1.003262 1.007563 1.009908 4.680825 
2.190270 1.007329 1.023501 1.038117 4.662323 
1.718010 1.718805 1.005552 1.008497 5.517610 
1.515293 1.783891 1.474832 1.186693 5.141388 
0.996632 3.237349 1.006044 1.011082 5.305563 
1.236771 2.536009 1.081157 1.153115 4.535146 
1.648870 0.996772 2.464848 1.014368 5.185030 
1.793929 0.993376 1.474700 1.111178 5.146678 
0.996165 1.897328 2.729979 1.010785 5.790343 
1.021267 1.008677 2.351043 1.202211 5.926094 
0.993784 0.984735 4.535261 1.022092 4.970582 
0.939908 0.866035 4.072990 1.226503 4.538764 
1.406713 0.947481 1.129694 1.798446 4.538367 
1.528830 0.969669 1.116348 1.737239 4.589859 
0.696694 1.537811 1.111068 1.784673 4.951734 
0.939968 1.824904 1.097643 1.597778 5.253962 
0.625202 0.586840 2.182423 1.825582 4.363314 
0.896741 0.748523 2.384154 1.582576 4.539370 
0.532256 1.035946 1.595998 1.921956 4.123517 
0.395482 0.770091 1.132466 2.179673 3.955191 
0.453825 0.706286 0.701174 3.449379 4.812517 
0.537995 0.530396 0.699055 3.423289 4.848361 
0.205655 0.366925 1.114916 2.616495 3.342819 
0.401583 0.462186 1.667671 2.330947 3.513902 
0.207754 0.403895 1.033713 2.995469 2.885055 
0.376020 0.654318 0.856892 3.804477 3.094714 
1.694823 0.988341 1.014353 1.032161 6.899459 
1.433123 0.983728 1.808289 1.035546 6.848849 
0.958969 1.860686 0.985692 1.018565 7.931940 
0.807877 1.624558 0.977928 1.105783 7.245207 
0.818793 0.770360 2.379022 1.103606 7.210717 
0.866747 0.773434 1.657071 1.038816 7.874466 
0.605972 0.611698 0.969996 1.658067 5.551746 
0.867334 0.757059 1.057192 1.544700 5.435145 
0.253772 0.427241 1.126066 1.809769 5.264887 
0.467301 0.802087 1.398487 1.614799 5.477535 
0.167122 0.318849 0.812179 2.327129 4.478823 
0.151649 0.286521 0.726628 2.066265 5.106937 
0.116138 0.212342 0.530452 1.488474 6.494639 
0.168361 0.316386 0.771090 1.908617 5.183576 
0.043076 0.050553 0.076871 0.140000 9.769015 
0.172264 0.218503 0.304039 0.549021 8.988659 
