2.313790 2.336681 1.005462 1.012929 1.011572 1.012243 1.014740 0.997722 
2.263353 2.296029 1.026383 1.044710 1.055517 1.066748 1.080776 0.986716 
1.191520 4.573174 1.006703 1.011270 1.014931 1.015718 1.019930 1.000044 
1.137059 3.997903 1.078843 1.125131 1.469974 1.266362 1.290225 0.965144 
2.322134 1.004121 2.958491 1.025431 1.014281 1.015898 1.019008 0.998498 
2.178995 1.008832 2.813262 1.298521 1.106548 1.133145 1.162340 0.978459 
1.266928 2.553175 3.778376 1.016285 1.023414 1.024718 1.029644 0.998771 
0.918091 2.167703 3.419739 1.285259 1.422045 1.592743 1.750145 0.919197 
1.124596 0.997651 6.574074 1.010103 1.014170 1.015213 1.018195 0.998621 
1.056765 0.973427 6.193940 1.202768 1.112901 1.140972 1.288694 1.063076 
2.177279 1.001034 1.002382 4.237452 1.009503 1.011715 1.014066 0.998588 
2.066766 1.223727 1.002172 4.238097 1.008414 1.012112 1.012425 1.000230 
1.291125 2.465777 1.002854 4.820358 1.016189 1.019060 1.023976 0.999182 
1.240281 2.175877 1.013471 4.306565 1.918724 1.180461 1.220945 0.966339 
1.198130 0.996408 3.533515 4.741788 1.020336 1.024252 1.027109 0.995827 
1.159574 0.974945 3.267354 4.406728 1.553768 1.153991 1.186286 0.984038 
0.987483 1.969614 2.968221 4.112964 1.067668 1.085385 1.103537 1.030305 
0.982899 1.943702 2.924577 4.121839 1.090210 1.114342 1.139157 1.024347 
1.082821 0.995760 0.996012 8.586950 1.019071 1.023240 1.028129 0.996381 
1.077413 0.986419 0.987182 8.268464 1.057817 1.318838 1.090086 0.986054 
2.131618 1.002020 1.011003 1.030535 5.069312 1.049760 1.058305 0.993604 
2.106589 1.002681 1.015211 1.038309 5.043022 1.080420 1.095690 0.987371 
1.246240 2.403998 1.002273 1.004903 6.151109 1.023627 1.030343 0.995662 
0.996046 2.883278 1.004950 1.010596 6.061975 1.053816 1.066903 0.989564 
1.173585 0.997246 3.549267 1.004239 5.806691 1.018222 1.022078 0.996430 
0.916949 0.826744 2.878448 1.186181 4.212858 1.896846 2.225081 0.799092 
1.154035 0.990967 0.991931 4.514870 5.639329 1.053929 1.066443 0.989308 
1.106181 0.968355 0.971232 3.908162 5.856356 1.175772 1.321896 1.358579 
1.065063 0.969225 0.971037 0.973156 10.102471 1.168107 1.205525 0.965838 
1.052807 0.948243 0.954069 0.956118 9.698496 1.280516 1.349412 1.032467 
2.120502 1.000516 1.005619 1.004453 1.008913 6.188172 1.016979 0.997454 
2.072771 1.000752 1.007904 1.009070 1.015626 6.369426 1.041559 0.993353 
1.260501 2.427078 1.002154 1.004652 1.005983 7.054341 1.024033 0.996834 
0.985571 2.882568 1.017723 1.036409 1.101214 6.403408 1.206548 1.106348 
1.188665 0.997725 3.477439 1.003952 1.005578 6.846123 1.018493 0.997921 
0.991978 0.958371 3.806866 1.188911 1.074368 6.290225 1.260232 0.958977 
1.110162 0.962650 0.966451 4.332544 1.072006 6.514416 1.266210 0.955911 
0.967547 0.962332 1.435200 4.509730 1.065872 6.307007 1.228418 0.964281 
1.024916 0.910886 0.919153 0.927897 5.170019 6.251040 1.618131 0.897130 
1.033604 0.919235 0.926519 0.934114 5.205290 6.310316 1.560415 0.906988 
0.968639 0.892166 0.898827 0.906143 0.914488 11.495747 1.713754 0.881230 
0.990179 0.905423 0.911919 0.919759 0.926455 11.550099 1.631259 0.895111 
2.255162 1.002606 1.005141 1.009936 1.011267 1.015584 6.048610 0.995965 
2.237191 1.003560 1.008679 1.016076 1.020074 1.027075 6.052499 0.991896 
1.335622 2.659754 1.003807 1.006987 1.009986 1.011235 6.711220 0.998239 
1.250181 0.975969 3.656131 1.048730 1.070503 1.093564 6.224112 0.967140 
0.983978 0.835852 0.866708 4.093213 1.414717 1.627101 5.470161 0.791611 
0.982270 0.835217 0.867834 4.078518 1.433905 1.628300 5.471028 0.791162 
0.845821 0.736252 0.797679 0.881107 4.735104 2.060263 5.047807 0.660229 
1.106470 0.985426 0.985779 0.986998 6.146521 1.044305 6.708173 1.070249 
0.967991 2.056689 0.999624 1.008660 4.853018 1.147627 5.111134 0.955980 
0.991382 2.082636 1.002243 1.005552 4.896956 1.093948 5.139603 1.001066 
0.814793 0.712101 0.787865 0.896774 1.050361 5.782243 5.485107 0.623960 
0.088086 0.129697 0.247069 0.542946 1.211949 3.328630 6.556560 0.340309 
0.089657 0.131384 0.249292 0.546103 1.216311 2.694863 7.284910 0.341558 
2.551197 1.002528 1.003997 1.005561 1.009210 1.009098 1.010995 4.465996 
2.314783 1.019130 1.053154 1.088827 1.128068 1.165524 1.206575 4.422365 
1.497757 2.945852 1.002503 1.004703 1.006026 1.006535 1.013412 5.143594 
1.195024 3.368685 1.042572 1.069853 1.100066 1.127717 1.158266 4.433143 
1.444786 0.998183 4.148378 1.008128 1.010450 1.014180 1.015961 4.902453 
1.443034 0.997173 4.144498 1.011831 1.015561 1.019909 1.023957 4.858506 
0.932516 2.032593 3.175059 1.176477 1.261464 1.355588 1.456383 3.756042 
0.933075 2.035389 3.179518 1.175438 1.259731 1.353039 1.452880 3.756779 
1.421540 0.998936 0.999558 5.408198 1.005782 1.006837 1.008203 4.748291 
1.548639 1.027435 0.998335 4.218582 1.102374 1.133245 1.165595 4.712195 
0.934772 2.040310 0.994264 4.110750 1.256960 1.345537 1.444974 3.747234 
0.954982 2.103285 1.055817 4.252173 1.266099 1.245177 1.310291 3.775555 
1.386361 0.996673 0.997739 0.999762 6.643233 1.020101 1.024529 4.723704 
1.172353 0.961405 0.974258 1.901945 6.079760 1.476861 1.259692 3.796162 
0.935182 2.041549 1.000040 1.037739 5.147173 1.345832 1.445097 3.660486 
0.952780 2.132048 1.003975 1.034825 5.289902 1.261106 1.331229 3.684239 
1.290835 0.965304 0.975616 0.986759 0.998119 7.693507 1.237897 4.541672 
1.091457 1.521076 0.992431 1.003139 0.999891 7.833677 1.082892 4.589612 
1.153923 0.868174 0.941982 1.033822 1.147352 1.286333 6.500295 4.324162 
1.097107 1.684658 1.011905 1.080827 1.160523 1.616913 5.551519 3.793095 
0.885842 2.046509 1.017636 1.103214 1.204007 1.324537 5.556075 3.769101 
0.903655 2.091950 1.022624 1.104469 1.200137 1.313893 5.455098 3.778949 
0.226793 0.271558 0.450566 0.597224 0.994582 3.797854 4.823938 2.950934 
0.301207 0.353000 0.568995 0.633077 0.967988 4.341045 4.459977 3.026832 
0.155302 0.204634 0.298295 0.536894 1.041464 2.085991 6.802671 2.520458 
0.301099 0.317247 0.423969 0.620282 1.000842 1.705110 7.637672 2.640990 
1.706407 0.998790 1.000721 1.002364 1.004745 1.006764 1.008645 11.203249 
1.294465 0.984212 2.246049 1.013446 1.024369 1.108255 1.047224 10.557262 
0.924116 2.311412 1.029064 1.092980 1.163634 1.250280 1.338203 8.434110 
0.948980 2.513972 1.029713 1.076077 1.125405 1.186890 1.244400 8.469022 
0.926286 0.998583 3.537047 1.067322 1.116245 1.156111 1.205352 8.424795 
0.969452 1.103663 3.644792 1.031945 1.054640 1.065755 1.084005 8.740084 
0.959285 1.006658 0.961052 4.771388 1.062899 1.085881 1.109254 8.622923 
0.960363 1.006873 0.962083 4.781055 1.061361 1.083681 1.106339 8.624025 
0.114737 0.145258 0.213248 0.384897 0.767495 1.565755 4.657034 6.546932 
0.287422 0.348441 0.385976 0.519586 0.788197 1.243738 5.510888 6.715848 
0.048098 0.048605 0.050096 0.053988 0.062630 0.081918 0.123846 15.864856 
0.261796 0.272462 0.319157 0.388370 0.796958 0.872711 1.521120 12.603470 
2.655808 1.005938 1.012333 1.147076 1.383011 1.638961 1.377712 1.334001 
1.480534 2.945943 1.072573 1.172801 1.543410 1.793566 1.435686 1.256467 
1.003829 4.641454 1.015280 1.010626 1.014589 1.040783 1.020522 2.159367 
0.993613 4.128567 1.081398 1.130381 1.163303 1.210462 1.261720 2.179810 
1.419331 0.962080 4.162024 1.187300 1.370592 1.703499 1.474475 1.188464 
1.087957 0.845138 2.863998 1.391996 1.749059 2.316639 2.525335 0.894951 
0.917600 2.152949 3.390691 1.280569 1.415789 1.584534 1.739810 1.101808 
0.895238 2.010209 3.298449 1.326703 1.495959 1.691426 1.950926 0.886693 
0.931174 1.047418 5.930153 1.183819 1.259534 1.339984 1.427089 0.943542 
0.971851 1.226960 6.084072 1.087895 1.203036 1.176318 1.186297 1.128724 
1.413626 0.967599 0.986175 5.554628 1.377479 1.769244 1.453925 1.203690 
1.705262 1.000647 2.045967 4.709350 1.015475 1.019037 1.020820 0.998196 
0.906531 2.087342 1.013304 4.426524 1.461425 1.635362 1.834061 0.937944 
0.997466 3.101801 1.006941 3.966709 1.038613 1.071009 1.057622 2.209859 
0.850587 0.955255 2.973769 4.023749 1.497984 1.693632 1.919021 0.943265 
0.935576 0.880788 2.841051 4.273635 1.412140 1.562074 1.733850 1.506150 
0.882506 0.893008 1.159418 7.154242 1.405483 1.547774 1.707836 0.883246 
0.981775 0.977750 1.147039 8.290823 1.086365 1.107281 1.130506 1.344826 
1.412039 0.961091 0.984795 1.074346 6.868057 1.683673 1.471577 1.174422 
0.908565 2.119926 1.012703 1.078104 5.542663 1.631081 1.821761 1.003757 
0.992281 2.095863 1.002669 1.005691 4.936679 1.090749 5.075762 0.973855 
0.822779 0.940414 2.840682 1.116768 4.928975 1.811464 2.094080 0.904976 
0.914287 0.872621 3.106432 1.098993 5.194254 1.621436 1.811746 0.952337 
0.788479 0.804263 1.015607 3.655842 4.683097 1.915969 2.261619 0.944878 
0.855133 1.105248 0.883488 3.502479 5.239398 1.707912 1.936824 0.849902 
0.823050 0.828167 0.901494 1.298500 8.384910 1.791930 2.062887 0.828882 
0.959854 0.975215 1.403713 0.982982 9.522537 1.213308 1.351848 1.174276 
1.409800 0.959314 0.983858 1.012921 1.375794 8.268796 1.494037 1.214358 
0.966230 0.792360 0.870420 0.978635 1.124343 7.531291 2.878932 0.690891 
0.876910 2.022307 1.018469 1.113827 1.229501 6.268958 2.098825 0.952748 
0.854260 1.905933 1.010785 1.120605 1.256204 6.156432 2.262964 0.925107 
0.793208 0.922682 2.707670 1.131540 1.270153 5.951928 2.272904 0.978748 
0.929229 1.275846 3.027763 1.071932 1.118702 6.578096 1.505183 0.918552 
0.743699 0.766909 1.008243 3.520522 1.333404 5.568768 2.527971 0.933180 
0.885142 1.183435 0.917224 3.598154 1.168249 6.537360 1.786868 0.872705 
0.713050 0.727825 0.875585 0.967750 4.499810 5.526480 2.703424 0.928341 
0.722222 0.739132 0.913447 0.920136 4.551162 5.557705 2.650127 0.937367 
0.748162 0.752163 0.799597 1.060810 1.353020 9.847800 2.500916 0.858789 
0.881422 0.968124 0.887224 1.067781 0.970172 11.219309 1.722922 1.176432 
1.358007 0.923085 1.030665 1.163656 1.326883 1.526117 6.790578 1.159622 
1.539697 0.991804 1.088853 1.273110 1.443617 1.627700 5.428581 0.793474 
0.750401 1.617097 1.027012 1.265499 1.584771 2.013822 5.323267 0.998400 
0.986918 2.992283 1.026490 1.034650 1.049971 1.066802 6.306967 2.134247 
0.644258 0.831161 2.298574 1.277797 1.632304 2.123652 5.131113 0.961847 
0.796942 0.933094 2.841781 1.402126 1.413156 1.534995 6.601914 0.789959 
0.560391 0.613433 0.971753 3.036041 1.715885 2.350353 4.905453 0.894655 
0.634758 0.672960 0.984264 3.102807 1.501068 1.909896 6.271171 0.973225 
0.460313 0.502917 0.741555 0.984671 3.923654 2.642167 4.762563 0.898040 
0.554061 0.597805 0.823204 1.046246 4.722917 2.457940 4.323840 0.996326 
0.329142 0.377256 0.593534 0.869508 1.056956 5.248044 4.928644 0.988244 
0.801313 0.754292 0.769596 1.824051 1.012692 6.249244 5.364562 0.734439 
0.323277 0.372758 0.585798 0.858383 1.071784 1.703757 9.083401 0.914106 
1.602877 0.973925 1.071537 1.235910 1.480108 1.691528 1.701833 5.490987 
0.908883 2.563142 1.098240 1.222900 1.370854 1.542698 1.738971 4.827300 
0.995523 3.514349 1.081535 1.144356 1.204941 1.273557 1.342691 3.814981 
0.807370 0.980218 3.497917 1.250804 1.427262 1.638724 1.889793 4.491875 
0.931622 2.028138 3.167957 1.178125 1.264220 1.359649 1.461973 3.754865 
0.757852 0.785830 1.089125 4.438253 1.485394 1.753190 2.081254 4.352442 
0.708564 0.718795 0.821381 1.190501 5.505230 1.866251 2.288587 4.356189 
0.638608 0.645851 0.703842 0.996704 1.192543 6.811350 2.584415 4.359289 
0.973339 1.534471 1.011287 0.986991 0.998033 7.625285 1.282304 4.531641 
0.340118 0.402021 0.658732 0.911938 1.159818 1.849557 5.913344 3.935817 
0.485991 0.543515 0.844570 1.116706 1.274253 1.531243 2.149572 9.203336 
