2.218557 1.829865 0.359143 0.359547 0.358839 0.358805 0.359202 0.359368 
2.243326 1.735702 0.366346 0.364552 0.364521 0.364580 0.364977 0.367742 
1.184764 3.903843 0.309927 0.309157 0.309132 0.308455 0.308766 0.311625 
0.275560 4.270990 0.271140 0.271440 0.273190 0.276561 0.273189 0.273071 
2.259680 0.360614 2.235827 0.360203 0.360328 0.360561 0.362556 0.361310 
1.588776 2.611377 3.380667 0.312561 0.311608 0.314539 0.312018 0.316235 
0.258532 3.949248 2.570368 0.258430 0.258970 0.267188 0.258639 0.258218 
1.297477 0.309029 5.523413 0.308934 0.309363 0.317398 0.311384 0.316291 
0.212888 2.134512 5.474962 0.213519 0.213526 0.220648 0.212816 0.216330 
0.164494 0.164813 6.164453 0.166859 0.167004 0.173491 0.184322 0.217051 
2.232742 0.363646 0.363266 3.195217 0.363118 0.362570 0.362676 0.363282 
1.624953 2.641542 0.309226 4.119318 0.308966 0.314357 0.309495 0.309237 
0.258167 4.002154 0.270640 3.073869 0.260807 0.264566 0.261111 0.260043 
1.643199 0.308189 3.594562 4.335963 0.307425 0.313120 0.307608 0.313236 
0.209906 2.801998 3.610436 4.279354 0.210280 0.215638 0.219058 0.210387 
0.160653 0.160909 5.652874 3.381522 0.161017 0.182395 0.163945 0.166854 
1.402455 0.305510 0.305694 6.993603 0.305901 0.307071 0.308398 0.309048 
0.209409 2.285093 0.209634 7.047974 0.211646 0.214136 0.211130 0.211461 
0.111518 0.112676 3.000467 7.123114 0.113247 0.116148 0.114287 0.128983 
0.065257 0.065257 0.066575 8.065234 0.080026 0.087068 0.065987 0.072876 
2.256672 0.359623 0.359965 0.358801 3.511687 0.359500 0.361565 0.366599 
1.634801 2.699731 0.306207 0.307026 4.779672 0.306997 0.308226 0.313856 
0.259573 4.009969 0.259494 0.259646 3.734063 0.270748 0.263423 0.284387 
1.675342 0.309770 3.637486 0.308569 5.053302 0.314292 0.308933 0.311867 
0.208975 2.820872 3.677275 0.215743 5.099368 0.213961 0.212122 0.220399 
0.159107 0.161033 5.693450 0.160450 4.021595 0.159475 0.161856 0.164545 
1.709140 0.310055 0.309276 4.419413 5.268318 0.310362 0.309358 0.316945 
0.211323 2.894608 0.215117 4.514481 5.313966 0.216265 0.211341 0.214701 
0.107956 0.114427 3.823422 4.633465 5.553169 0.120914 0.156862 0.112033 
0.062826 0.062935 0.064287 7.306763 4.306111 0.080298 0.131315 0.068068 
1.415350 0.308227 0.307581 0.307409 8.631967 0.308078 0.307567 0.315128 
0.209315 2.393511 0.209447 0.212426 8.586492 0.220288 0.213375 0.211457 
0.109039 0.110120 3.144037 0.124899 8.735325 0.113890 0.113632 0.121216 
0.022546 0.023682 0.035725 3.775314 8.853793 0.034224 0.027621 0.040488 
0.020310 0.020382 0.025867 0.034481 10.020270 0.025233 0.020821 0.038520 
2.264669 0.365706 0.365325 0.366154 0.381200 4.113941 0.367325 0.366260 
1.626824 2.689170 0.307694 0.307449 0.307416 5.799648 0.306971 0.310885 
0.257641 4.019455 0.263312 0.258048 0.258091 4.333507 0.257748 0.257362 
1.683522 0.307631 3.604742 0.307094 0.306799 5.981698 0.313995 0.312019 
0.210660 2.825634 3.652666 0.216758 0.216097 6.132338 0.214063 0.211127 
0.159473 0.161378 5.683562 0.161032 0.160231 4.843074 0.163472 0.191277 
1.725841 0.307505 0.308098 4.352243 0.309758 6.190826 0.306522 0.312349 
0.206471 2.936317 0.210302 4.431285 0.208792 6.270292 0.209874 0.206933 
0.109324 0.109873 3.835333 4.621090 0.110087 6.641264 0.113795 0.115555 
0.061891 0.061894 0.063420 7.296089 0.063805 5.185300 0.062808 0.066628 
1.746528 0.309096 0.309910 0.308320 5.230009 6.192604 0.308106 0.313826 
0.209811 2.920064 0.209750 0.209862 5.399583 6.461769 0.210098 0.212793 
0.110800 0.112190 3.950853 0.112288 5.555631 6.616583 0.114060 0.128105 
0.028209 0.028286 0.028877 4.827503 5.719869 6.775484 0.033305 0.030317 
0.026124 0.026310 0.026335 0.040169 8.964456 5.406744 0.044525 0.027934 
1.425873 0.307028 0.306898 0.306495 0.306563 10.248900 0.310482 0.311983 
0.209666 2.385696 0.209815 0.215338 0.215604 10.278567 0.212404 0.247818 
0.110725 0.110937 3.173297 0.112220 0.113887 10.429760 0.113971 0.122929 
0.024553 0.024822 0.029548 3.764171 0.027634 10.632672 0.046058 0.057077 
0.020343 0.020450 0.025703 0.020417 4.503586 10.746746 0.038650 0.023974 
0.020747 0.020750 0.021324 0.021538 0.020758 12.020746 0.024046 0.026299 
2.255694 0.361912 0.360988 0.363241 0.362596 0.362120 4.834223 0.362024 
1.609856 2.719964 0.309078 0.309036 0.309067 0.309101 6.777335 0.309689 
0.258951 3.996948 0.259262 0.259739 0.259122 0.259209 5.241920 0.259735 
1.690705 0.308894 3.544202 0.308655 0.308644 0.315755 7.036920 0.308245 
0.210188 2.834357 3.653115 0.210480 0.209990 0.214072 7.068793 0.210105 
0.158691 0.160619 5.659324 0.161491 0.159593 0.160966 5.750303 0.170580 
1.744229 0.307282 0.306868 4.261827 0.306876 0.310947 7.143695 0.306704 
0.209600 2.891525 0.210440 4.492971 0.211902 0.215062 7.399673 0.211374 
0.109455 0.109723 3.908827 4.640716 0.122917 0.127732 7.493695 0.112171 
0.067301 0.067301 0.068492 7.290755 0.069388 0.084093 6.084239 0.074995 
1.747240 0.309435 0.308868 0.311677 5.202209 0.314929 7.209803 0.314356 
0.210441 2.961622 0.211588 0.210512 5.320392 0.218282 7.428392 0.237206 
0.116295 0.116824 3.920905 0.116673 5.592738 0.126042 7.758414 0.128494 
0.035904 0.036053 0.037327 4.818933 5.712533 0.053361 7.959114 0.045362 
0.014265 0.014266 0.014301 0.028482 8.971255 0.025594 6.239443 0.014691 
1.741837 0.308009 0.307353 0.306739 0.307252 6.185655 7.237614 0.311193 
0.208846 2.936890 0.210657 0.209636 0.211997 6.436033 7.423097 0.239462 
0.116540 0.116798 3.924558 0.118512 0.117126 6.579011 7.875746 0.120648 
0.031998 0.032062 0.032966 4.833366 0.033589 6.816943 7.952821 0.051456 
0.026902 0.027519 0.031536 0.026764 5.788494 7.012473 8.058417 0.072781 
0.021419 0.021420 0.022075 0.021454 0.021992 10.767954 6.251022 0.026536 
1.411292 0.309597 0.308184 0.308175 0.308470 0.311003 11.985053 0.312286 
0.212081 2.375868 0.212317 0.211347 0.216965 0.215453 11.984409 0.214546 
0.110492 0.110740 3.176370 0.111990 0.110853 0.116737 12.144790 0.112692 
0.019438 0.019492 0.019970 3.770733 0.023070 0.030255 12.384849 0.026093 
0.022917 0.022964 0.024103 0.022926 4.491718 0.025869 12.547211 0.035342 
0.020261 0.020317 0.020607 0.020277 0.020264 5.432695 12.515333 0.025227 
0.017871 0.017985 0.019953 0.017902 0.023671 0.017868 14.017856 0.018516 
2.254698 0.360978 0.360985 0.363290 0.364817 0.360038 0.358772 5.445478 
1.633426 2.661964 0.309571 0.310471 0.310849 0.314127 0.309580 7.738779 
0.260068 4.019557 0.265736 0.260237 0.260608 0.261834 0.259726 5.720351 
1.678474 0.308044 3.563026 0.307410 0.307454 0.311788 0.306996 8.064764 
0.207861 2.823487 3.586163 0.214642 0.210036 0.212704 0.209167 8.292099 
0.160846 0.161216 5.691870 0.160896 0.161532 0.165618 0.164890 6.362065 
1.722039 0.309658 0.308283 4.353029 0.317183 0.308945 0.310413 8.213075 
0.208145 2.887749 0.209818 4.498726 0.210334 0.214343 0.209443 8.421361 
0.110059 0.110146 3.859890 4.639843 0.127318 0.115686 0.110381 8.708359 
0.064574 0.064575 0.066051 7.287732 0.068356 0.085214 0.069652 6.942301 
1.744476 0.310442 0.310405 0.310577 5.224906 0.317788 0.311968 8.213420 
0.209510 2.935446 0.210585 0.209671 5.311702 0.214850 0.213253 8.597684 
0.112441 0.112701 3.918835 0.113378 5.518283 0.120108 0.128707 8.953145 
0.028965 0.029444 0.030222 4.822654 5.697329 0.038685 0.044054 9.074844 
0.026368 0.026369 0.026579 0.029458 8.972952 0.031547 0.030946 7.174348 
1.744209 0.309067 0.309483 0.308753 0.308803 6.187731 0.311103 8.223552 
0.207286 2.923842 0.209090 0.208072 0.210474 6.408251 0.228037 8.547445 
0.107779 0.108397 3.896225 0.107799 0.108874 6.665002 0.125951 8.911136 
0.022986 0.023042 0.023968 4.825509 0.026071 6.813836 0.023960 9.065024 
0.033862 0.033919 0.036647 0.037303 5.817368 6.935163 0.051408 9.290571 
0.025813 0.025813 0.026476 0.025817 0.026361 10.766147 0.029316 7.161973 
1.744319 0.308233 0.307442 0.310786 0.307880 0.313635 7.064641 8.318377 
0.211243 2.948667 0.221186 0.212197 0.211255 0.225730 7.373259 8.519861 
0.114261 0.114348 3.968462 0.114292 0.121909 0.163083 7.636864 8.857655 
0.025952 0.027478 0.029971 4.824751 0.029607 0.036715 7.952130 9.071852 
0.024425 0.025006 0.030964 0.024484 5.808966 0.034325 8.057311 9.300526 
0.031665 0.031803 0.032701 0.031634 0.031648 7.005873 8.100454 9.223607 
0.029011 0.029514 0.031896 0.029068 0.029013 0.034014 12.533273 7.224739 
1.425353 0.309286 0.308016 0.310326 0.309321 0.308740 0.308016 13.577080 
0.210946 2.361995 0.210661 0.211986 0.211037 0.211310 0.211419 13.699180 
0.109764 0.110840 3.132057 0.110977 0.123995 0.113098 0.111804 13.931656 
0.019377 0.020517 0.032555 3.773317 0.025835 0.027924 0.035903 14.148174 
0.025415 0.025421 0.027717 0.028185 4.503892 0.027267 0.035145 14.331136 
0.019715 0.022638 0.022133 0.026986 0.025324 5.375707 0.021004 14.336301 
0.023818 0.024223 0.024163 0.023735 0.026297 0.023779 6.241468 14.359151 
0.020580 0.020716 0.023049 0.022287 0.023262 0.020604 0.020571 16.020566 
2.426397 0.427766 0.433308 0.426660 0.426795 0.427018 0.427847 0.427767 
1.851014 3.007172 0.354648 0.358557 0.354336 0.359728 0.396669 0.354607 
0.317052 4.217431 0.565980 0.813411 1.004203 0.887290 1.163486 1.424227 
1.863308 0.558493 3.926102 0.891949 1.045634 1.342287 1.564260 1.723938 
0.400310 3.185352 4.062362 0.991603 1.088500 1.424351 1.690839 1.826341 
0.265956 0.573163 6.143069 0.789083 0.979406 1.016081 1.131874 1.735934 
1.876353 0.555853 0.915929 5.000930 1.250847 1.340677 1.751476 1.940141 
0.393575 3.253393 0.829698 5.048217 1.172757 1.423158 1.642423 1.891113 
0.203996 0.474593 4.594895 5.371047 1.072784 1.306790 1.539205 1.693861 
0.226793 0.250840 0.226177 8.055025 1.175307 1.428074 1.638146 1.893634 
1.998405 0.485750 1.100873 0.437394 6.292666 1.649920 0.461973 2.101593 
0.418276 3.305855 0.889764 1.037287 6.053997 1.441175 1.713120 1.841475 
0.372459 0.492879 4.593714 1.165465 6.806048 1.441658 1.552330 1.798932 
0.467789 0.754078 0.939177 5.702367 6.717657 1.531922 1.844501 2.140399 
0.386479 0.617935 0.803600 0.923658 9.797856 1.291861 1.518048 1.739258 
2.005148 0.642882 1.102039 1.256261 1.476950 7.463625 1.945972 2.138861 
0.425219 3.296278 0.864176 1.017700 1.239078 7.225752 1.708100 1.900989 
0.445632 0.665836 4.604995 1.011903 1.312982 7.552862 1.762297 1.913616 
0.475552 0.740253 0.957243 5.693370 1.345793 8.040676 1.884967 2.139907 
0.446397 0.735638 0.933778 1.205664 6.816610 8.131787 1.800622 1.892752 
0.380498 0.613069 0.800422 0.939863 1.046627 11.701995 1.450295 1.708888 
1.960017 0.585006 0.833817 1.087809 0.905053 0.666287 7.991439 1.976046 
0.316933 3.411628 1.034636 0.968065 1.033112 1.262333 8.450631 1.760569 
0.495854 0.711637 4.511719 1.068730 1.015502 1.728525 9.282764 1.887364 
0.464466 0.744726 0.940474 5.665169 1.381930 1.613347 9.309769 2.136993 
0.492744 0.756864 0.991797 1.207100 6.891694 1.645363 9.452908 2.114478 
0.460453 0.747730 1.002396 1.164569 1.304353 8.096540 9.360180 2.168604 
0.359847 0.615138 0.806390 1.020797 1.058135 1.358191 13.550783 1.620338 
2.046325 0.471050 0.974200 1.193252 1.229130 1.698829 1.923463 9.744362 
0.415021 3.317853 0.868123 1.031074 1.127283 1.444165 1.681461 9.495123 
0.328889 0.639628 4.493207 0.317730 1.627194 1.568518 2.004246 10.758160 
0.447260 0.743067 0.927785 5.649349 1.348051 1.599498 1.815723 10.633011 
0.427692 0.736847 0.978965 1.132422 6.752833 1.442228 1.832728 10.796861 
0.462996 0.739753 0.988287 1.153630 1.357051 8.084578 1.883570 10.709597 
0.453143 0.733634 0.948316 1.170090 1.364408 1.614237 9.427583 10.742294 
0.396933 0.594794 0.867273 0.906849 1.098147 1.584221 1.539541 15.655648 
