2.517146 1.410633 1.772505 1.021640 0.993319 
2.603219 1.031343 1.704999 1.160188 1.023411 
1.923963 2.570181 1.813674 1.021053 0.994681 
1.918648 2.563812 1.815789 1.029304 0.991929 
1.913693 2.557873 1.817748 1.037000 0.989363 
1.330095 3.779724 1.779597 1.020750 0.998454 
1.329591 3.635491 1.798261 1.091009 0.975013 
1.901907 1.318949 3.759886 1.019960 0.993461 
1.903219 1.319715 3.744595 1.023562 0.992260 
1.304554 2.497632 3.777471 1.021956 0.994101 
1.323617 2.464134 3.774542 1.020541 0.994573 
1.305591 1.122840 5.837488 1.022183 0.992836 
1.286367 1.068702 5.612437 1.150282 0.949983 
2.627058 1.303414 1.043556 1.620634 0.975484 
2.725452 1.007359 1.023530 1.954406 1.009216 
1.918710 2.606294 1.101980 1.510291 0.944083 
1.855289 2.523236 1.142391 1.662041 0.918383 
1.291498 3.847773 1.099654 1.538627 0.944097 
1.264452 3.674760 1.158758 1.618341 0.908565 
1.897810 1.292415 1.883196 1.700586 0.766562 
2.226992 1.978386 1.755005 1.034460 0.989044 
1.273411 2.517855 1.888378 1.711312 0.763074 
1.734934 2.341898 1.877345 1.328945 0.896293 
0.953980 3.535246 1.751667 1.559777 0.813904 
0.966173 3.772823 1.351186 1.562464 0.813020 
1.882945 1.023151 3.710677 1.340905 0.944641 
1.881470 1.026029 3.710635 1.340957 0.944623 
1.272958 1.245585 3.804522 1.708652 0.764679 
1.330710 1.529239 5.105894 1.048764 0.997659 
0.868326 2.293860 3.485130 1.695004 0.768464 
0.837870 2.166055 3.359006 1.839134 0.721358 
1.077298 0.847883 4.988903 1.708443 0.764189 
1.210662 1.028061 6.029919 1.274425 0.985802 
0.784976 1.133106 5.399217 1.722216 0.759559 
0.844998 0.804873 4.614811 2.109236 0.630527 
1.929300 1.265765 1.195429 3.082004 0.830960 
2.390375 1.008272 1.134853 3.080734 0.980997 
2.408152 1.011976 1.146558 2.929198 0.974111 
1.306688 2.565449 1.175124 3.132252 0.846831 
1.178309 2.862556 1.404592 3.092175 0.894047 
0.991201 3.833631 1.040802 3.036029 0.966746 
1.062721 3.624574 1.125479 3.038074 0.964696 
2.092770 1.023918 1.582192 3.004929 0.904089 
2.193021 1.016641 1.563883 2.962387 0.942419 
1.116725 1.097965 1.669627 2.707486 0.431986 
1.425193 1.906078 1.247894 3.375338 0.797422 
0.748048 2.017097 1.644425 2.618263 0.461243 
1.055340 2.965517 1.344933 3.069948 0.841874 
0.559272 1.084045 3.329735 2.717313 0.428741 
0.637651 0.627949 2.959326 2.861869 0.712548 
0.840951 0.736455 4.365281 2.237804 0.587671 
0.852693 0.743870 4.463960 2.186621 0.604733 
1.938829 1.003547 1.045121 4.591332 0.929811 
2.013643 1.022325 1.028113 4.519286 0.958862 
1.237695 1.231227 1.177793 4.576044 0.667184 
1.665014 1.121231 1.087153 4.684549 0.844624 
0.782664 2.055436 1.279280 4.065722 0.601639 
0.796836 2.122905 1.271289 4.020399 0.652875 
0.505316 0.928695 1.626945 3.479988 0.184313 
0.727634 1.382540 1.950451 2.857866 0.404579 
0.527691 0.596524 2.525529 3.295868 0.237658 
0.597691 0.618841 2.841283 3.096619 0.310865 
0.547250 1.012972 0.928511 6.090650 0.426141 
0.413349 0.814395 1.119711 5.135479 0.249807 
0.387239 0.463815 1.629773 4.885942 0.186297 
0.353400 0.447910 1.537726 4.494926 0.674262 
0.267070 0.530746 1.476613 3.973377 0.124160 
0.271874 0.539613 1.474751 3.977182 0.128753 
2.669739 1.401709 1.012368 1.012926 1.558876 
2.707645 1.013989 1.104735 1.051741 1.973079 
2.015047 2.708106 1.011985 1.012092 1.569794 
2.001595 2.688300 1.056630 1.020555 1.569005 
1.387528 3.949046 1.015680 1.018308 1.567748 
1.325306 4.044742 1.022078 1.021088 1.612750 
2.199958 1.490780 2.207228 1.012952 1.692451 
2.344857 1.382657 1.918104 1.045090 1.547137 
1.487932 2.904748 2.246607 1.016649 1.632715 
1.273844 3.165734 2.238997 1.102081 1.601623 
0.998648 4.150999 1.904154 1.021147 1.509614 
1.077162 4.312435 1.465955 1.103433 1.121422 
1.924853 1.000093 3.907344 1.018704 1.433492 
1.916033 0.999765 3.895750 1.031710 1.428885 
1.505447 1.413703 4.416684 1.015837 1.658488 
1.693023 1.288068 4.073840 1.020861 1.579983 
0.999083 2.703793 4.047908 1.015603 1.581886 
0.944361 2.454432 3.821582 1.269557 1.490035 
1.291871 0.996676 5.793360 1.016007 1.475728 
1.210578 1.026715 5.950380 1.026544 1.488931 
0.995760 1.340217 6.157260 1.015585 1.492844 
1.049391 1.482636 5.796059 1.014596 1.476230 
2.335532 1.548174 1.021174 1.799803 1.758994 
2.578435 1.284770 1.029541 1.963910 0.986621 
1.549501 3.118009 1.011912 1.929703 1.708217 
1.270956 3.671009 1.086600 1.479527 1.617097 
0.999697 4.402875 1.009164 1.604003 1.659690 
0.998341 4.497702 1.101690 1.109629 1.644411 
2.242418 1.003925 2.261757 1.689659 1.646007 
2.071310 1.032625 2.045043 1.833223 1.554540 
1.434604 1.560780 2.212738 1.693936 1.601601 
1.096680 1.995758 3.128300 1.727128 1.238104 
0.896357 2.758565 2.116403 1.631225 1.717888 
1.219832 2.965607 2.235373 1.252565 1.561530 
1.258979 0.895886 3.913814 1.656333 1.512833 
1.162985 0.863844 3.640691 1.854787 1.439181 
0.783559 1.407242 4.282273 1.731085 1.606399 
1.040631 1.478593 5.738209 1.044899 1.465436 
0.987838 0.878303 5.668158 1.415328 1.412830 
0.966204 0.971271 5.912199 1.324947 1.381031 
2.210359 1.002518 1.008219 3.535774 1.663517 
2.351245 1.010631 1.030533 3.009723 1.367041 
1.682805 1.750445 1.005312 4.011077 1.847351 
1.324810 0.964765 1.164678 4.207135 1.282499 
0.995194 3.213341 1.008744 3.845902 1.779540 
0.912856 2.514439 1.299376 2.990087 1.799108 
1.126243 0.925722 1.858591 2.718672 1.150449 
1.190082 0.943315 1.875508 2.656218 1.180526 
0.617217 1.147842 1.743322 2.766102 1.330604 
0.943645 0.903695 1.554831 2.683521 1.240703 
0.655328 0.624484 3.016430 2.626333 1.262293 
0.741072 0.663172 3.484659 2.373562 1.360397 
1.194904 0.932879 1.200459 4.130033 1.229281 
0.732224 1.177319 1.110689 4.468942 1.453013 
0.664405 0.964927 0.815961 5.652053 2.692396 
0.393533 0.574107 1.495127 3.325597 1.134562 
0.299018 0.521576 1.434885 3.634283 0.704133 
0.266782 0.530386 1.410154 3.451065 1.148982 
0.263590 0.524093 1.404689 3.458728 1.145985 
0.613520 0.606086 0.925466 5.207743 1.315991 
0.747841 0.672160 0.876181 6.154039 0.820568 
0.249249 0.445779 1.363571 3.732162 1.041295 
0.266342 0.526044 1.393694 3.770479 0.669194 
2.278104 1.450816 1.008599 1.008592 3.409392 
2.058976 1.764767 1.016056 1.026512 3.594470 
1.512256 2.996611 1.003923 1.006024 3.400236 
1.379862 2.647306 1.122987 1.216132 3.297117 
0.999633 4.135213 1.007400 1.011534 3.077524 
1.022695 4.029254 1.068822 1.020064 3.069201 
2.149111 1.002528 2.169661 1.013872 3.208336 
2.165914 1.092663 2.054409 1.019084 3.062137 
1.634175 1.665431 2.491350 1.013596 3.592625 
1.882974 1.157487 2.499073 1.015561 3.591614 
0.997523 3.156230 2.269506 1.013394 3.414645 
1.223450 2.775798 2.162700 1.047335 3.192505 
1.472981 0.996641 4.253226 1.015406 3.122241 
1.473298 0.995636 4.264229 1.032963 3.060173 
0.996420 1.535874 4.617643 1.011407 3.577335 
1.152612 0.990880 4.919970 1.022945 3.569747 
2.316938 1.002396 1.012938 1.719727 3.405027 
2.195138 1.043876 1.195224 1.246968 2.986988 
1.765559 1.756487 1.009571 2.058780 3.799718 
2.123800 1.018061 1.012784 2.062354 3.795394 
0.996401 3.426939 1.007975 1.852665 3.764278 
0.975052 2.999658 1.090493 1.940054 3.540411 
1.318281 0.929543 2.098880 1.701180 2.999937 
1.801489 1.002707 2.347634 1.228841 3.197468 
0.789386 1.497366 2.219985 1.756338 3.331758 
1.128735 2.445805 2.093515 1.252674 3.209727 
0.823921 0.724212 3.729452 1.753323 2.941772 
1.195700 1.023313 4.877321 1.219299 3.025544 
1.150005 0.898540 1.233511 2.905032 2.611206 
1.146829 0.897574 1.233875 2.905820 2.609602 
0.513321 1.094612 1.369384 2.579713 2.363923 
0.475703 0.973653 1.306940 2.473147 2.817981 
0.521651 0.558083 1.826861 2.799694 2.609145 
0.951459 0.854970 1.347370 2.482958 2.540378 
0.355643 0.709217 1.300514 2.876534 2.216515 
0.466373 0.969652 1.361130 2.667501 2.328117 
0.619881 0.588714 0.805424 4.580008 2.921053 
0.824139 0.744229 0.798238 5.429408 3.437751 
0.208943 0.408389 1.208369 3.262425 2.120487 
0.226865 0.440702 1.300390 3.074665 2.163397 
2.233124 1.001302 1.009038 1.007060 4.753397 
2.040025 1.012053 1.064690 1.112550 4.666571 
1.729418 1.686724 1.008137 1.010555 5.535841 
1.720799 1.681026 1.009056 1.016093 5.531148 
0.996934 3.230947 1.006421 1.010273 5.322696 
0.996419 2.996355 1.358741 1.010469 5.322542 
1.626066 0.996731 2.451068 1.013479 5.327928 
1.443409 1.150005 2.566157 1.042067 5.360007 
0.995807 1.792518 2.770749 1.006346 6.008500 
1.373345 1.116228 2.518519 1.095432 5.317052 
0.997309 0.992633 4.484141 1.010033 5.127920 
0.875515 0.991546 3.922177 1.182254 4.999950 
1.502205 0.958380 1.076393 1.810927 4.987870 
1.520296 0.961870 1.075467 1.521859 5.345307 
0.744319 1.635968 1.098277 1.648351 5.140604 
0.676294 1.420583 1.089740 1.714248 5.075647 
0.628420 0.587078 2.152918 1.752332 4.597646 
0.615602 0.630430 1.059750 1.902460 4.766445 
0.558768 0.549508 0.699454 3.473947 4.911589 
0.202417 0.350221 1.082740 2.574574 3.468967 
0.352269 0.566004 1.145011 2.616813 3.136206 
0.221380 0.380167 1.020800 2.981143 2.955563 
0.311559 0.480244 0.929630 3.354837 3.053123 
1.690396 0.994585 1.001736 1.009179 7.323388 
1.638756 0.991021 1.000862 1.011124 7.492188 
0.860357 1.736157 0.975300 1.070612 7.581597 
0.998247 1.655212 1.872779 1.021018 7.767172 
0.801472 0.752401 2.312219 1.110887 7.203649 
1.323407 0.944084 1.581115 1.049759 7.250572 
0.574021 0.572455 0.867520 1.559426 6.149339 
0.603924 0.884496 0.908156 1.518574 6.276185 
0.221726 0.377872 1.005809 1.789305 5.381252 
0.337555 0.407869 1.338566 2.014688 4.593829 
0.179214 0.302444 0.800847 2.315475 4.547314 
0.397601 0.609477 0.673525 2.976185 5.255839 
0.106513 0.183817 0.493917 1.368151 6.733782 
0.427091 0.446551 0.847083 1.234993 6.964429 
0.016873 0.017470 0.019864 0.026388 9.991276 
0.073820 0.121654 0.313513 0.852633 7.990560 
