2.327191 2.344045 1.000193 1.000262 1.000346 1.000441 1.000543 1.000721 1.000972 0.999917 
2.194105 2.212012 1.005364 1.008182 1.011027 1.574460 1.018303 1.020902 1.756511 0.996883 
1.170587 4.656954 1.000333 1.000673 1.000307 1.000409 1.000506 1.000668 1.001438 0.999926 
2.222042 1.000024 3.331295 1.000307 1.000402 1.000528 1.000643 1.000837 1.001136 0.999916 
1.277440 2.567448 3.813590 1.000361 1.000470 1.000592 1.000817 1.001138 1.000936 0.999888 
1.120719 0.999938 6.635764 1.000299 1.000284 1.000375 1.000603 1.000653 1.001420 0.999970 
2.171449 1.000023 1.000090 4.310498 1.000453 1.000588 1.000946 1.000849 1.001232 0.999946 
1.257491 2.503839 1.000168 4.957859 1.000579 1.000739 1.001099 1.001142 1.001146 0.999866 
1.246530 2.460976 1.003662 4.880439 1.028767 1.036151 1.043736 1.051193 1.058591 0.992679 
1.200224 0.999924 3.569489 4.769898 1.000393 1.000529 1.000863 1.000825 1.001615 0.999911 
1.094205 0.999890 0.999898 8.619830 1.000497 1.000651 1.000769 1.001005 1.001240 0.999878 
2.138443 1.000015 1.000114 1.000110 5.304507 1.000458 1.000536 1.000722 1.000951 0.999945 
2.137490 1.000026 1.000172 1.001237 5.302719 1.000864 1.001023 1.001358 1.001307 1.005048 
1.237795 2.466227 1.000051 1.000130 6.142366 1.000459 1.000596 1.000726 1.000696 0.999928 
1.182113 0.999890 3.550938 1.000148 5.833170 1.000990 1.000925 1.001093 1.001277 0.999877 
1.158997 0.999894 0.999915 4.595263 5.707088 1.000704 1.000802 1.001061 1.001046 0.999898 
0.964627 0.978197 0.991182 4.170982 5.199999 1.145018 1.180694 1.214098 1.250235 3.079374 
1.081895 0.999911 0.999914 0.999919 10.587748 1.000505 1.000611 1.000845 1.000810 0.999915 
2.115807 1.000039 1.000068 1.000157 1.000141 6.301660 1.000505 1.000661 1.000876 0.999922 
1.233483 2.452853 1.000052 1.000089 1.000126 7.236863 1.000649 1.000771 1.000981 0.999915 
0.854252 1.724019 1.059899 1.062518 1.162951 5.138889 1.917598 2.211971 2.552159 0.974022 
1.175914 0.999935 3.496501 1.000123 1.000128 6.948458 1.000648 1.000716 1.000682 0.999922 
1.201274 0.996847 3.620085 1.004718 1.086170 5.929683 1.480289 1.027925 1.032053 0.996025 
1.153186 0.999882 0.999915 4.534677 1.000224 6.774113 1.001027 1.001250 1.001169 0.999914 
1.132493 0.998206 0.998352 0.998488 5.573958 6.659395 1.012414 1.014575 1.016604 0.997928 
1.112159 0.990902 0.991557 0.995103 5.119076 6.312966 1.664556 1.070414 1.080917 1.439988 
1.002744 0.962482 0.963369 0.964291 0.965250 11.996002 1.224787 1.268403 1.313913 0.960802 
0.997751 0.997710 0.997795 1.235332 0.998048 12.579842 1.035870 1.016177 1.018691 0.997721 
2.106700 1.000021 1.000091 1.000169 1.000227 1.000299 7.247710 1.000957 1.001038 0.999875 
1.226664 2.439615 1.000049 1.000087 1.000118 1.000176 8.371225 1.000732 1.000706 0.999918 
1.224489 2.425805 1.027298 1.000086 1.000118 1.000176 8.371232 1.000726 1.000700 0.999919 
1.171910 0.999922 3.466139 1.000100 1.000202 1.000193 8.038650 1.000834 1.000814 0.999915 
0.821904 0.947713 2.515528 1.165211 1.185565 1.304942 6.024824 2.141376 2.459510 1.056553 
1.146821 0.999934 0.999938 4.507744 1.000136 1.000190 7.830830 1.000615 1.000743 0.999914 
0.865316 0.873918 1.015733 3.900400 1.160508 1.244650 6.332573 1.860968 2.067218 1.106269 
1.050683 0.960867 0.963085 0.965398 5.301839 1.085421 7.421307 1.295600 1.346349 0.956713 
1.052424 0.999904 0.999905 1.001932 5.873419 1.000224 7.803638 1.000888 1.000860 0.999895 
0.977777 0.916354 0.920025 0.923983 0.928319 6.087957 7.065588 1.597964 1.720335 0.910232 
0.981768 0.928086 0.930685 0.933483 0.936497 0.939754 13.375561 1.512581 1.612514 0.923635 
2.091807 1.000011 1.000112 1.000113 1.000158 1.000213 1.000356 8.261004 1.001070 0.999919 
2.076119 1.003755 1.001674 1.003036 1.004447 1.005871 1.007387 8.240110 1.048724 0.997418 
1.225426 2.414576 1.000080 1.000128 1.000120 1.000161 1.000287 9.534469 1.000708 0.999942 
1.159391 0.999961 3.479502 1.000137 1.000128 1.000189 1.000289 9.109405 1.000713 0.999939 
1.105702 0.982955 0.984231 4.399566 1.028886 1.039142 1.049649 8.729727 1.156377 0.980489 
0.969374 0.909700 0.913608 0.917907 5.031046 1.179272 1.241849 8.148125 1.776682 0.902920 
0.947561 0.950523 0.918708 0.923762 4.960456 1.740817 1.262170 7.702681 1.720453 0.910769 
0.910810 0.863715 0.869230 0.875292 0.882360 5.856603 1.352528 7.852908 2.160520 0.855246 
0.880562 0.832345 0.840019 0.849093 0.859762 0.872273 6.824843 7.753372 2.436015 0.820528 
0.930512 0.856924 0.866546 0.877693 0.890679 0.905431 0.922476 14.408086 2.266944 0.841638 
2.200412 1.000014 1.000056 1.000100 1.000124 1.000163 1.000364 1.000399 8.192830 0.999996 
2.124743 1.035794 1.008297 1.014903 1.021563 1.028311 1.035242 1.042186 8.201720 0.988982 
1.288297 2.551601 1.000061 1.000130 1.000170 1.000228 1.000387 1.000413 9.418429 0.999907 
0.987199 2.884240 1.049943 1.104500 1.060371 1.081229 1.103428 1.126288 8.814855 0.980332 
1.235265 0.999920 3.675793 1.000140 1.000190 1.000260 1.000407 1.000452 8.850858 0.999897 
1.081436 0.938451 0.945020 4.350422 1.121305 1.169136 1.220290 1.275090 8.238729 0.926679 
0.847112 0.794735 0.806794 0.821602 4.708505 1.443552 1.652067 1.902474 7.413896 0.777207 
0.771027 0.723297 0.743693 0.770558 0.805469 5.415386 1.860218 2.264008 7.068740 0.697026 
0.726859 0.676793 0.710249 0.756171 0.819093 0.904026 6.283115 2.503841 7.037335 0.673029 
0.878474 0.963934 0.884641 0.888675 0.895132 0.898454 6.474399 1.334660 10.598037 0.875277 
0.821963 0.743506 0.779005 0.834931 0.922747 1.050877 1.144991 7.649386 7.090472 0.700955 
0.261935 0.264074 0.331620 0.526024 0.589414 0.949608 3.657740 3.990702 7.004310 0.256351 
0.886433 0.776605 0.814548 0.863302 0.925659 1.058632 1.111777 1.254090 14.512856 0.725557 
0.058743 0.068474 0.106402 0.179486 0.356517 0.749217 1.601899 4.184205 8.778329 0.517763 
2.548026 1.000045 1.000179 1.000175 1.000303 1.000271 1.000348 1.000486 1.000439 5.513738 
1.487431 2.968956 1.000186 1.000246 1.000256 1.000351 1.000437 1.000580 1.001164 6.273152 
1.434364 0.999944 4.186693 1.000538 1.000281 1.000373 1.000578 1.000618 1.000666 6.026525 
1.082771 0.984219 4.855706 1.032083 1.119975 1.138309 1.072983 1.086797 1.100842 6.009067 
0.930668 1.929735 2.963092 1.149410 1.225587 1.309014 1.399896 1.498794 1.606502 4.509141 
1.384904 0.999963 0.999978 5.498050 1.000181 1.000232 1.000302 1.000435 1.000376 5.902110 
0.934029 1.918412 0.984852 3.939991 1.218603 1.297774 1.385775 1.476637 1.577414 4.413367 
0.975804 2.251393 1.090273 4.015324 1.115339 1.149882 1.220608 1.225273 1.290991 4.529104 
0.952275 0.991124 2.950491 3.916191 1.236826 1.172725 1.249772 1.262034 1.309434 4.522226 
1.371551 0.999985 0.999978 1.000005 6.735762 1.000257 1.000406 1.002229 1.000371 5.807088 
1.371531 0.999974 0.999970 1.000001 6.735707 1.000316 1.000478 1.001920 1.000469 5.807071 
0.942207 1.926629 0.985802 1.010539 5.130327 1.266848 1.340796 1.422225 1.505827 4.384652 
0.958586 0.993639 3.082444 1.020978 4.863714 1.153925 1.191442 1.230306 1.270866 4.377854 
0.977080 0.978614 1.022488 3.962404 5.008215 1.086423 1.106104 1.126106 1.146623 4.550767 
1.352261 0.999855 0.999907 1.000190 0.999996 8.023362 1.001023 1.001398 1.001544 5.760820 
1.016462 0.935456 0.938829 2.878764 1.036263 5.937207 1.300770 1.370186 1.714143 4.590418 
0.935542 1.923628 0.985112 1.013770 1.044962 5.888633 1.372782 1.463145 1.559993 4.502224 
1.225359 0.955506 0.965895 0.977058 0.988710 1.001137 8.741052 1.317891 1.379200 5.426127 
1.224944 0.956793 0.966709 0.977350 1.010201 1.001052 8.763554 1.307764 1.370890 5.428206 
0.923174 1.904450 0.983588 1.019537 1.059242 1.102913 6.693193 1.555720 1.677317 4.311801 
1.071392 0.880544 0.905763 0.935012 0.968854 1.007860 1.052650 9.418455 1.972924 5.059456 
1.174711 0.930649 0.946663 0.964194 0.983416 1.004478 1.027411 9.983908 1.592376 5.121826 
0.923877 1.893629 0.982660 1.017611 1.056420 1.098602 1.145230 8.035771 1.672338 4.247926 
0.834805 0.725284 0.796962 0.896117 1.031457 1.213466 1.488139 1.788043 8.277853 4.197770 
1.453878 0.993501 0.994019 2.473933 1.026767 1.037324 1.048213 1.059143 7.601874 4.573414 
0.899942 1.915213 0.988057 1.045318 1.106565 1.178062 1.258825 1.372273 7.722570 4.445725 
0.896919 0.968751 2.960232 1.056509 1.116288 1.167252 1.228102 1.300140 7.182717 4.349475 
0.920415 0.924024 1.008651 3.932463 1.083382 1.123863 1.167588 1.214659 7.390589 4.500556 
0.172573 0.183205 0.226351 0.350265 0.452854 0.755509 1.344588 4.688168 6.397106 3.553484 
0.384197 0.382890 0.524846 0.520186 0.647002 0.872445 1.208821 6.566177 5.365029 3.262671 
0.141665 0.146055 0.188774 0.303854 0.424810 0.755990 1.409115 2.702850 8.855243 3.030288 
1.714784 0.999982 1.000007 1.000036 1.000065 1.000113 1.000143 1.000203 1.000225 13.848697 
0.921471 2.187238 1.015728 1.070635 1.136040 1.204838 1.284425 1.371565 1.469075 10.063132 
0.939585 0.949286 1.007805 4.489623 1.082383 1.116346 1.152288 1.190325 1.230790 10.262941 
0.964887 0.965879 0.964928 1.040611 5.785278 1.070383 1.090152 1.110675 1.132185 10.406536 
0.882950 0.888223 0.883492 1.058085 0.897703 0.926487 0.907725 8.648009 1.461014 9.925441 
0.096151 0.102818 0.129043 0.201009 0.301782 0.553593 1.080526 2.161807 6.249477 7.552607 
0.014644 0.014651 0.014676 0.014746 0.014912 0.015269 0.016097 0.018107 0.022144 19.997739 
2.642698 1.000090 1.000285 1.000299 1.099991 1.209875 1.550548 1.824745 1.683085 1.441094 
1.510295 3.021106 1.010660 1.016927 1.140639 1.506395 1.592131 1.962127 1.761243 1.458535 
1.417949 0.970372 4.176542 1.129754 1.183772 1.240859 1.479714 1.698140 1.604948 1.353345 
0.928792 1.943526 2.995280 1.158995 1.251828 1.329268 1.426268 1.532095 1.647266 4.025615 
1.350432 0.958460 0.976774 5.413786 1.230876 1.306571 1.485706 1.716340 1.582069 1.360030 
0.916686 1.889689 0.982717 3.767960 1.273787 1.379455 1.498463 1.626504 1.768354 3.661285 
0.910955 0.973359 2.830737 3.603669 1.231864 1.314043 1.438254 1.503722 1.723305 3.694995 
1.325526 0.949736 0.971678 0.995519 6.654568 1.363680 1.463405 1.644042 1.692380 1.350828 
0.904384 1.814229 0.975448 1.019166 4.686309 1.424448 1.556410 1.707783 1.885486 3.426000 
0.919096 1.892501 0.982833 1.020956 4.859898 1.380286 1.495661 1.617416 1.756908 3.443623 
0.882715 0.956617 2.642608 1.041083 4.462648 1.410730 1.538804 1.680687 1.838290 3.135018 
0.890232 0.922939 0.955018 3.532975 4.518741 1.391230 1.510633 1.639201 1.782412 2.969069 
1.336264 0.953559 0.973820 0.996173 1.121950 8.039335 1.435848 1.677518 1.650519 1.356721 
1.335351 0.960100 0.974311 1.008148 1.121919 8.068263 1.426350 1.665476 1.634756 1.358741 
0.898118 1.806128 0.974757 1.022778 1.120610 5.665193 1.600282 1.767031 1.954584 3.119192 
0.814812 0.913500 2.447800 1.063886 1.161035 5.181554 1.900706 2.181440 2.511273 0.979052 
0.805354 0.816490 0.979630 3.201048 1.163945 5.103417 1.904879 2.198074 2.541783 1.038977 
0.774517 0.776205 0.798758 1.054888 3.889811 4.820811 1.999769 2.352987 2.776131 1.058769 
1.342178 0.951194 0.974077 0.998972 1.032137 1.226733 9.297147 1.688167 1.692779 1.380867 
0.892948 1.783031 0.973840 1.023128 1.082447 1.146809 6.917377 1.812271 2.011567 2.978581 
0.806497 0.908165 2.419037 1.066095 1.169282 1.292033 6.239344 2.217549 2.571001 1.078940 
0.808621 0.934995 2.423779 1.157646 1.190367 1.319121 5.939221 2.217075 2.569297 1.042639 
0.768632 0.785759 0.963928 3.066925 1.196076 1.348997 5.733592 2.392669 2.835907 1.008851 
0.738521 0.741001 0.769204 1.051830 3.727575 1.359850 5.606217 2.529298 3.056480 1.052927 
0.710111 0.711386 0.724390 0.839937 1.063556 4.555142 5.503242 2.656217 3.270871 1.087559 
1.325861 0.950106 0.971794 0.995413 1.056096 1.306492 1.517707 10.648844 1.689177 1.327725 
0.864280 1.747695 0.971754 1.043656 1.133183 1.237128 1.346427 7.152482 2.296878 2.972880 
0.767557 0.882560 2.296429 1.078304 1.212796 1.377972 1.580126 6.871848 2.901384 1.001771 
0.737376 0.755900 0.949736 2.909797 1.212441 1.394761 1.621567 6.794398 3.085833 0.971517 
0.807648 0.820205 1.010359 3.409453 1.306486 1.336410 1.490540 6.720770 2.490693 1.427842 
0.691445 0.695394 0.733201 1.038872 3.522485 1.425465 1.704318 6.505170 3.426833 1.013405 
0.658116 0.660149 0.677689 0.812492 1.065751 4.358410 1.734095 6.468928 3.676167 1.053210 
0.684658 0.693489 0.687028 0.831612 1.078099 4.574395 1.697983 6.557811 3.474115 1.079040 
0.620635 0.621376 0.627207 0.664572 0.913836 1.155748 5.451565 6.471401 3.957118 1.081965 
0.629698 0.630826 0.639403 0.699294 1.032442 1.236595 1.329444 11.108314 3.930106 0.831036 
1.368686 0.941166 0.980202 1.024039 1.106722 1.355730 1.478065 1.664827 10.264881 1.367616 
0.840257 1.692026 0.970017 1.071509 1.195994 1.316235 1.528074 1.684761 7.555316 2.880955 
0.901293 2.050245 1.008630 1.078887 1.159538 1.251568 1.408328 1.481007 7.512494 2.947926 
0.722016 0.849462 2.153917 1.092240 1.268149 1.493276 1.782556 2.140341 7.196825 1.177525 
0.606789 0.639254 0.877662 2.393144 1.304458 1.650711 2.129641 2.781051 5.867458 1.063134 
0.528116 0.541271 0.624046 0.909323 2.759449 1.618524 2.197317 3.029714 6.150803 1.078399 
0.469172 0.476404 0.518909 0.726819 0.972471 3.581619 2.267968 3.272213 6.048079 1.102590 
0.410994 0.420727 0.470781 0.648567 0.824351 1.001971 4.783549 3.422104 6.380637 1.038262 
0.278817 0.289686 0.339513 0.505935 0.718929 0.893374 1.408193 6.525607 6.569662 1.000994 
0.291109 0.302361 0.351568 0.520705 0.734464 0.891271 1.391574 2.239328 11.395098 1.100419 
1.604284 0.972743 1.025517 1.083124 1.198020 1.527019 1.815001 2.019196 1.778991 6.843555 
0.912888 2.442541 1.062081 1.157664 1.267727 1.393942 1.538424 1.702776 1.889761 5.735875 
0.831693 0.967595 3.267890 1.167557 1.294379 1.442344 1.614405 1.813902 2.044245 5.354777 
0.797895 0.814346 1.046374 4.076781 1.312858 1.486135 1.691693 1.935185 2.222522 5.202556 
0.756735 0.759745 0.792815 1.156571 4.860964 1.534366 1.789892 2.101905 2.479080 5.038621 
0.705522 0.707241 0.724387 0.877673 1.174402 5.715308 1.889868 2.293086 2.799958 4.907909 
0.652418 0.653247 0.664262 0.746602 0.991233 1.196395 6.862001 2.462238 3.117451 4.906717 
0.568243 0.569504 0.577655 0.628427 0.902700 1.081772 1.203892 8.194695 3.583272 5.057238 
0.296952 0.310534 0.371606 0.587217 0.623646 0.888790 1.370679 2.200513 8.142086 4.831951 
0.442826 0.454702 0.518739 0.764433 0.979467 1.131991 1.368373 1.913713 2.742605 11.303501 
