2.308280 2.367525 1.002750 1.004607 1.004463 1.005729 1.006500 1.001452 
2.260891 2.317988 1.002583 1.004390 1.004248 1.005471 1.006203 1.580699 
1.147941 4.686441 1.002555 1.006729 1.004785 1.006117 1.007079 1.001391 
0.990149 4.163560 1.097513 1.312759 1.240981 1.306269 1.368321 0.984886 
2.178997 1.000471 3.438004 1.006913 1.004900 1.007071 1.007380 0.998983 
2.046108 1.000611 3.665662 1.023041 1.150307 1.034015 1.040914 0.993375 
1.277434 2.506620 3.859806 1.009819 1.010966 1.013242 1.015970 0.999136 
0.952511 2.233486 3.981887 1.191196 1.270638 1.383604 1.529646 0.925067 
1.101509 0.997937 6.654495 1.009070 1.010814 1.012126 1.014352 0.999390 
0.961301 1.032317 6.147403 1.290580 1.164827 1.198796 1.240989 1.183529 
2.182944 1.000325 1.001289 4.233476 1.006873 1.008218 1.009316 0.998930 
2.023302 1.012890 1.026698 4.037648 1.152965 1.202079 1.239822 0.960598 
1.219437 2.499663 1.001212 5.070136 1.010553 1.012659 1.014840 0.998241 
1.204285 0.997895 3.680673 4.556694 1.011414 1.013917 1.016195 0.998921 
0.991109 1.099852 3.295195 5.553165 1.043894 1.054561 1.065281 0.990820 
1.090720 0.997267 0.997482 8.582900 1.012800 1.015380 1.018199 0.998678 
0.956500 0.958231 1.074973 8.175411 1.162235 1.212055 1.257776 1.180536 
2.135286 1.000688 1.002435 1.004559 5.244153 1.015714 1.018940 0.997982 
2.065894 1.000172 1.012984 1.002613 5.597436 1.011303 1.013357 0.999556 
1.262855 2.448478 1.001342 1.001755 6.022253 1.013189 1.009118 1.000105 
1.032728 1.767911 1.022955 1.115800 4.991455 1.800045 2.069339 0.823368 
1.200823 0.998199 3.507500 1.006334 5.758694 1.012632 1.015218 0.998543 
1.181447 0.991190 3.337297 1.014152 5.962065 1.055517 1.067107 0.989894 
1.163271 0.996838 0.997158 4.555340 5.667239 1.019545 1.024683 0.996670 
1.030594 0.996969 1.363480 4.311732 5.345654 1.848710 1.020406 0.997294 
1.051383 0.974379 0.975597 0.976750 10.281758 1.137088 1.167228 0.972332 
1.099734 0.997984 0.999213 0.998228 10.459827 1.011829 1.014008 0.999447 
2.122986 1.000596 1.002341 1.003354 1.004611 6.193513 1.015099 0.997548 
2.025390 1.048047 1.090481 1.100241 1.014956 6.172178 1.050251 1.007144 
1.220863 2.438658 1.000803 1.002724 1.002974 7.309738 1.011444 0.998871 
0.994930 2.814997 1.005214 1.012987 1.018197 7.258958 1.079522 0.987524 
1.171326 0.998352 3.510256 1.003388 1.003199 6.904624 1.012497 0.998122 
1.044147 0.900966 2.821694 1.090952 1.159291 6.322399 1.701590 1.239508 
1.139370 0.981604 0.983399 4.406593 1.035093 6.642862 1.132463 0.978361 
1.080261 0.933102 0.940620 4.062688 1.120883 6.433297 1.482655 0.919993 
1.031383 0.921072 0.927774 0.934877 5.249029 6.318821 1.542950 0.909556 
0.966183 0.921298 1.160009 0.939947 5.259206 6.380739 1.497822 0.917095 
0.974102 0.900937 0.906712 0.912848 0.919606 11.619152 1.651438 0.891500 
0.935513 1.045667 0.940593 0.941661 0.944103 12.137881 1.401657 0.933132 
2.276344 1.000936 1.004832 1.004283 1.005952 1.007954 5.977533 0.997707 
2.058443 1.028927 1.056624 1.135046 1.155665 1.210028 5.418152 0.934329 
1.329617 2.625308 1.002066 1.003343 1.004561 1.007701 6.932366 0.999870 
1.005287 3.496102 1.020068 1.032695 1.046322 1.070131 5.609776 0.982570 
1.264562 0.995945 3.808713 1.007965 1.011458 1.014936 6.458281 0.996393 
1.231490 0.976731 3.634907 1.043053 1.063176 1.084022 6.472522 0.970220 
0.946380 1.901422 2.963055 1.106022 1.157142 1.215083 5.666363 0.942197 
0.993130 1.973356 3.279665 1.017622 1.024909 1.032629 6.012279 0.989021 
1.018308 0.858561 0.884405 4.193440 1.359795 1.532362 5.633680 0.818892 
0.998214 0.888119 0.883676 3.982484 1.315428 1.702661 5.433957 1.464605 
0.884939 0.772337 0.813952 0.867415 5.038878 1.835730 5.498492 0.718893 
1.040293 0.885955 0.903190 0.922644 6.127045 1.445856 5.202895 0.860105 
0.707754 0.639410 0.756451 0.936352 1.206530 5.513166 4.617175 0.602306 
0.843126 0.722161 0.824680 0.970116 1.173985 5.973887 4.235208 0.688559 
0.478559 0.470760 0.512983 0.937515 3.174716 4.401844 4.404170 0.455471 
0.576115 0.559837 0.588630 0.998952 3.709981 4.694651 3.816491 0.553652 
0.803643 0.701902 0.790664 0.917473 1.095572 1.343142 10.246122 0.621141 
1.039934 0.942517 1.502414 0.985000 1.016307 1.055031 11.483934 0.893295 
0.080464 0.119440 0.236145 0.527894 1.193831 3.222981 6.524030 0.560664 
0.181221 0.234662 0.318655 0.543835 1.008434 3.414606 6.970499 0.765514 
2.524304 1.001539 1.003034 1.005132 1.007173 1.009127 1.010543 4.695053 
2.449437 1.006653 1.016886 1.027021 1.037645 1.048319 1.058604 4.795145 
1.472805 2.949952 1.001946 1.003454 1.004312 1.006980 1.007006 5.346320 
1.461384 3.047560 1.123754 1.004993 1.006982 1.008883 1.010246 4.695121 
1.415285 0.998792 4.184993 1.004736 1.006152 1.009269 1.010265 5.097465 
1.444497 0.962964 3.194874 1.177871 1.264302 1.357903 1.460822 3.833414 
0.936554 2.019919 3.234236 1.167764 1.247473 1.333804 1.426922 3.838773 
0.940798 2.037498 3.275388 1.159430 1.233838 1.314001 1.400000 3.844479 
1.379736 0.998145 0.998535 5.420532 1.011174 1.012308 1.014803 5.005462 
1.570963 0.983609 0.999615 4.289364 1.155386 1.206108 1.255038 3.928553 
0.932070 2.031113 0.993661 4.016918 1.260678 1.355778 1.455310 3.885889 
0.941587 2.079643 0.995927 4.096418 1.230962 1.312405 1.395862 3.898519 
1.364492 0.997626 0.998374 0.999187 6.652647 1.013430 1.016330 4.936281 
1.211245 0.950145 0.961602 0.973811 6.449341 1.241058 1.308748 4.738073 
0.943001 2.075891 0.995606 1.082785 5.042364 1.310080 1.384637 3.897125 
0.943746 2.079744 0.995771 1.082653 5.048073 1.306615 1.379950 3.898123 
1.243034 0.947980 0.962781 0.978583 0.995557 7.510628 1.341785 4.642461 
1.148468 0.957929 0.964031 1.543677 0.996347 7.681374 1.232105 4.667547 
1.085353 0.841914 0.920474 1.020607 1.147089 1.305730 6.427175 4.495409 
1.477455 0.985045 2.025839 1.025284 1.039801 1.054527 5.887296 4.054546 
0.903972 2.047370 1.007952 1.076885 1.197910 1.253139 5.909882 3.929269 
0.960254 2.398103 1.014043 1.048316 1.130714 1.128667 5.932537 4.004703 
0.214628 0.259030 0.430704 0.568943 0.980974 3.638112 4.781796 3.223163 
0.354511 0.415414 0.668027 0.692456 0.996312 4.398845 4.102064 3.421953 
0.145888 0.184779 0.336162 0.525388 1.024959 2.055096 6.662330 2.778022 
0.328172 0.332697 0.594789 0.640316 0.969714 1.548512 7.826996 2.948588 
1.687441 0.998377 1.000795 1.002313 1.004600 1.005989 1.008041 11.359103 
1.394163 0.954095 0.982472 1.012695 1.276320 1.095762 1.138545 11.270019 
0.927696 2.312578 1.037795 1.084100 1.149681 1.225644 1.305523 8.636069 
0.952354 2.501611 1.038685 1.066380 1.111304 1.162981 1.212367 8.716631 
0.965165 0.998152 3.711399 1.031958 1.050086 1.085351 1.088877 8.928175 
0.981266 1.000375 3.825560 1.017893 1.027370 1.053624 1.047210 8.996793 
0.098170 0.126378 0.194866 0.368790 0.754282 1.586287 4.527449 6.630380 
0.284634 0.330683 0.356697 0.626932 0.769772 1.223006 5.489899 6.818258 
0.033597 0.033604 0.033634 0.033710 0.033892 0.034269 0.035125 16.029958 
0.126763 0.127679 0.132516 0.146243 0.177957 0.224110 0.330962 15.588215 
2.650863 1.003304 1.007420 1.094180 1.313735 1.551824 1.626789 1.514002 
1.485375 2.940828 1.068164 1.163758 1.435556 1.773979 1.483486 1.476279 
1.442645 4.014679 1.012107 1.057257 1.025094 1.030885 1.036898 0.996478 
1.000135 4.474454 1.013958 1.018981 1.025757 1.202892 1.041117 2.503969 
1.000254 4.522321 1.014040 1.019015 1.025997 1.032914 1.040336 2.541155 
1.411591 0.965874 4.267512 1.157984 1.359096 1.646285 1.393362 1.456005 
0.901722 1.976472 3.335238 1.292722 1.440091 1.611425 1.800660 1.574379 
0.963253 2.162282 3.489797 1.112109 1.161432 1.208125 1.260490 3.760497 
1.389994 0.959713 0.981261 5.482080 1.374540 1.631520 1.456058 1.449126 
0.893080 1.984557 1.000622 4.251572 1.483358 1.674786 1.893470 1.355397 
0.949575 2.125703 0.997775 4.176220 1.205924 1.276424 1.347474 3.861217 
0.846273 0.950846 2.907219 3.965973 1.499580 1.699361 1.927947 1.171479 
0.847267 1.035358 2.914906 3.772910 1.516056 1.723146 1.961432 1.011014 
0.905423 0.912432 1.136411 7.395937 1.329757 1.443071 1.560675 1.129207 
0.941334 0.939815 1.101583 7.767654 1.214257 1.282484 1.348682 1.473890 
1.398144 0.959170 0.982372 1.025447 6.858929 1.641491 1.472730 1.425777 
0.873742 1.942008 1.004603 1.091955 5.072889 1.786117 2.061324 1.286158 
0.866606 1.912417 1.002961 1.095647 5.044967 1.835859 2.124031 1.165267 
0.822484 0.939141 2.822572 1.114395 4.822662 1.795107 2.074158 1.175627 
0.823850 0.940021 2.830144 1.113931 4.830053 1.789506 2.065555 1.178868 
0.778507 0.794497 1.007897 3.538320 4.613703 1.937521 2.300467 1.138565 
0.874474 0.900844 1.455249 3.390726 5.118642 1.692067 1.739618 1.284832 
0.847842 0.847145 0.879863 1.322971 8.682387 1.691451 1.914369 0.917580 
0.864964 0.944211 1.058058 0.894651 8.866248 1.637870 1.836440 0.925693 
1.393582 0.959055 0.981642 1.094414 1.289358 8.241048 1.470251 1.451986 
0.873866 1.970073 1.010267 1.101249 1.209216 6.296659 2.075539 1.248634 
0.980848 2.658938 1.011762 1.027430 1.207593 5.988728 1.186924 2.476652 
0.785547 0.917942 2.674998 1.135712 1.280847 5.753267 2.301854 1.174463 
0.864239 0.812709 2.781538 1.131448 1.261467 5.823683 2.186287 1.192689 
0.732183 0.754883 1.002860 3.420430 1.336463 5.447951 2.569419 1.146981 
0.801241 0.823919 1.137317 3.674391 1.269341 5.687992 2.164148 1.216623 
0.695585 0.702107 0.764999 1.117178 4.375130 5.355633 2.768772 1.157002 
0.793946 0.787000 1.042551 0.831279 5.179636 5.303910 2.255811 1.180766 
0.724870 0.728828 0.769219 1.100132 1.328225 9.441562 2.609664 1.089444 
0.800776 0.776835 0.782692 0.790890 1.724362 9.939057 2.393916 0.770267 
1.334582 0.918082 1.013933 1.144333 1.280147 1.643799 6.892057 1.425229 
1.958077 1.021453 1.051005 1.127520 1.151795 1.207578 6.071945 0.928289 
0.687331 1.382478 0.984911 1.262767 1.658809 2.219144 4.934908 1.192268 
0.725909 1.570563 1.045655 1.331855 1.755670 2.786158 3.910899 0.705681 
0.628038 0.817400 2.227873 1.276308 1.655508 2.182228 4.896642 1.126490 
0.984654 1.941014 3.220472 1.033880 1.048601 1.063992 6.023361 0.977926 
0.561935 0.613069 0.952911 2.948170 1.663686 2.269717 4.998400 1.234984 
0.606673 0.781516 0.682928 3.060520 1.748478 2.219269 4.915973 1.259456 
0.420563 0.460496 0.655952 1.040269 3.696473 2.751643 4.553731 1.090721 
0.917624 0.913960 1.159102 0.931755 6.913362 1.263714 5.467868 0.916056 
0.322495 0.369070 0.577452 0.872833 1.053576 5.150820 4.916973 1.129212 
0.634307 0.594871 0.659061 1.550505 2.575592 4.709394 3.802758 0.534494 
0.319256 0.367544 0.582070 0.844668 1.056714 1.689932 8.928188 1.142574 
0.351612 0.442310 0.466152 0.853542 1.034725 1.680411 9.068488 1.155071 
1.601041 0.971727 1.044008 1.313794 1.541130 1.841601 1.592505 5.822131 
0.904207 2.506296 1.093991 1.219189 1.366885 1.540008 1.742251 5.022960 
0.807510 0.977209 3.459829 1.243486 1.417300 1.625044 1.871536 4.681698 
0.822567 0.759002 2.820997 1.247028 1.482744 1.780688 2.172230 4.872185 
0.751658 0.777573 1.083546 4.304207 1.476567 1.748752 2.080070 4.606804 
0.707894 0.722541 0.863203 1.109182 5.420422 1.847002 2.265718 4.563322 
0.986614 0.969762 1.996996 0.991909 6.446595 1.106390 1.131748 4.909290 
0.632215 0.640617 0.711676 0.927243 1.240111 6.644206 2.581246 4.553110 
0.863333 1.361296 1.947223 1.067173 1.148395 5.215598 1.750842 3.801824 
0.356339 0.405216 0.619992 0.933330 1.054119 1.625663 6.179643 4.492541 
0.471168 0.523494 0.787096 1.053662 1.232025 1.538788 2.110176 9.481499 
0.520827 0.600321 1.082150 0.841503 1.063452 3.067463 2.615484 7.066675 
