2.339792 2.317481 1.000368 1.000529 1.000687 1.000865 1.001008 1.001315 1.001352 0.999862 
2.116149 2.105957 1.067459 1.106568 1.147296 1.189573 1.233597 1.279485 1.326906 0.963505 
1.172803 4.649522 1.000512 1.000797 1.001432 1.001729 1.001538 1.001924 1.002664 0.999875 
1.149243 4.119788 1.060450 1.094867 1.130823 1.167736 1.205478 1.245074 1.286380 0.964367 
2.229161 1.000042 3.308491 1.000519 1.000681 1.000824 1.001010 1.001143 1.001501 0.999868 
1.303849 2.530417 3.787186 1.000676 1.000884 1.001783 1.001320 1.001660 1.002009 0.999906 
0.931791 1.991818 3.041688 1.162637 1.295556 1.335345 1.432475 1.537965 1.654379 3.536589 
1.133624 0.999853 6.594511 1.000846 1.000776 1.000965 1.001245 1.001583 1.001544 0.999888 
2.169884 1.000053 1.000127 4.315346 1.000564 1.000720 1.000965 1.001026 1.001140 1.001720 
1.273720 2.478302 1.000122 4.944412 1.000560 1.000708 1.000930 1.000962 1.001084 0.999882 
1.085657 1.843446 1.010626 3.856709 1.341947 1.468366 1.608857 1.764464 2.016877 0.882332 
1.203119 0.999850 3.576082 4.746975 1.001042 1.000976 1.001626 1.001368 1.001703 0.999834 
1.110169 0.999893 0.999894 8.555901 1.000515 1.000686 1.000811 1.001016 1.001055 0.999921 
2.144564 1.000052 1.000196 1.000345 5.269530 1.001045 1.001411 1.001561 1.001733 0.999825 
2.131531 1.000376 1.001891 1.003354 5.245780 1.013005 1.015637 1.018364 1.020968 1.009751 
1.259442 2.455408 1.000091 1.000243 6.057864 1.000931 1.001210 1.001393 1.001595 0.999852 
1.187059 0.999767 3.541671 1.000383 5.819201 1.001616 1.001853 1.002152 1.002400 0.999740 
1.171183 0.999789 0.999802 4.548031 5.700841 1.001525 1.001715 1.002354 1.002215 0.999850 
1.075340 0.999840 0.999847 0.999853 10.618384 1.000902 1.001177 1.001326 1.001549 0.999860 
2.115051 1.000022 1.000128 1.000301 1.000328 6.302304 1.001229 1.001414 1.001492 0.999851 
2.095972 1.000393 1.002406 1.004512 1.006481 6.283778 1.022010 1.025688 1.029327 0.996372 
1.229759 2.461136 1.000093 1.000201 1.000202 7.232548 1.000969 1.000991 1.001171 0.999891 
0.919015 1.693617 0.965300 0.998319 1.028224 7.715885 1.555322 1.681891 1.830535 1.496581 
1.179064 0.999862 3.478323 1.000191 1.000276 6.962611 1.001050 1.001628 1.001607 0.999852 
1.171578 0.992659 3.451015 1.009094 1.040596 6.735248 1.053285 1.062557 1.072003 0.991052 
1.154483 0.999835 0.999853 4.501938 1.000329 6.813699 1.001220 1.001678 1.001786 0.999808 
0.941439 0.952589 1.008555 4.414320 1.077025 6.075664 1.319083 1.385841 1.553792 1.369253 
1.133427 0.999313 0.999368 0.999421 5.590505 6.669031 1.004771 1.005556 1.006360 0.999237 
1.140787 0.999498 0.999541 0.999582 5.562758 6.663845 1.003522 1.004098 1.004692 0.999446 
1.016334 0.971401 0.972140 0.972900 0.973683 12.142202 1.173929 1.206604 1.240117 0.970038 
2.092965 1.000077 1.000392 1.000656 1.000947 1.001246 7.326801 1.003795 1.004328 0.999479 
2.085438 1.019806 1.000395 1.000659 1.000936 1.001248 7.310444 1.003794 1.004306 0.999514 
1.223699 2.428020 1.000108 1.000421 1.000280 1.000463 8.427208 1.001680 1.001671 0.999842 
0.953069 1.837243 1.027981 1.005507 2.973555 1.223965 6.653814 1.484919 1.578983 1.357106 
1.173856 0.999830 3.481543 1.000231 1.000332 1.000442 7.984853 1.001748 1.001743 0.999821 
1.152162 0.999494 0.999472 4.495334 1.001098 1.001476 7.795521 1.004956 1.005537 0.999330 
1.094393 0.974842 0.976709 0.978656 5.342514 1.059041 7.448617 1.198155 1.230116 0.971285 
1.064945 0.954594 0.957917 0.961435 4.918327 1.094569 6.973656 1.330878 1.389955 1.928367 
0.994832 0.924396 0.928128 0.932166 0.936521 6.133147 7.067641 1.548779 1.657741 0.917837 
0.960468 0.927171 0.928762 1.262558 0.948631 5.779952 6.925455 1.495057 1.585071 1.526463 
0.981898 0.928418 0.931014 0.933767 0.936740 0.939939 13.383421 1.510211 1.609596 0.923934 
2.081069 1.000015 1.000109 1.000216 1.000313 1.000406 1.000491 8.343578 1.001609 0.999954 
2.018037 1.023066 1.154373 1.000239 1.000346 1.000450 1.000545 8.343528 1.001765 0.999858 
1.221440 2.408439 1.000121 1.000220 1.000247 1.000476 1.000606 9.586725 1.001566 0.999944 
1.171831 0.999845 3.443173 1.000260 1.000296 1.000395 1.000698 9.102571 1.001685 0.999931 
1.123743 0.993906 0.994368 4.434779 1.010458 1.014069 1.017638 8.915297 1.056217 0.993051 
1.123797 0.993951 0.994409 4.435282 1.010382 1.013945 1.017507 8.915553 1.055800 0.993104 
0.993375 0.921865 0.925804 0.930439 5.069964 1.160742 1.214198 8.199078 1.681140 0.914911 
0.951776 0.933580 0.935355 1.185669 5.231652 1.131367 1.188025 8.275206 1.542419 0.932251 
0.936461 0.878635 0.884323 0.890768 0.898037 5.890894 1.322482 7.904278 2.046264 0.869340 
0.955942 0.898213 0.902641 0.907559 0.913006 6.151447 1.278710 7.898947 1.874452 0.897366 
0.901151 0.844634 0.852733 0.862215 0.873252 0.886063 6.825157 7.779059 2.344529 0.832048 
0.936178 0.863247 0.872106 0.882335 0.894055 0.907499 0.922806 14.523888 2.208003 0.849094 
0.917828 0.875013 0.879284 0.884828 1.099064 0.913617 0.924970 14.824675 2.056353 0.868050 
2.215331 1.000127 1.000174 1.000350 1.000379 1.000517 1.000609 1.000798 8.052262 0.999843 
1.298067 2.557659 1.000124 1.000190 1.000278 1.000383 1.000513 1.000544 9.300587 0.999967 
1.226868 0.999873 3.653542 1.000221 1.000331 1.000433 1.000520 1.000845 8.990232 0.999846 
0.915869 0.998143 3.354198 1.197194 1.124868 1.179035 1.237421 1.325686 8.813894 0.980756 
1.102449 0.946590 0.952688 4.406694 1.110010 1.152081 1.196463 1.243776 8.197366 0.935473 
0.935902 0.919724 1.340480 3.946426 1.120011 1.169260 1.609533 1.303178 8.521146 0.950699 
0.873385 0.807801 0.821699 0.838667 4.741561 1.438085 1.636878 1.873900 7.293337 0.787345 
0.780842 0.731490 0.751263 0.777115 0.810500 5.468610 1.837876 2.223239 7.047917 0.778313 
0.901416 0.848412 0.853706 0.863231 0.874338 6.895106 1.541824 1.716866 6.871166 0.907760 
0.758055 0.707818 0.733069 0.768264 0.814855 0.875986 6.626443 2.322734 7.116786 0.883674 
0.729111 0.682696 0.711098 0.750202 0.803049 0.873794 0.967587 7.918020 8.030194 0.764219 
0.301860 0.315873 0.375446 0.578650 0.602141 0.858924 3.732390 4.398338 6.497075 0.707286 
0.761236 0.696864 0.736119 0.790227 0.863469 0.961544 1.091540 1.263187 14.613365 0.762397 
0.066200 0.076068 0.114961 0.185519 0.358954 0.739877 1.561078 4.157228 8.762856 0.703410 
0.157928 0.165177 0.200387 0.276214 0.434316 0.753248 1.387757 4.576042 8.840677 0.788589 
2.540815 1.000182 1.000280 1.000324 1.000622 1.001133 1.000747 1.000870 1.000979 5.578509 
2.319012 1.009262 1.053464 1.045954 1.271119 1.088117 1.108162 1.129194 1.150732 5.554997 
1.495838 2.921378 1.000255 1.000388 1.000420 1.000508 1.000664 1.000893 1.000836 6.424007 
1.417350 0.999814 4.197445 1.000779 1.000934 1.001185 1.001511 1.001763 1.001928 6.147068 
1.352473 1.061973 2.933734 1.134622 1.203697 1.279308 1.364344 1.875233 1.568243 4.634584 
0.927486 1.896830 2.940103 1.150226 1.228367 1.314287 1.411241 1.509731 1.621515 4.626218 
1.387231 0.999929 0.999853 5.425008 1.001024 1.001712 1.001566 1.002116 1.002275 6.043000 
1.386999 0.999853 0.999801 5.423523 1.001366 1.001750 1.002083 1.002737 1.002991 6.042875 
0.927510 1.888324 0.982759 3.852475 1.232566 1.319320 1.413793 1.519215 1.629556 4.402607 
1.367510 0.999689 0.999776 0.999866 6.686669 1.001844 1.002299 1.002666 1.003093 5.926024 
1.628586 0.992087 1.048634 1.009546 5.250084 1.090141 1.110898 1.132583 1.153858 4.709415 
0.963127 0.981297 2.930423 1.016614 4.963161 1.154348 1.192411 1.232392 1.273341 4.669460 
0.992241 0.974748 2.968316 1.010412 5.213209 1.098106 1.120919 1.144664 1.168332 4.707152 
1.346967 0.999892 0.999905 0.999944 0.999977 8.012077 1.000877 1.001113 1.001181 5.834703 
1.635148 1.017942 1.016178 1.013628 1.033127 5.999166 1.142323 1.170150 1.198888 4.525906 
0.935170 1.926006 0.985722 1.017320 1.052027 5.721513 1.395732 1.493061 1.598877 4.463459 
0.950097 0.988902 2.908366 1.019368 1.046263 5.825822 1.225788 1.273374 1.323415 4.506462 
1.212265 0.952384 0.963058 0.974510 0.986612 0.999561 8.690290 1.332367 1.397496 5.524631 
1.068698 0.880339 0.905091 0.933978 0.967145 1.005425 1.049470 9.370047 1.961068 5.190394 
0.910919 1.872927 0.981227 1.024120 1.072157 1.125902 1.187237 7.418313 1.772930 4.477402 
0.833044 0.722723 0.798597 0.904082 1.051164 1.245283 1.508653 1.864863 7.663924 4.470294 
1.001247 0.810635 0.880810 0.971580 1.087819 1.275331 1.429484 1.671371 7.714462 4.559027 
0.892249 1.881995 0.985751 1.057607 1.114702 1.193622 1.283006 1.384238 7.652270 4.366783 
0.919480 0.956269 2.933792 1.043080 1.084309 1.128415 1.176696 1.228924 7.624564 4.563727 
0.932109 0.943335 0.999233 3.964886 1.070778 1.104447 1.140617 1.179124 7.305668 4.807031 
0.941508 0.951423 1.001415 4.052946 1.062874 1.091594 1.122241 1.154219 7.306172 4.816497 
0.177999 0.188502 0.231142 0.361454 0.457505 0.756273 1.334697 4.717912 6.333172 3.632301 
0.140231 0.150230 0.190094 0.305613 0.423627 0.747108 1.395156 2.675858 8.782544 3.186502 
1.704958 0.999857 1.000044 1.000279 1.000427 1.000616 1.000848 1.001141 1.001194 13.928486 
0.100218 0.106885 0.132878 0.205102 0.302889 0.549817 1.063145 2.114394 6.177085 7.758060 
0.020151 0.020158 0.020185 0.020245 0.020391 0.020726 0.021470 0.023238 0.026975 20.004826 
2.640694 1.000606 1.000470 1.000769 1.187883 1.254320 1.459692 1.803822 1.457543 1.607657 
1.500214 2.957692 1.030156 1.048918 1.246979 1.465026 1.419271 1.929696 1.623959 1.583486 
1.412119 0.972788 4.161786 1.113944 1.160208 1.256379 1.498334 1.772450 1.635421 1.536582 
0.920188 1.930053 2.943686 1.178941 1.273351 1.376497 1.490940 1.616800 1.756984 3.492418 
1.378585 0.962271 0.980523 5.372182 1.221101 1.295556 1.403368 1.657469 1.546164 1.528911 
0.929371 1.878568 0.981499 4.165434 1.243156 1.352279 1.426796 1.531301 1.646757 3.611693 
1.360289 0.958672 0.977929 0.998811 6.714587 1.313238 1.395128 1.659553 1.585842 1.475819 
0.830750 0.920938 2.451167 1.052954 4.331672 1.601801 1.817288 2.067481 2.356094 1.332586 
0.824008 0.833336 0.988018 3.307414 4.199028 1.611616 1.832030 2.088926 2.382870 1.191187 
1.339846 0.952031 0.973951 0.997793 1.023643 7.940626 1.455504 1.696801 1.668901 1.519167 
0.815003 0.912333 2.443843 1.063605 1.160711 5.084464 1.879987 2.162188 2.492754 1.225243 
0.799724 0.810749 0.975858 3.144803 1.163233 5.003635 1.913965 2.215648 2.570746 1.210705 
0.811265 0.821335 0.982692 3.232935 1.160467 5.097522 1.874761 2.154066 2.479975 1.222319 
0.772384 0.774080 0.796352 1.050770 3.832834 4.794502 1.996688 2.351974 2.777204 1.208904 
0.798188 0.809958 0.983799 0.830228 4.227052 4.734215 1.917201 2.221954 2.579984 1.242534 
1.338116 0.951105 0.973515 0.998046 1.074491 1.237453 9.299939 1.567967 1.684066 1.495941 
0.804092 0.904928 2.386058 1.062919 1.165956 1.289174 6.194550 2.218928 2.575897 1.233275 
0.814347 0.913676 2.454916 1.065717 1.163538 1.279558 6.267870 2.162294 2.492304 1.243987 
0.776660 0.790245 0.966633 3.049382 1.180011 1.322306 5.883545 2.334574 2.749695 1.215476 
0.739725 0.742190 0.770744 1.047769 3.712096 1.353768 5.593578 2.512012 3.032156 1.182447 
0.773853 0.792631 0.777943 1.166114 4.024870 1.360283 5.581547 2.362678 2.791222 1.066246 
0.711356 0.712290 0.722684 0.816555 1.098042 4.548444 5.475743 2.639532 3.246538 1.200573 
1.323215 0.949720 0.971359 0.994931 1.075246 1.277328 1.509965 10.532385 1.688394 1.519240 
0.776731 0.884709 2.301714 1.131972 1.209756 1.367458 1.560307 6.768135 2.809553 1.269388 
0.737812 0.754534 0.950622 2.894800 1.209477 1.389758 1.615134 6.666913 3.051280 1.238294 
0.692202 0.695982 0.731989 1.038365 3.503621 1.418567 1.694015 6.437882 3.392593 1.217028 
0.699525 0.720104 0.920697 0.768518 3.523771 1.414900 1.696561 6.455801 3.348752 1.222675 
0.660050 0.662127 0.680914 0.827092 1.042692 4.376373 1.731187 6.382194 3.639471 1.200342 
0.736151 0.740353 0.792712 0.822284 1.083580 5.065778 1.625918 6.695040 3.075880 1.065215 
0.622164 0.623231 0.631713 0.687525 0.901600 1.121451 5.413316 6.442361 3.918143 1.244071 
0.636214 0.637432 0.644466 0.699024 0.909678 1.122319 5.518224 6.496161 3.809781 1.258108 
0.652351 0.653851 0.662762 0.724197 0.926272 1.096466 1.565782 11.316757 3.712342 1.101646 
1.336032 0.930058 0.976874 1.030585 1.103327 1.383974 1.545428 1.699800 9.794226 1.456119 
0.817344 1.614570 0.959431 1.063370 1.212513 1.354118 1.633029 1.799675 8.211049 1.713746 
0.818616 1.620603 0.960457 1.064021 1.212263 1.353198 1.630957 1.795511 8.210430 1.715055 
0.712797 0.840317 2.104053 1.088373 1.283702 1.509066 1.812452 2.191880 7.044663 1.209333 
0.623702 0.654368 0.894211 2.513917 1.314476 1.720359 2.114284 2.729026 5.481815 1.354344 
0.531042 0.541212 0.605649 0.945225 2.761534 1.608086 2.175544 2.990209 6.162657 1.203276 
0.486588 0.494687 0.542349 0.758670 0.932345 3.662662 2.217382 3.151936 6.174963 1.219612 
0.397653 0.406521 0.451455 0.637664 0.886046 0.905708 4.767361 3.500517 6.121436 1.197084 
0.281869 0.293009 0.341307 0.511003 0.716287 0.887620 1.391943 6.507894 6.484973 1.186426 
0.291075 0.301787 0.349294 0.519565 0.740579 0.889204 1.379098 2.226373 11.324934 1.222748 
1.604201 0.973933 1.018805 1.081139 1.234053 1.602491 1.773049 2.063714 1.840548 6.945716 
0.913268 2.434019 1.059836 1.153823 1.261653 1.385179 1.526296 1.687031 1.869554 5.917737 
0.919854 2.517808 1.116807 1.163445 1.270834 1.393191 1.532244 1.689827 1.867824 5.371180 
0.830279 0.965437 3.236817 1.165342 1.292176 1.440433 1.613389 1.814089 2.045034 5.454077 
0.796081 0.812008 1.043890 4.033434 1.310109 1.483853 1.690123 1.934901 2.223575 5.305762 
0.746096 0.750115 0.796949 1.132266 4.732743 1.543992 1.812634 2.142693 2.546031 5.009372 
0.700430 0.702493 0.721435 0.888608 1.149787 5.647189 1.897282 2.309509 2.829848 4.913296 
0.907476 0.908684 0.975878 0.911954 1.126032 8.960588 1.388741 1.484765 1.588195 4.625083 
0.651763 0.652344 0.660490 0.718955 1.009471 1.208227 6.770962 2.439705 3.087081 5.119747 
0.574419 0.575778 0.585208 0.642776 0.806994 0.969629 1.436982 8.181133 3.516381 5.220142 
0.568877 0.570295 0.580019 0.638643 0.805180 0.963686 1.439954 8.121978 3.549219 5.214585 
0.313064 0.322612 0.366579 0.528907 0.719121 0.848157 1.252679 1.955818 8.556572 5.185669 
0.444985 0.455679 0.515588 0.778018 0.971839 1.145215 1.365317 1.905625 2.724547 11.349080 
0.577301 0.586821 0.655899 1.077688 1.269444 1.329705 1.374926 2.002247 2.312007 11.482505 
