2.065245 0.066695 0.069717 0.065346 0.066337 
2.023589 0.847094 0.065336 0.068269 0.065293 
1.855437 1.857808 0.067831 0.069801 0.067850 
1.484749 2.897118 0.070383 0.069932 0.072767 
0.951629 3.652475 0.068087 0.067999 0.066788 
0.455604 3.989034 0.068703 0.066006 0.069625 
0.062264 4.062081 0.066594 0.071046 0.063098 
2.025586 0.071603 1.237345 0.070015 0.067040 
1.953359 1.004470 1.489572 0.068159 0.068988 
1.669467 2.196606 1.704885 0.066961 0.067738 
1.134429 3.263347 1.675477 0.064272 0.062404 
0.533070 3.855013 1.478781 0.075345 0.077316 
0.071238 3.989945 1.240160 0.068022 0.070142 
1.853259 0.067303 2.758384 0.067892 0.068508 
1.676289 1.119629 3.292060 0.073174 0.072817 
1.216835 2.382228 3.550134 0.069442 0.069833 
0.594586 3.277368 3.271336 0.067457 0.087197 
0.070202 3.646681 2.752698 0.071158 0.070626 
1.474700 0.067955 4.314452 0.065632 0.076344 
1.126668 1.123978 4.910976 0.069535 0.070390 
0.599784 2.205607 4.925073 0.082582 0.083235 
0.069321 2.897853 4.302791 0.067626 0.066150 
0.953820 0.069988 5.451888 0.075474 0.073955 
0.531781 1.003527 5.741905 0.072145 0.072478 
0.060965 1.841765 5.433396 0.062950 0.060882 
0.454594 0.063758 5.947415 0.063397 0.064268 
0.064056 0.846437 5.948013 0.065398 0.065286 
0.064900 0.072150 6.064841 0.064904 0.065989 
2.026865 0.067284 0.067237 1.637958 0.071656 
1.949350 1.025035 0.067896 1.945370 0.066253 
1.674624 2.195940 0.072851 2.205817 0.068553 
1.134608 3.273361 0.071015 2.203913 0.066792 
0.522016 3.843030 0.085839 1.958180 0.071766 
0.065248 3.988321 0.068788 1.622556 0.071715 
1.952309 0.070980 1.479706 1.948868 0.084676 
1.805658 1.221810 1.802759 2.359333 0.072463 
1.333261 2.599772 1.973036 2.587192 0.071551 
0.642827 3.538332 1.826013 2.372589 0.076121 
0.066589 3.836507 1.484593 1.948114 0.066590 
1.672072 0.067418 3.266316 2.205022 0.067246 
1.337466 1.334989 3.886519 2.613620 0.077486 
0.697244 2.614610 3.877608 2.602201 0.077223 
0.068612 3.266365 3.298300 2.189860 0.074833 
1.129562 0.069849 4.903285 2.184630 0.070244 
0.648315 1.227560 5.298589 2.362584 0.084943 
0.069132 2.207189 4.883803 2.190608 0.069801 
0.533155 0.070919 5.729447 1.925693 0.071990 
0.063927 0.971708 5.735467 1.931050 0.065952 
0.066058 0.064147 5.948575 1.626692 0.064565 
1.863835 0.074432 0.074925 3.636235 0.079207 
1.670722 1.135828 0.062190 4.302369 0.062976 
1.214220 2.385819 0.070819 4.693899 0.067530 
0.592311 3.289641 0.071782 4.329612 0.069802 
0.064151 3.640782 0.073122 3.645088 0.070229 
1.665499 0.065325 1.670810 4.355582 0.067979 
1.332553 1.330743 1.976584 5.140468 0.070519 
0.697619 2.616043 1.968209 5.143478 0.077521 
0.072307 3.274644 1.660237 4.360480 0.072876 
1.222305 0.062757 3.519628 4.668464 0.068180 
0.698951 1.327194 3.876807 5.116535 0.067911 
0.069260 2.372469 3.554285 4.661031 0.077575 
0.598069 0.070231 4.899185 4.314420 0.081952 
0.067945 1.139002 4.878819 4.339982 0.069267 
0.069133 0.075502 5.434407 3.649471 0.069866 
1.480595 0.066057 0.067611 5.719635 0.081079 
1.140554 1.139308 0.079310 6.512896 0.078308 
0.599343 2.209465 0.071816 6.495033 0.075693 
0.063991 2.890711 0.072267 5.722045 0.068433 
1.135032 0.069566 1.672755 6.490056 0.070992 
0.639580 1.211899 1.804899 7.016188 0.070553 
0.064568 2.209332 1.692597 6.458170 0.066098 
0.599023 0.076492 3.298922 6.473877 0.070766 
0.066995 1.126707 3.273816 6.484309 0.068354 
0.058060 0.063046 4.312716 5.698820 0.064679 
0.961828 0.065062 0.065040 7.213839 0.067390 
0.534727 1.009922 0.071410 7.613306 0.067878 
0.069380 1.846313 0.068885 7.235412 0.069877 
0.532655 0.075640 1.495670 7.629495 0.075812 
0.065304 0.997719 1.483739 7.609738 0.067352 
0.064460 0.065140 2.777551 7.199849 0.080346 
0.457998 0.067489 0.068288 7.913348 0.077643 
0.064732 0.842858 0.065924 7.911791 0.072178 
0.067090 0.070582 1.222800 7.917187 0.073659 
0.064211 0.065265 0.066707 8.064148 0.064735 
2.028286 0.068725 0.070277 0.068769 2.023307 
1.975648 1.021991 0.089470 0.088617 2.397012 
1.672617 2.210005 0.070901 0.070072 2.709138 
1.136054 3.283641 0.072729 0.071556 2.741506 
0.527950 3.849316 0.070008 0.078532 2.400293 
0.067902 3.989843 0.067985 0.072671 2.031251 
1.951968 0.071442 1.482369 0.067611 2.427388 
1.800350 1.220888 1.803284 0.068203 2.951813 
1.332243 2.598399 1.973580 0.069942 3.211946 
0.639776 3.546144 1.790685 0.072085 2.949479 
0.066116 3.836456 1.481549 0.069885 2.426568 
1.666884 0.064243 3.265633 0.064843 2.734129 
1.329423 1.344546 3.894427 0.080656 3.207517 
0.692060 2.596138 3.876819 0.068169 3.204759 
0.068164 3.271960 3.278906 0.072543 2.738620 
1.127839 0.065094 4.888974 0.066800 2.714139 
0.635130 1.221273 5.292654 0.074477 2.931626 
0.064739 2.185717 4.896235 0.069908 2.714734 
0.532055 0.075166 5.725483 0.080785 2.423199 
0.069027 1.020988 5.727332 0.072207 2.390662 
0.066211 0.064447 5.947910 0.069825 2.023954 
1.956353 0.069721 0.070799 1.918913 2.403447 
1.795481 1.230441 0.073629 2.336699 2.945922 
1.331149 2.614379 0.070767 2.595681 3.210614 
0.638198 3.549643 0.077756 2.379186 2.954250 
0.068689 3.844463 0.066162 1.928105 2.380499 
1.798632 0.072077 1.808884 2.377105 2.942167 
1.485995 1.481517 2.200495 2.883093 3.580362 
0.767837 2.911568 2.205427 2.922917 3.594474 
0.069024 3.537516 1.809359 2.344728 2.920167 
1.326983 0.068020 3.885697 2.584070 3.217232 
0.766365 1.473334 4.337380 2.879223 3.596863 
0.070795 2.597216 3.876703 2.602266 3.198507 
0.633844 0.066705 5.274457 2.367982 2.921674 
0.069084 1.206107 5.279507 2.353968 2.923239 
0.065845 0.072682 5.724298 1.945679 2.418943 
1.665681 0.066722 0.069100 4.364865 2.738748 
1.334460 1.337069 0.073167 5.147503 3.232839 
0.703901 2.620565 0.079769 5.135714 3.228891 
0.065718 3.281831 0.069124 4.303964 2.754793 
1.334683 0.071905 1.981254 5.130145 3.224895 
0.772714 1.494835 2.199156 5.731010 3.561715 
0.065807 2.592877 1.980019 5.112298 3.242892 
0.700564 0.069663 3.891532 5.097729 3.221954 
0.067386 1.323820 3.863689 5.136354 3.213639 
0.067274 0.067141 4.904831 4.291659 2.732795 
1.132711 0.068770 0.067708 6.492239 2.740384 
0.635614 1.219569 0.063582 6.998462 2.934736 
0.062080 2.197462 0.063302 6.487557 2.704317 
0.640346 0.073187 1.804029 7.004621 2.928193 
0.068335 1.216726 1.786151 6.999525 2.976475 
0.069075 0.065749 3.286404 6.467204 2.739085 
0.526043 0.072170 0.074654 7.633619 2.416668 
0.068687 1.005399 0.087177 7.612413 2.429946 
0.066736 0.067058 1.462175 7.613335 2.431440 
0.067740 0.066313 0.066396 7.912595 2.017038 
1.856939 0.067613 0.069870 0.070842 4.529292 
1.676765 1.134151 0.073540 0.072412 5.408600 
1.223040 2.389506 0.071046 0.078234 5.829898 
0.594883 3.285281 0.076158 0.068994 5.391720 
0.067568 3.646588 0.070357 0.066541 4.526522 
1.673305 0.072440 1.679702 0.074120 5.396314 
1.333816 1.339546 1.984564 0.073382 6.396309 
0.695077 2.595205 1.955437 0.067509 6.385064 
0.065583 3.281114 1.651365 0.066865 5.393196 
1.215942 0.071090 3.552717 0.073315 5.821564 
0.707719 1.337341 3.886496 0.088451 6.443713 
0.075248 2.377319 3.541815 0.072745 5.849811 
0.593016 0.070120 4.897062 0.068828 5.395207 
0.066673 1.126594 4.892993 0.068100 5.383853 
0.072299 0.076791 5.450047 0.072216 4.500436 
1.672553 0.067494 0.069741 2.209167 5.385641 
1.335570 1.333908 0.076010 2.594763 6.390535 
0.686162 2.614503 0.066047 2.587413 6.378329 
0.061228 3.274444 0.061532 2.215382 5.372631 
1.331705 0.066854 1.958777 2.580989 6.402757 
0.775061 1.482273 2.219604 2.891030 7.166936 
0.071178 2.600332 1.973649 2.593877 6.392974 
0.692722 0.070940 3.897970 2.579748 6.379864 
0.069315 1.325694 3.879293 2.611441 6.367369 
0.067070 0.066970 4.882240 2.198793 5.403868 
1.218782 0.066684 0.065918 4.681067 5.853027 
0.690925 1.341156 0.071391 5.142992 6.399963 
0.068414 2.383252 0.068775 4.704589 5.799898 
0.696818 0.072373 1.966709 5.152917 6.392211 
0.067761 1.317878 1.959158 5.147753 6.387047 
0.063448 0.062712 3.532197 4.694413 5.810973 
0.597887 0.067058 0.064670 6.486058 5.397260 
0.065624 1.134034 0.066238 6.499769 5.373936 
0.065522 0.064598 1.680525 6.486597 5.384861 
0.068757 0.072363 0.079516 7.233092 4.515255 
1.478983 0.064698 0.066181 0.067516 7.131984 
1.133793 1.147975 0.075649 0.076702 8.124253 
0.603456 2.224325 0.070539 0.071911 8.064266 
0.067044 2.900758 0.069250 0.089618 7.124199 
1.140468 0.070244 1.680950 0.071039 8.078303 
0.643476 1.227871 1.807391 0.074427 8.747505 
0.071318 2.226387 1.669665 0.075070 8.059685 
0.597585 0.071230 3.298446 0.074296 8.079482 
0.067719 1.131993 3.314811 0.068920 8.043593 
0.062774 0.062886 4.324757 0.066838 7.101450 
1.131297 0.071316 0.070569 2.211293 8.111897 
0.640797 1.219194 0.068269 2.386817 8.725541 
0.065335 2.208298 0.066547 2.178887 8.081318 
0.643537 0.069576 1.820163 2.387077 8.715255 
0.069002 1.227162 1.798098 2.342861 8.740252 
0.059874 0.063613 3.289133 2.189738 8.056422 
0.589031 0.064690 0.064878 4.365399 8.077710 
0.075725 1.139662 0.084218 4.370122 8.079833 
0.066386 0.066375 1.663850 4.361797 8.071508 
0.061719 0.062807 0.062968 5.722133 7.127576 
0.960748 0.067389 0.067200 0.067086 9.013246 
0.532110 1.002352 0.067871 0.070013 9.509343 
0.066233 1.852549 0.066005 0.067929 9.011380 
0.536196 0.067513 1.494495 0.069816 9.492220 
0.067475 1.007885 1.501471 0.067991 9.488475 
0.065815 0.063424 2.776257 0.062719 8.980915 
0.537841 0.074711 0.070395 1.956810 9.502410 
0.067003 1.011836 0.067838 1.941772 9.497144 
0.068009 0.067906 1.482752 1.943780 9.498767 
0.062322 0.065517 0.067011 3.637463 9.008106 
0.464566 0.066754 0.066181 0.068006 9.865027 
0.063546 0.854782 0.068402 0.061404 9.862135 
0.060215 0.064922 1.250821 0.060586 9.861329 
0.065786 0.065787 0.065907 1.636311 9.871193 
0.062529 0.062514 0.062595 0.062624 10.062514 
