2.053161 0.055340 0.055165 0.053685 0.053289 0.053779 0.057197 0.056917 
1.844055 1.862036 0.060815 0.058835 0.065943 0.059429 0.062888 0.062852 
0.945358 3.639816 0.057351 0.057254 0.058814 0.057019 0.060568 0.060507 
0.053822 4.053581 0.055784 0.058567 0.054076 0.054220 0.058733 0.057272 
1.842156 0.056088 2.742317 0.054583 0.056208 0.054869 0.058092 0.058108 
1.208292 2.366227 3.544839 0.060529 0.061964 0.064517 0.061614 0.063015 
0.057118 3.634558 2.740712 0.057553 0.059137 0.057405 0.057351 0.061016 
0.944282 0.057434 5.431257 0.056934 0.062088 0.056614 0.057920 0.056635 
0.057857 1.845352 5.424427 0.058376 0.059371 0.062409 0.057746 0.060885 
0.053055 0.052958 6.052958 0.054276 0.053409 0.054982 0.053148 0.056659 
1.844441 0.057603 0.056886 3.643965 0.059309 0.061793 0.061901 0.057307 
1.205038 2.366203 0.055989 4.683176 0.054713 0.054900 0.055217 0.057555 
0.055315 3.634585 0.055697 3.626151 0.059706 0.060157 0.056037 0.058792 
1.209396 0.061865 3.535344 4.693797 0.063677 0.062418 0.063390 0.065796 
0.057144 2.368033 3.524227 4.667909 0.059176 0.062053 0.069686 0.078274 
0.053320 0.053599 5.425014 3.616351 0.055157 0.056834 0.053942 0.056654 
0.945785 0.055620 0.054611 7.214761 0.061299 0.060167 0.059114 0.058306 
0.056103 1.839477 0.061423 7.216376 0.060311 0.060826 0.056756 0.060306 
0.056213 0.057923 2.731467 7.216917 0.063455 0.056737 0.077981 0.058053 
0.054825 0.056226 0.054995 8.054821 0.057342 0.055302 0.059594 0.056040 
1.844534 0.058325 0.058603 0.057610 4.538514 0.057864 0.060659 0.060388 
1.207655 2.368001 0.059420 0.058221 5.851971 0.058044 0.060037 0.062023 
0.057133 3.636868 0.056536 0.059046 4.510317 0.067363 0.058774 0.056046 
1.209834 0.055451 3.521195 0.064160 5.824309 0.060844 0.059058 0.058837 
0.059400 2.373972 3.513702 0.059318 5.829313 0.058702 0.074808 0.061926 
0.054075 0.058078 5.418046 0.054778 4.533141 0.054211 0.058846 0.057665 
1.210698 0.059684 0.057049 4.677351 5.829472 0.060398 0.061129 0.065992 
0.057917 2.359869 0.058867 4.662218 5.866964 0.062639 0.060180 0.061211 
0.056197 0.056127 3.515686 4.674334 5.837926 0.056845 0.067054 0.060122 
0.054893 0.057128 0.054838 7.208346 4.531734 0.057483 0.058887 0.059170 
0.942352 0.055568 0.055485 0.054905 9.015764 0.055364 0.055429 0.058433 
0.057059 1.850648 0.057517 0.057314 8.995254 0.062210 0.057417 0.058863 
0.054830 0.057746 2.731876 0.055049 9.004118 0.055190 0.058726 0.058490 
0.052448 0.052414 0.054967 3.624323 9.000302 0.057381 0.054327 0.056183 
0.052166 0.052145 0.052144 0.056988 10.052141 0.052642 0.052421 0.053041 
1.840957 0.053219 0.053426 0.053615 0.053493 5.411415 0.056551 0.055317 
1.206303 2.382162 0.059755 0.058593 0.061926 6.982229 0.063098 0.059713 
0.056393 3.635497 0.058743 0.058401 0.057026 5.404039 0.054913 0.058492 
1.206767 0.055630 3.532322 0.055568 0.055611 6.975951 0.055485 0.058712 
0.056610 2.374357 3.523958 0.056399 0.057954 6.949602 0.059907 0.065767 
0.051572 0.052280 5.417934 0.053521 0.053408 5.418576 0.054592 0.055582 
1.211419 0.060918 0.056619 4.681705 0.063283 6.972514 0.060397 0.060154 
0.056881 2.370597 0.057101 4.684626 0.062724 6.958510 0.061970 0.061021 
0.056926 0.057214 3.524283 4.672775 0.057687 6.983040 0.063031 0.060840 
0.055360 0.053839 0.053852 7.213056 0.055768 5.408525 0.056790 0.057344 
1.204980 0.056828 0.056066 0.057818 5.852376 6.987374 0.055767 0.055970 
0.053192 2.368504 0.060108 0.053327 5.815235 6.974234 0.052613 0.057088 
0.053192 0.055930 3.517733 0.052610 5.820819 6.984370 0.062975 0.053780 
0.052055 0.052085 0.063699 4.675195 5.833993 6.963558 0.055120 0.055706 
0.052309 0.052447 0.052512 0.052309 8.994710 5.423356 0.056723 0.059929 
0.947220 0.055153 0.054558 0.055187 0.054707 10.791431 0.054375 0.054590 
0.054215 1.842636 0.058601 0.053406 0.053916 10.784538 0.053304 0.056433 
0.053671 0.054915 2.732814 0.053782 0.054779 10.790928 0.060135 0.057843 
0.053396 0.054585 0.053575 3.643926 0.057106 10.776879 0.063124 0.057410 
0.053317 0.053319 0.053317 0.061332 4.541471 10.776800 0.063056 0.057331 
0.052522 0.052852 0.053505 0.052579 0.052522 12.052521 0.053128 0.052590 
1.843784 0.054298 0.055247 0.056852 0.055547 0.061677 6.294747 0.057227 
1.207081 2.372428 0.057500 0.056413 0.055927 0.056225 8.137541 0.059771 
0.057315 3.633215 0.057168 0.056547 0.055846 0.060730 6.315255 0.055666 
1.211023 0.056135 3.521359 0.057595 0.064112 0.056964 8.130793 0.059425 
0.056712 2.367580 3.522369 0.057653 0.058806 0.056648 8.129839 0.060273 
0.055301 0.055420 5.427392 0.056469 0.057107 0.055668 6.290201 0.058944 
1.206931 0.056955 0.056898 4.695728 0.056660 0.056269 8.125413 0.056506 
0.057587 2.371614 0.057571 4.679710 0.063390 0.058819 8.114700 0.082354 
0.056700 0.056814 3.518677 4.692377 0.058390 0.056976 8.114934 0.060571 
0.054169 0.055350 0.057870 7.211417 0.059886 0.055910 6.308656 0.058311 
1.208651 0.053378 0.052703 0.057301 5.823909 0.067783 8.128881 0.054444 
0.053697 2.360446 0.054673 0.053861 5.823420 0.066748 8.150301 0.060300 
0.058281 0.059479 3.527233 0.058429 5.837109 0.058613 8.122198 0.062120 
0.054546 0.055369 0.057105 4.668290 5.824507 0.063952 8.151232 0.058159 
0.053367 0.053365 0.054252 0.053379 8.998038 0.058841 6.313226 0.056964 
1.212818 0.056305 0.056850 0.055998 0.056033 6.970660 8.137354 0.056246 
0.054467 2.363183 0.054765 0.054322 0.054487 6.983731 8.135208 0.057952 
0.052921 0.053412 3.526129 0.053816 0.053104 6.963604 8.134898 0.056778 
0.055573 0.056828 0.055551 4.685535 0.056626 6.975136 8.128887 0.059320 
0.053936 0.053936 0.055003 0.053936 5.825296 6.978023 8.144634 0.057337 
0.053191 0.053212 0.053197 0.054124 0.054346 10.787071 6.312422 0.056557 
0.945370 0.055201 0.057179 0.054850 0.062567 0.057516 12.590236 0.055113 
0.056782 1.845661 0.056662 0.061804 0.056586 0.056314 12.576944 0.057765 
0.055282 0.054017 2.738445 0.055722 0.068692 0.054239 12.574604 0.055847 
0.054368 0.056266 0.054404 3.633413 0.058869 0.057022 12.575173 0.055332 
0.054646 0.054647 0.054879 0.054958 4.549214 0.056872 12.560875 0.058481 
0.052288 0.052438 0.052185 0.052157 0.053165 5.418504 12.574263 0.055763 
0.052113 0.054532 0.052481 0.052112 0.052201 0.052116 14.052110 0.055311 
1.843343 0.055894 0.056451 0.056238 0.057292 0.065696 0.059798 7.222812 
1.207752 2.370194 0.058461 0.057658 0.058068 0.058428 0.059311 9.308139 
0.054827 3.630446 0.055459 0.055240 0.054676 0.064683 0.054991 7.221819 
1.207272 0.057390 3.522821 0.057510 0.059061 0.057244 0.061165 9.324844 
0.056379 2.366716 3.507167 0.056087 0.055561 0.055846 0.056435 9.319129 
0.052999 0.055061 5.414853 0.053889 0.053379 0.058424 0.054846 7.233246 
1.207541 0.057933 0.058304 4.664766 0.059367 0.061611 0.058036 9.355155 
0.054901 2.361771 0.055407 4.662780 0.056482 0.054482 0.054446 9.319488 
0.056999 0.060891 3.512910 4.668260 0.057880 0.060588 0.057376 9.331359 
0.054646 0.054761 0.058051 7.200390 0.056770 0.056509 0.056598 7.248572 
1.205758 0.056421 0.055752 0.059429 5.837710 0.062504 0.056949 9.305905 
0.054536 2.370225 0.054962 0.055101 5.824592 0.058636 0.057721 9.271946 
0.053087 0.053172 3.516402 0.053288 5.811357 0.053592 0.057168 9.317086 
0.054647 0.054782 0.055111 4.675988 5.827049 0.056167 0.054732 9.288237 
0.052422 0.052453 0.052468 0.052422 8.994968 0.058535 0.053223 7.213354 
1.207614 0.056544 0.056364 0.058064 0.056702 6.990800 0.058408 9.307557 
0.056871 2.370546 0.059353 0.058116 0.057437 6.970153 0.057358 9.291937 
0.054361 0.058825 3.514176 0.054532 0.055700 6.987783 0.054759 9.296372 
0.055163 0.054984 0.057694 4.667822 0.056097 6.981615 0.058290 9.306589 
0.052757 0.052771 0.054352 0.053806 5.833285 6.954894 0.056772 9.313724 
0.055261 0.055143 0.054827 0.054827 0.054885 10.783191 0.059477 7.222925 
1.205466 0.058904 0.058237 0.061954 0.057628 0.064179 8.172735 9.308392 
0.057131 2.361693 0.057640 0.055518 0.056564 0.065218 8.106733 9.341185 
0.053429 0.060464 3.523802 0.054453 0.065474 0.060580 8.104162 9.310889 
0.053088 0.052463 0.054370 4.670973 0.053832 0.053646 8.138193 9.287261 
0.053271 0.053271 0.053275 0.053339 5.836441 0.055487 8.110510 9.304669 
0.053004 0.053009 0.053021 0.053661 0.053004 6.962757 8.151554 9.297274 
0.053257 0.055390 0.053640 0.053234 0.053233 0.053239 12.569683 7.221273 
0.945037 0.054209 0.054279 0.054357 0.054273 0.055281 0.055202 14.375078 
0.053854 1.831145 0.054725 0.053951 0.053966 0.054004 0.055588 14.387403 
0.055872 0.054954 2.730271 0.055251 0.061099 0.056837 0.057606 14.375778 
0.053776 0.053777 0.054172 3.621336 0.057165 0.055980 0.056619 14.374739 
0.052945 0.052945 0.052945 0.059819 4.537369 0.054687 0.053100 14.353925 
0.051946 0.051887 0.051871 0.051871 0.051871 5.393605 0.052079 14.379210 
0.055369 0.055369 0.055371 0.055372 0.057142 0.056881 6.304684 14.372867 
0.051602 0.052519 0.051420 0.054159 0.055982 0.050883 0.050949 16.050708 
1.962630 0.485447 0.857402 0.892290 1.304819 1.311531 1.412907 2.059467 
1.389943 2.748155 0.851116 1.063502 1.370736 1.623948 1.923237 2.159356 
0.261040 3.922665 0.665056 0.883959 0.902608 1.351546 1.518186 1.777444 
1.399897 0.602940 4.098310 1.108602 1.402122 1.675226 1.875233 2.210374 
0.302490 2.764126 4.088020 1.076408 1.334521 1.635008 1.932756 2.207954 
0.270122 0.479634 5.835428 0.883001 1.109628 1.327123 1.505038 1.704518 
1.400001 0.570988 0.865622 5.409450 1.378360 1.651757 1.875893 2.202581 
0.326224 2.742456 0.840361 5.420094 1.383965 1.692686 1.932541 2.183087 
0.322226 0.596121 4.076999 5.401962 1.397145 1.668111 1.927266 2.198058 
0.258387 0.461498 0.691328 7.797801 1.113540 1.299865 1.538474 1.649311 
1.399980 0.590970 0.869728 1.122218 6.779548 1.658265 1.949217 2.209363 
0.320971 2.765259 0.851993 1.134202 6.733283 1.663747 1.975991 2.200968 
0.299943 0.578405 4.077205 1.116572 6.791122 1.628397 1.909466 2.139495 
0.304981 0.537700 0.806130 5.512859 6.761043 1.505972 1.934339 2.145514 
0.266480 0.468046 0.684162 0.911979 9.691362 1.311044 1.514240 1.782829 
1.394768 0.594932 0.869052 1.126336 1.349306 8.091304 1.919494 2.207754 
0.314057 2.750388 0.849858 1.112276 1.361836 8.094419 1.925079 2.139990 
0.320423 0.584973 4.079265 1.119541 1.389950 8.096384 1.925661 2.190880 
0.313707 0.575858 0.868278 5.445669 1.395044 8.096504 1.932329 2.204783 
0.316112 0.582852 0.874094 1.116252 6.756073 8.098397 1.851861 2.218265 
0.258588 0.480252 0.688061 0.920895 1.093975 11.608497 1.540218 1.703705 
1.397547 0.589083 0.845440 1.128852 1.385502 1.659965 9.466290 2.138973 
0.320652 2.733065 0.869315 1.126702 1.376659 1.676936 9.416987 2.207876 
0.318730 0.573090 4.083128 1.094469 1.368270 1.672566 9.483126 2.103574 
0.313287 0.581974 0.826013 5.439081 1.406940 1.507620 9.463679 2.187347 
0.323726 0.584146 0.893397 1.144917 6.742138 1.649409 9.430851 2.116600 
0.306582 0.587283 0.885395 1.168568 1.364638 8.064510 9.507126 2.168646 
0.264666 0.487712 0.697201 0.910191 1.088213 1.396173 13.514328 1.823554 
1.389632 0.581508 0.806862 1.116309 1.254060 1.666051 1.943172 10.842341 
0.317438 2.733761 0.818939 1.116079 1.358938 1.667831 1.887841 10.792917 
0.316730 0.603922 4.091337 1.097807 1.377467 1.613638 1.939346 10.862969 
0.316215 0.573640 0.819955 5.438055 1.405684 1.672152 1.945593 10.780696 
0.310130 0.574797 0.872843 1.101314 6.788582 1.629973 1.912804 10.752983 
0.320362 0.602624 0.856508 1.143616 1.400498 8.091733 1.909702 10.896812 
0.328856 0.581294 0.842422 1.107014 1.379818 1.692997 9.410913 10.865677 
0.256635 0.470695 0.650809 0.889476 1.062187 1.255719 1.546170 15.490809 
