2.220972 0.222744 0.238405 0.221828 0.227874 
2.187494 0.800215 0.209669 0.212202 0.211859 
2.047772 1.774622 0.208092 0.207770 0.207992 
1.661346 2.851603 0.176225 0.175195 0.181554 
1.089048 3.709016 0.164095 0.163481 0.166644 
0.508319 4.106425 0.168400 0.168829 0.173004 
0.112998 4.112639 0.116775 0.120202 0.140764 
2.191028 0.213946 1.109590 0.214306 0.219364 
2.142925 0.968947 1.304556 0.213500 0.223976 
1.825875 2.187715 1.516031 0.161607 0.167484 
1.291457 3.337956 1.515486 0.164756 0.168087 
0.582017 3.909849 1.386372 0.114520 0.120251 
0.114349 4.050371 1.178416 0.114915 0.159307 
2.064460 0.208201 2.427122 0.206513 0.212070 
1.859477 1.115868 3.002200 0.163225 0.169070 
1.410432 2.441576 3.392499 0.167080 0.171850 
0.675804 3.405964 3.112236 0.121478 0.128206 
0.119516 3.746602 2.634184 0.126192 0.117904 
1.718441 0.189063 4.053310 0.188635 0.195269 
1.346054 1.182516 4.748068 0.165551 0.167515 
0.690160 2.357509 4.808445 0.126781 0.129394 
0.074031 3.016818 4.137727 0.076567 0.093339 
1.121998 0.163002 5.427268 0.163534 0.175552 
0.630928 1.064055 5.756450 0.125999 0.126957 
0.072409 1.969425 5.352532 0.077597 0.110383 
0.607444 0.166074 6.014789 0.175159 0.167858 
0.074094 0.889068 5.948003 0.077993 0.085263 
0.028126 0.033318 6.028076 0.032122 0.043201 
2.187735 0.213542 0.213703 1.486980 0.224023 
2.138598 0.971903 0.214432 1.718537 0.212194 
1.844085 2.128411 0.163132 1.987557 0.165617 
1.288371 3.325054 0.161149 2.063323 0.164189 
0.583473 3.907995 0.114885 1.818698 0.121085 
0.115973 4.049548 0.114631 1.547329 0.173958 
2.141953 0.213222 1.283640 1.769517 0.213668 
1.972518 1.171818 1.604666 2.133201 0.164484 
1.521469 2.652853 1.835533 2.441107 0.175051 
0.709901 3.642167 1.674983 2.243450 0.120866 
0.117298 3.924210 1.396237 1.867398 0.121614 
1.878502 0.174570 2.989003 2.029531 0.180133 
1.549892 1.358273 3.691247 2.477035 0.163686 
0.802568 2.726163 3.757427 2.522213 0.120424 
0.075305 3.388336 3.069224 2.090398 0.091251 
1.326073 0.164778 4.806475 2.189546 0.165174 
0.749189 1.315137 5.245558 2.407798 0.122020 
0.081019 2.343875 4.776133 2.144018 0.088533 
0.615815 0.115371 5.754013 1.966802 0.127789 
0.040471 1.050040 5.673269 1.914558 0.047927 
0.037325 0.037920 5.920885 1.605275 0.051779 
2.056136 0.211920 0.212053 3.304478 0.224933 
1.854844 1.126615 0.160123 3.942319 0.163210 
1.404706 2.432775 0.162591 4.469706 0.166224 
0.663944 3.393741 0.117653 4.146749 0.116939 
0.114473 3.752268 0.130226 3.433970 0.116770 
1.857177 0.163963 1.560293 3.988317 0.164883 
1.543716 1.353886 1.864922 4.930491 0.169361 
0.804532 2.738167 1.881651 5.022812 0.128506 
0.078700 3.386558 1.545394 4.121706 0.082314 
1.439093 0.164776 3.395856 4.574189 0.167933 
0.807308 1.402640 3.763428 5.081436 0.096642 
0.070978 2.504038 3.416960 4.587262 0.089646 
0.689603 0.113960 4.869098 4.413954 0.113847 
0.051095 1.192934 4.835126 4.301257 0.060418 
0.039547 0.039668 5.392371 3.653500 0.053947 
1.695084 0.199315 0.186200 5.429410 0.196416 
1.324171 1.161977 0.162628 6.360321 0.167827 
0.678639 2.325353 0.117047 6.396525 0.124132 
0.073955 2.988573 0.086094 5.551281 0.082578 
1.333823 0.165604 1.627417 6.355246 0.167954 
0.733392 1.262480 1.736447 6.901669 0.082084 
0.071706 2.302179 1.556477 6.409156 0.071387 
0.703190 0.120019 3.251014 6.531945 0.119606 
0.063562 1.210690 3.236512 6.452161 0.074149 
0.032743 0.033946 4.259870 5.706835 0.045800 
1.145807 0.164267 0.164103 7.133163 0.166127 
0.605602 1.069374 0.112137 7.622387 0.117050 
0.071748 1.978808 0.076077 7.101467 0.099093 
0.620992 0.121656 1.453098 7.652984 0.123593 
0.065241 1.050426 1.428676 7.601524 0.076709 
0.055352 0.056898 2.700023 7.233032 0.081371 
0.522082 0.156328 0.154259 8.016797 0.159611 
0.069435 0.884183 0.068796 7.900641 0.075826 
0.038372 0.038132 1.205474 7.885088 0.052288 
0.034175 0.039330 0.034162 8.034142 0.048446 
2.187444 0.214883 0.214625 0.214178 1.811121 
2.135768 0.941823 0.208536 0.209358 2.151959 
1.838045 2.137066 0.164734 0.163304 2.508072 
1.295523 3.312419 0.162557 0.163349 2.590169 
0.583042 3.899220 0.115629 0.119838 2.355059 
0.119357 4.049367 0.121968 0.128954 1.965221 
2.142521 0.214005 1.303011 0.213925 2.141961 
1.979528 1.184189 1.602149 0.172593 2.682502 
1.521555 2.630716 1.827429 0.163805 3.025189 
0.716336 3.638609 1.681778 0.121902 2.774681 
0.115540 3.929790 1.374928 0.115415 2.265954 
1.879831 0.173936 2.963807 0.173896 2.535293 
1.545702 1.336581 3.708007 0.163401 3.039096 
0.801457 2.728853 3.758759 0.121239 3.135623 
0.080203 3.374997 3.114576 0.082169 2.637083 
1.338515 0.158922 4.762164 0.158642 2.671290 
0.748685 1.297993 5.254029 0.118679 2.934030 
0.098572 2.360454 4.800477 0.109794 2.663566 
0.629626 0.119392 5.748810 0.121750 2.446681 
0.036032 1.046506 5.661794 0.038223 2.414331 
0.047073 0.051607 5.932195 0.049593 1.992997 
2.137581 0.209445 0.208990 1.632712 2.168362 
1.967144 1.191266 0.167018 2.162607 2.648932 
1.517666 2.613791 0.165116 2.412525 3.100355 
0.710742 3.628634 0.120405 2.245873 2.809085 
0.112102 3.926872 0.110971 1.778812 2.258208 
1.985197 0.169573 1.563020 2.103791 2.668803 
1.692278 1.478929 2.006461 2.650172 3.364577 
0.889241 3.009866 2.076597 2.785184 3.455937 
0.075267 3.621930 1.650660 2.211668 2.756927 
1.540522 0.160345 3.703556 2.519274 3.119023 
0.917739 1.586313 4.278310 2.930460 3.652986 
0.079873 2.732883 3.737349 2.508752 3.173944 
0.768286 0.117276 5.257876 2.388099 2.933733 
0.058150 1.307243 5.200013 2.357793 2.967832 
0.041641 0.043879 5.693419 1.929299 2.422676 
1.874229 0.178747 0.174819 3.957475 2.474976 
1.545031 1.344933 0.159602 4.897380 3.010347 
0.791036 2.713401 0.114446 4.975877 3.179735 
0.071760 3.371231 0.070618 4.110716 2.596351 
1.539162 0.157890 1.869872 4.931377 3.081415 
0.897981 1.542463 2.107603 5.579097 3.503696 
0.068431 2.731902 1.859255 4.970572 3.084903 
0.825342 0.128359 3.840795 5.180186 3.238488 
0.077247 1.412164 3.840184 5.106912 3.231124 
0.075298 0.072603 4.881133 4.342146 2.771513 
1.332209 0.164435 0.165742 6.348922 2.629306 
0.737829 1.285221 0.123091 7.006793 2.932093 
0.077315 2.313416 0.077716 6.368711 2.690472 
0.750772 0.117762 1.769966 7.008288 2.981661 
0.076672 1.317408 1.767035 6.979612 2.896134 
0.028571 0.027881 3.213677 6.457513 2.704525 
0.612466 0.111515 0.111655 7.637909 2.392969 
0.042592 1.052664 0.046992 7.546514 2.411292 
0.034906 0.034526 1.431422 7.588123 2.364380 
0.032071 0.032369 0.032042 7.879309 1.976744 
2.043476 0.210882 0.213897 0.211208 4.213126 
1.853247 1.120284 0.168424 0.164318 4.954628 
1.403472 2.429423 0.160670 0.166261 5.561106 
0.668534 3.376230 0.115250 0.117279 5.201090 
0.113238 3.741493 0.113618 0.116859 4.321880 
1.858920 0.169348 1.520879 0.169991 5.018923 
1.547410 1.363108 1.853147 0.166105 6.111869 
0.796984 2.719632 1.874145 0.118391 6.246165 
0.077475 3.370317 1.591528 0.080393 5.158736 
1.440832 0.167247 3.388303 0.170549 5.685082 
0.797079 1.397799 3.769279 0.092452 6.312265 
0.064134 2.504026 3.406331 0.065506 5.695821 
0.704244 0.118743 4.902372 0.123496 5.388719 
0.050709 1.185863 4.833290 0.050696 5.378961 
0.029723 0.037129 5.393708 0.037232 4.499076 
1.857750 0.167893 0.182907 1.995807 5.000659 
1.535307 1.343088 0.155695 2.458362 6.098222 
0.800296 2.706845 0.119987 2.507550 6.232669 
0.075003 3.376841 0.082975 2.142983 5.086946 
1.547973 0.158832 1.843507 2.481459 6.109199 
0.892899 1.549208 2.103506 2.825322 6.966154 
0.050715 2.692873 1.857941 2.503756 6.205049 
0.823990 0.113689 3.844784 2.577023 6.375771 
0.077315 1.397491 3.835256 2.601196 6.394701 
0.032134 0.032287 4.833384 2.178572 5.394606 
1.426540 0.163689 0.161633 4.520240 5.666311 
0.796027 1.386958 0.081470 5.029041 6.259653 
0.071241 2.493719 0.069338 4.580613 5.677471 
0.801881 0.090192 1.921702 5.088085 6.332762 
0.098473 1.427242 1.937766 5.129046 6.424488 
0.041297 0.040384 3.485039 4.675602 5.823159 
0.704936 0.118671 0.119083 6.489854 5.407867 
0.054728 1.196518 0.064720 6.445769 5.343192 
0.055635 0.054901 1.633010 6.490094 5.381838 
0.045009 0.047159 0.044442 7.188151 4.545710 
1.682671 0.182278 0.196386 0.177463 6.761980 
1.325582 1.177272 0.161672 0.159857 7.868714 
0.682426 2.311246 0.111847 0.116790 7.957988 
0.067971 2.972088 0.083027 0.070673 6.942747 
1.340280 0.163861 1.577148 0.163821 7.898522 
0.741523 1.260860 1.739395 0.080261 8.596919 
0.071916 2.341882 1.595884 0.100876 7.901571 
0.703969 0.118284 3.258006 0.118373 8.119921 
0.066611 1.199055 3.230486 0.067998 8.077092 
0.037540 0.038287 4.274850 0.041048 7.115455 
1.338480 0.168838 0.166828 2.170114 7.869198 
0.739810 1.265611 0.076935 2.338241 8.573372 
0.073963 2.323303 0.072092 2.174022 7.908326 
0.732055 0.091606 1.781588 2.317305 8.632607 
0.094469 1.315854 1.727666 2.355847 8.770508 
0.041476 0.039953 3.233342 2.182180 8.069104 
0.697283 0.118001 0.117696 4.354866 8.089082 
0.067050 1.212290 0.067243 4.344312 8.015984 
0.074596 0.071009 1.673428 4.316445 8.114625 
0.030302 0.031546 0.028978 5.700456 7.081711 
1.141542 0.161529 0.162243 0.162125 8.876510 
0.621439 1.060384 0.113975 0.118517 9.489970 
0.079708 1.965299 0.083437 0.077578 8.893275 
0.627525 0.120318 1.432501 0.120379 9.542548 
0.060796 1.070325 1.453195 0.060896 9.449821 
0.037059 0.036970 2.711690 0.033884 8.979338 
0.633581 0.117003 0.116493 1.958174 9.497827 
0.061418 1.063012 0.061449 1.861748 9.476419 
0.068702 0.067879 1.444207 1.924633 9.520452 
0.027793 0.027791 0.027704 3.612840 8.967327 
0.525484 0.156497 0.158541 0.156449 9.983139 
0.074989 0.902767 0.072799 0.072757 9.854956 
0.038932 0.038168 1.224495 0.038550 9.840003 
0.034318 0.034298 0.034286 1.581744 9.845423 
0.032213 0.035540 0.032271 0.032181 10.032121 
