2.349347 2.280828 1.003379 1.004824 1.006283 1.008178 1.009303 0.998504 
2.149148 2.102463 1.146492 1.655762 1.061162 1.077564 1.148241 0.984406 
1.184258 4.613388 1.002423 1.006473 1.004658 1.009178 1.007949 0.998865 
0.988446 4.121199 1.106787 1.168986 1.238048 1.310888 1.389547 1.296426 
2.208968 1.001679 3.345577 1.006051 1.005293 1.006769 1.008121 1.000088 
2.038289 1.029187 3.234995 1.082295 1.112391 1.142634 1.174600 1.238396 
1.283224 2.557523 3.789315 1.004336 1.005645 1.007363 1.008686 0.998658 
0.878742 1.889851 3.058607 1.333346 1.876501 1.762165 2.019354 0.945266 
1.115020 0.997980 6.611554 1.008614 1.010188 1.015831 1.015377 0.997514 
0.973059 1.024274 6.555353 1.079877 1.108794 1.137795 1.168377 0.984360 
2.189357 1.000279 1.001096 4.211523 1.005770 1.007022 1.009188 0.998973 
2.124056 1.000169 1.000860 4.034459 1.296289 1.006103 1.008070 1.417400 
1.264361 2.483944 1.000609 4.951406 1.004307 1.006078 1.006849 0.998983 
1.014211 3.090230 1.066982 3.978661 1.336157 1.061521 1.075181 1.405858 
1.210420 0.998581 3.557937 4.713284 1.007286 1.009183 1.011246 0.998590 
0.964768 1.289322 2.822152 5.246182 1.145520 1.355856 1.231414 0.964076 
1.092569 0.998725 0.998791 8.604046 1.005725 1.007086 1.008685 1.000538 
1.049766 0.999508 0.998433 8.457965 1.338294 1.020379 1.023856 1.009884 
2.156878 1.000345 1.002749 1.003486 5.159392 1.010747 1.012957 0.998998 
2.135145 1.001278 1.007432 1.011971 5.108967 1.043153 1.051682 0.992543 
1.250343 2.477215 1.000806 1.003232 6.020652 1.006683 1.008266 1.000053 
0.931838 2.213963 1.010855 1.122617 5.877494 1.531752 1.631107 0.894859 
1.219232 0.997610 3.499151 1.004293 5.672886 1.015512 1.018618 0.997011 
1.155942 0.959384 3.152690 1.048881 5.272205 1.272457 1.300879 1.411540 
1.156078 0.993270 0.993929 4.546132 5.640306 1.040762 1.048700 0.992016 
1.144176 0.995644 0.996018 4.283861 5.620149 1.178037 1.029862 1.531319 
1.058932 0.979694 0.980665 0.981651 10.338598 1.109173 1.132782 0.977921 
0.987702 0.931965 0.934491 1.107420 9.664437 1.347156 1.436298 0.927782 
2.083115 1.000142 1.001057 1.004013 1.002888 6.456238 1.009718 0.998442 
2.021008 1.008123 1.026941 1.027220 1.037549 6.265688 1.128794 0.978579 
1.257460 2.385327 1.001349 1.004633 1.004190 7.221477 1.018012 0.998509 
1.234072 2.310666 1.008753 1.021321 1.028804 7.141269 1.125391 0.986616 
1.184115 0.998388 3.460084 1.002621 1.003035 6.929726 1.012828 0.999124 
1.183929 0.998657 3.454869 1.002274 1.002518 6.913927 1.010800 1.045558 
1.114534 0.970970 0.973714 4.386785 1.053628 6.599558 1.205424 0.965834 
1.080452 0.943239 0.948899 4.143019 1.099425 6.231879 1.388410 1.398394 
1.027469 0.916533 0.923687 0.931529 5.217696 6.294457 1.575476 0.904160 
1.046953 0.938379 0.954807 0.948626 5.359361 6.383139 1.422143 0.929716 
0.974682 0.902288 0.907669 0.913669 0.920282 11.640270 1.641967 0.893609 
0.978235 0.916055 0.919766 0.937630 0.931901 11.843578 1.543517 0.911376 
2.290979 1.000708 1.001399 1.002551 1.003407 1.004389 5.916755 0.998707 
2.210466 1.001236 1.127820 1.007059 1.009822 1.012529 5.820992 1.317443 
1.307140 2.675093 1.003558 1.004203 1.005860 1.008192 6.898273 0.997025 
1.180423 2.240165 1.064513 1.099924 1.159519 1.225070 6.907390 0.907644 
1.244509 0.987432 3.730278 1.023644 1.034209 1.045087 6.508802 0.984049 
1.270210 0.992667 3.957738 1.015982 1.022639 1.029511 5.952165 0.990882 
1.037964 0.870650 0.895001 4.206116 1.327083 1.479923 5.777913 0.836455 
1.027919 0.872615 0.893903 3.799567 1.258979 1.386910 6.873143 0.843389 
0.873074 0.763116 0.807566 0.865394 4.898505 1.859213 5.567891 0.721297 
1.036741 0.972468 0.971464 0.972675 6.985429 1.092708 5.884269 0.968006 
0.739364 0.662554 0.752731 0.884951 1.065162 5.802094 5.108580 0.716591 
0.995015 0.819524 0.875215 0.944259 1.017951 6.881689 4.589753 0.751060 
0.566452 0.554987 0.675811 0.924268 3.590283 4.916715 3.823628 0.548533 
0.837219 0.733640 0.807299 0.921325 1.077836 1.290642 10.466315 0.632148 
0.922832 0.803249 0.835421 1.474928 1.034508 1.129563 11.177644 0.761078 
0.072222 0.109944 0.226783 0.520514 1.194443 3.164344 6.515103 0.626080 
0.161252 0.219389 0.326341 0.609639 1.203082 3.899804 6.258817 0.135762 
2.528848 1.001157 1.002052 1.004333 1.004731 1.005489 1.006656 4.696042 
2.431501 1.006532 1.016513 1.026828 1.052485 1.047919 1.058431 4.913811 
1.476866 2.913043 1.001889 1.003161 1.004490 1.005244 1.006613 5.466762 
1.033703 3.799983 1.017354 1.028210 1.039398 1.050304 1.064505 4.913117 
1.402034 0.998785 4.214276 1.004245 1.005702 1.007952 1.008934 5.133993 
1.211321 0.977299 3.667080 1.234422 1.606130 1.092864 1.221291 5.816451 
0.940444 2.046214 3.244329 1.157173 1.233380 1.310781 1.398730 3.909773 
0.976612 2.147204 3.450354 1.104404 1.151252 1.195186 1.245761 3.942401 
1.386804 0.998912 0.999207 5.406409 1.005340 1.006920 1.008205 5.030063 
1.218987 0.994455 0.995253 5.911301 1.083734 1.025358 1.397855 4.680331 
1.364279 0.998049 0.998644 0.999259 6.672869 1.011125 1.013495 4.924306 
1.331797 0.986327 0.990266 0.994309 6.540998 1.074212 1.091295 4.906134 
0.951255 2.098865 0.996005 1.076647 5.151732 1.260972 1.329586 3.953236 
0.955818 2.122833 0.996888 1.075723 5.188142 1.239025 1.300566 3.959441 
1.239455 0.946393 0.961496 0.977807 0.995518 7.470087 1.350242 4.677778 
1.169033 0.980521 0.982984 0.985606 1.698413 7.903287 1.104621 4.831842 
1.054239 0.828069 0.911643 1.019786 1.159239 1.334951 6.397778 4.410727 
1.041930 0.826028 0.900859 0.997096 1.120283 1.638439 6.409738 4.419174 
0.965495 2.185658 1.001385 1.037775 1.068860 1.120542 6.497153 4.498761 
0.203233 0.246090 0.421423 0.563434 0.986728 3.576389 4.846192 3.171286 
0.330342 0.363489 0.512395 0.527282 1.390933 4.554832 4.201115 3.309688 
0.135519 0.174253 0.315505 0.517121 1.028397 2.096409 6.597004 2.745290 
0.134153 0.171459 0.312576 0.516757 1.028793 2.102341 6.585287 2.743579 
1.685078 0.998917 1.000159 1.001382 1.002845 1.003829 1.005124 11.428258 
1.685510 1.004341 1.000138 1.000828 1.015002 1.002279 1.003101 11.420479 
0.093130 0.117634 0.209239 0.369627 0.759044 1.603557 4.549437 6.554603 
0.205859 0.218668 0.381774 0.523818 0.911817 2.247516 3.666852 6.561176 
0.025773 0.025876 0.026280 0.027308 0.029467 0.034585 0.045885 15.978281 
0.033072 0.035091 0.043480 0.064758 0.108107 0.210276 0.458120 15.050256 
2.677359 1.001466 1.003325 1.039416 1.260217 1.689444 1.492741 1.542678 
1.439487 0.972629 1.148949 1.419085 1.717741 2.331953 2.683356 1.190918 
1.470995 2.920449 1.078313 1.171245 1.472571 1.714398 1.410223 1.558057 
1.208587 2.175849 1.000517 4.136778 1.006923 1.410083 1.011513 3.731635 
1.403998 0.960780 4.198203 1.187153 1.345050 1.584735 1.455196 1.455134 
1.377711 1.358701 5.215925 1.077430 1.009925 1.012742 1.015061 1.042851 
0.882974 1.928584 3.133196 1.332383 1.514265 1.725610 1.972607 1.324773 
0.866452 1.825087 2.994327 1.347966 1.898694 1.817826 2.104374 0.928064 
0.930933 1.047324 5.846079 1.180528 1.255134 1.334208 1.419261 1.196767 
0.934443 1.043447 5.873956 1.176168 1.248546 1.325097 1.407542 1.198797 
1.384220 0.954235 0.980223 5.458678 1.308115 1.541433 1.525878 1.446082 
0.683824 1.218088 0.887088 2.735419 1.837167 2.454652 3.276136 1.072099 
0.881910 1.964102 1.003609 4.035653 1.526036 1.744004 1.998147 1.292610 
0.843402 1.678541 0.964538 3.380553 1.490934 3.331605 2.285784 0.972062 
0.840296 0.948889 2.903660 3.868770 1.514590 1.722595 1.962949 1.196844 
0.815427 1.129586 2.396145 3.696471 1.615397 1.919096 2.219654 0.813530 
0.906814 0.950923 1.082824 7.474063 1.332822 1.443479 1.564518 0.952471 
0.907604 0.951406 1.082413 7.486064 1.330322 1.439893 1.559667 0.953282 
1.386888 0.957609 0.980686 1.078386 6.851917 1.594779 1.481159 1.454129 
1.130955 0.923292 0.934165 0.977894 8.172020 1.667448 1.677092 0.887195 
0.878226 1.954352 1.003664 1.087136 5.162869 1.761302 2.023720 1.288072 
0.876808 1.944279 1.002616 1.087583 5.139522 1.800132 2.032644 1.284196 
0.814217 0.932797 2.759753 1.114689 4.792006 1.826498 2.122297 1.196375 
0.808723 0.921848 2.692188 1.145401 4.599214 1.834710 2.140782 1.505783 
0.769228 0.787321 1.006131 3.501482 4.490370 1.963656 2.346808 1.223362 
0.879329 1.396865 0.924827 3.512624 4.304041 1.654400 1.813687 1.396177 
0.907436 0.960078 1.112628 0.962268 9.311346 1.490275 1.560508 1.032905 
0.915072 0.965357 1.111637 0.965974 9.460913 1.407223 1.513978 1.040733 
1.398490 0.958252 0.982248 1.115378 1.276460 8.142800 1.487271 1.442237 
1.323899 0.990472 1.968844 1.143041 1.187653 6.121913 1.748132 0.883097 
0.867270 1.945015 1.009576 1.106821 1.222962 6.173718 2.122265 1.289618 
0.851812 1.891307 1.064969 1.131531 1.271719 5.770447 2.258074 1.239794 
0.775062 0.910351 2.618578 1.137455 1.292516 5.664902 2.361998 1.221875 
0.911023 1.232818 2.831689 1.074747 1.135547 6.566039 1.581559 1.283104 
0.727591 0.750721 0.998376 3.377574 1.336763 5.435775 2.592765 1.185147 
0.878410 0.979545 0.885690 4.468115 1.206703 5.961781 1.756418 0.874147 
0.688532 0.697189 0.782862 1.076229 4.332321 5.317299 2.808824 1.176839 
0.547816 0.601722 0.677901 0.910866 3.516807 4.898667 3.703817 0.882448 
0.720943 0.724794 0.765522 1.094392 1.334561 9.347872 2.622079 1.175210 
0.888966 0.888945 0.890719 0.919142 1.373351 11.588949 1.667830 0.891572 
1.450535 0.952659 0.996530 1.153588 1.324588 1.673447 7.804981 1.465220 
0.779689 0.883776 2.239215 2.998012 1.483806 1.735620 4.580327 1.134207 
0.694161 1.394557 0.982097 1.245385 1.620752 2.142919 5.144911 1.273222 
0.717834 1.528221 1.055954 1.380774 1.841663 2.525527 3.878793 0.591973 
0.612845 0.797291 2.120234 1.261353 1.651976 2.200833 4.989384 1.171029 
0.677734 0.871435 2.537215 1.286963 1.609642 2.039393 4.778981 1.241193 
0.566747 0.617667 0.957622 2.968831 1.655659 2.248553 5.125955 1.136581 
0.647979 0.791240 1.919135 2.760595 1.837297 2.430659 3.389672 0.646607 
0.463637 0.491813 0.641178 1.111727 3.795899 2.507896 4.932866 1.274294 
0.619658 0.857982 0.722621 0.820516 4.084016 2.155581 5.821349 0.592527 
0.325440 0.361748 0.584918 0.858231 1.067012 5.098667 4.935971 1.112199 
0.718127 0.667219 0.705289 0.761915 3.027550 4.242059 5.734703 0.640353 
0.308853 0.351348 0.543779 0.884652 1.060067 1.709404 8.803244 1.225696 
0.785638 0.781969 0.783048 0.784057 1.061417 3.656285 10.953565 0.781870 
1.614451 0.973746 1.039973 1.261552 1.624765 1.817496 1.612564 5.824080 
1.063458 1.685339 0.988127 1.021954 1.059541 1.145611 4.497589 7.323519 
0.909142 2.546034 1.092701 1.213763 1.355313 1.519942 1.721737 5.056684 
1.010715 3.355874 1.055672 1.213560 1.146712 1.194462 1.818189 4.240377 
0.807016 0.975551 3.436710 1.240517 1.413480 1.621059 1.866400 4.765035 
0.970106 1.940862 3.168045 1.513565 1.210534 1.278049 1.354717 3.919162 
0.759703 0.784379 1.086193 4.372497 1.467741 1.725585 2.041782 4.639073 
1.008009 0.988437 1.076963 6.922617 1.294780 1.049431 1.061938 4.044651 
0.698142 0.709048 0.814620 1.176225 5.345353 1.870978 2.312130 4.520286 
0.974929 0.988014 1.031412 3.641670 5.420244 1.096570 1.117885 3.998501 
0.621593 0.629817 0.686712 0.992185 1.177219 6.564466 2.625152 4.547158 
0.775484 0.893961 2.351630 1.091658 1.217457 5.014962 2.134010 3.368797 
0.313611 0.371584 0.630622 0.767947 1.107503 1.799603 5.872973 4.238781 
1.033961 1.615732 0.979094 1.018030 1.061271 1.511806 6.626935 4.579736 
0.461002 0.510437 0.775366 1.078583 1.190650 1.533692 2.147384 9.405572 
1.187909 2.000643 1.000217 1.000944 1.002004 1.002581 1.003467 11.429412 
