2.005413 1.186333 0.098459 0.390770 0.091509 0.093243 0.910648 0.527356 0.208270 0.136142 
0.096275 4.060478 0.404073 0.112409 0.767878 0.130319 0.262616 0.088170 1.136639 0.129851 
0.948594 2.300697 3.868101 0.226589 2.550668 0.610167 0.140941 3.986666 0.269625 0.132579 
0.876252 0.735014 5.541377 0.617032 0.426810 0.735513 0.354212 0.687508 0.134301 0.458260 
0.368618 1.845284 5.383666 1.077105 0.948313 0.444586 0.461989 0.128918 0.133827 0.160488 
1.788271 0.547434 0.125931 4.354001 0.277390 0.209382 0.110503 0.285405 0.190425 0.145586 
0.243579 3.600862 0.247018 3.947888 0.225405 0.691719 0.121304 0.217786 0.704715 1.085240 
0.246019 2.393911 2.690484 5.156379 2.660013 0.387655 0.753483 0.092162 1.153143 0.124204 
1.057208 0.293986 0.335899 7.062283 0.189616 0.118423 0.143929 0.090403 0.265779 0.107996 
0.127899 0.104164 4.004497 6.151404 0.358361 0.119297 0.223572 0.101752 0.118953 1.202438 
0.098805 0.298218 0.117019 8.078598 0.192560 0.121634 0.146586 0.093614 0.268991 0.111207 
1.820459 0.367054 0.407418 0.135368 5.257500 0.262816 0.622472 0.858248 0.451925 0.941997 
0.988541 2.407810 0.524334 0.094389 6.777259 0.381489 0.447791 0.325008 0.412257 0.165958 
0.093323 3.923858 0.164867 0.117283 2.924901 0.136367 0.268887 0.208874 0.107207 0.135819 
1.315967 0.447760 3.150378 0.145342 6.081219 0.137240 0.225671 0.436233 0.102325 0.109400 
0.131174 0.438928 5.703635 0.330277 3.004263 1.160259 0.452796 2.496202 1.111020 0.251965 
1.135365 0.611826 1.699968 4.447607 6.098419 0.219398 0.122262 0.295188 0.208273 1.681029 
0.418063 2.207535 0.386412 4.087240 6.748340 0.428311 0.728849 0.341849 0.123252 0.150464 
0.104673 0.139524 0.104149 6.818489 5.126590 0.504005 2.800719 0.104761 1.110997 0.184513 
0.105821 1.303297 0.315052 0.336840 9.609507 0.208067 0.280885 0.102380 1.114489 0.254715 
0.130362 0.287615 2.418476 0.108338 9.201989 1.134213 1.252591 0.241487 0.686648 1.822892 
0.099559 0.270672 0.294299 0.490746 10.023982 0.904841 0.717945 0.090075 0.116570 0.139487 
0.769056 0.227872 4.437702 0.424613 0.372123 7.376998 0.636305 0.689959 0.458958 0.460817 
0.408433 2.367491 3.135867 2.574123 3.074036 5.483128 0.515846 0.339004 0.420794 1.553205 
0.975516 0.260916 2.164688 4.920831 0.321262 6.997733 0.241916 0.670363 0.737943 0.125777 
0.307125 2.279290 1.236148 4.752945 0.213211 6.411689 0.659197 2.550833 0.339286 2.234104 
1.238625 0.405730 0.116486 0.117712 4.843384 8.104770 0.206719 1.541841 0.870120 0.159990 
0.193984 2.369764 0.388491 0.555703 5.332457 7.609238 0.731999 0.811186 0.120439 0.116804 
0.295070 0.119908 0.390154 0.112531 8.349328 6.505123 1.227845 1.622412 0.635657 0.097621 
1.045151 0.873729 0.132620 0.367373 0.303810 10.470124 0.367196 0.692666 0.377532 0.463479 
0.445353 0.303464 2.845327 0.343478 0.097874 9.953203 0.217324 4.083068 0.821785 2.748410 
0.105076 0.222586 0.142236 3.998245 1.729415 10.375233 0.511811 0.446247 0.225208 0.315462 
0.175909 0.139762 0.091225 0.845899 0.084222 11.998239 0.129564 0.076437 0.251414 0.117377 
1.107860 2.495414 0.555530 0.316733 0.309929 0.175631 8.601215 0.110797 0.999358 0.451097 
0.161220 3.597803 0.117387 0.190659 0.450302 0.281662 6.746593 1.442447 1.455365 1.094829 
1.325914 0.386307 3.629651 0.108741 1.045051 0.183576 7.216425 0.134781 0.359567 1.177338 
0.179452 2.638842 3.449413 0.704698 0.267595 0.117738 7.395154 0.139583 0.117823 0.144220 
0.122761 0.326316 5.271719 0.097874 0.636866 0.189150 7.054319 0.209952 0.642191 0.771313 
0.976308 0.620848 0.617406 3.844513 4.393511 0.384679 8.607510 0.228211 0.883918 1.186293 
0.148022 1.984424 0.334519 4.830947 0.565420 0.337976 8.764971 2.848863 0.229071 1.201725 
0.117434 0.113594 3.123395 4.787264 0.580665 0.112359 8.909561 0.099319 0.124814 1.200006 
1.460311 0.162585 0.872842 0.256808 4.354404 0.309934 8.298671 0.229378 0.129576 0.317845 
0.211773 2.534900 0.752613 0.090185 5.272755 1.474912 8.054931 0.097812 0.346916 0.195805 
0.074993 0.080291 0.076470 5.333021 5.112883 0.348047 7.909068 0.317891 0.099294 0.126506 
0.148111 0.439178 0.259773 0.107699 8.785083 0.870833 6.867429 0.350788 0.335653 0.155268 
0.889663 0.291488 0.083756 3.344384 1.052247 6.406190 8.560641 1.508102 0.861775 1.185887 
0.370613 1.929362 0.653514 0.209852 0.671894 7.443295 7.774172 4.074778 0.281472 3.404388 
0.133734 0.124627 4.529848 0.182551 0.969911 4.716037 7.818478 0.160373 0.665435 0.618892 
0.141202 0.116792 0.227034 3.645838 0.242757 9.696833 5.302251 0.096319 0.119954 3.014555 
0.141871 0.333353 0.187130 0.115225 5.711199 8.156112 6.877171 0.360370 0.141115 0.164457 
0.155161 0.180803 0.599722 0.128250 0.160597 9.909710 8.137004 0.168617 0.134130 0.631904 
0.979410 0.507253 0.358134 0.422283 0.676965 0.142527 11.962039 4.375334 0.681666 3.456185 
0.143027 0.475339 2.646934 0.458468 0.340241 0.281653 12.678409 0.340052 0.853352 0.182475 
0.109254 0.104709 0.101668 3.510444 2.651476 0.103874 12.218706 0.104853 1.164496 0.184548 
1.852971 0.586589 0.397476 0.551316 0.114595 0.298474 0.672063 7.288992 0.128242 2.193677 
1.573627 1.914420 0.286199 0.766303 0.191378 2.106144 1.475715 7.335687 1.236761 0.119346 
0.112669 3.980671 0.131390 0.188371 0.126528 0.210174 0.228465 4.074873 0.198946 0.151473 
1.302542 0.533133 3.167301 0.163047 0.394196 0.787847 0.078079 9.394494 0.106789 0.918890 
0.074954 0.099186 5.125710 0.277039 1.344710 0.845956 0.086122 8.391470 0.246569 0.109498 
1.047682 0.298814 0.408798 4.411918 0.385114 0.123379 0.136981 11.137822 0.274496 0.116712 
0.315069 2.332756 0.742880 4.726102 0.197655 0.202881 0.116420 9.343417 0.663436 1.063384 
1.170458 0.255881 1.075017 0.199011 5.042402 0.227777 0.153015 10.306259 0.239007 0.546165 
0.122113 2.229491 1.053040 1.214836 5.051164 0.236539 0.161777 10.315021 0.247769 0.554927 
0.078021 0.093066 3.834201 0.226152 5.843701 0.846901 0.088245 8.392416 0.247514 0.110443 
0.084697 0.384156 0.197628 0.121988 8.276892 0.109393 0.759750 8.626508 3.390129 0.596882 
1.170914 0.772674 0.098677 0.214732 0.104594 6.064483 0.094108 8.344060 0.122976 8.283121 
0.276022 2.492037 0.101204 0.214523 0.362933 6.512010 2.354592 9.137174 0.126098 0.111651 
0.093988 0.251163 2.494562 0.184746 3.012089 7.435951 0.998459 9.835564 0.640009 0.583605 
0.101002 0.230471 0.639311 0.122277 6.846308 5.912649 1.063517 8.791717 0.650539 0.288355 
0.103941 0.113296 0.104228 0.333671 0.103201 10.755776 0.610734 7.430953 0.132832 0.229871 
0.101106 1.959994 0.160711 0.396092 0.306914 0.291192 10.772135 7.259886 0.114455 0.138293 
0.091915 0.086867 0.081752 5.380490 0.375608 0.482466 8.419565 7.299297 0.613337 0.113858 
0.121638 0.118296 0.492227 0.165535 3.439209 2.559743 10.575128 8.673834 0.461380 0.155072 
0.098043 0.098108 0.117040 0.098798 0.127447 7.661179 5.263643 10.565921 3.615617 0.491967 
0.425433 0.148639 0.124167 0.218265 0.101069 1.515845 11.552183 8.644426 0.433312 0.127109 
0.356133 1.790565 0.209141 0.117225 0.111342 0.220845 0.130309 14.353206 2.354801 0.145636 
0.099914 0.108712 2.258696 0.185142 3.384472 0.540108 1.551462 13.953181 0.412397 0.220461 
0.071395 0.069078 0.066284 3.391740 0.064549 0.088731 1.613982 14.484094 0.949113 0.108487 
0.192557 0.650936 0.114359 0.123182 4.359064 0.221735 3.259525 13.956680 0.135539 0.162823 
0.166032 0.773535 0.104141 2.054491 0.111487 4.922919 0.105690 13.936607 0.748503 0.172969 
1.898934 0.436839 0.578490 0.478644 0.311713 0.427672 1.795432 0.639378 7.695145 1.644474 
1.750730 1.624372 0.542663 0.078976 0.265267 0.111583 0.123336 0.071448 6.672454 1.091386 
0.106268 3.440142 0.526145 0.667188 0.139768 0.190260 0.203706 0.250530 9.834338 0.155415 
0.211235 2.739303 3.686316 0.392467 0.352570 0.831345 0.433970 0.286117 8.157735 0.139134 
0.580973 0.425080 5.409402 0.169620 0.332701 0.451587 0.251674 0.159373 7.674484 0.516553 
1.051686 0.141135 1.985180 4.083024 0.121730 2.625862 1.021436 0.124131 11.423728 0.281403 
0.337642 2.628570 0.833526 4.701454 1.775383 0.211976 0.677567 1.120497 8.298311 1.056331 
0.141700 0.404218 3.961487 4.918968 0.289877 0.376983 1.435897 0.274670 8.173529 1.819062 
0.109517 0.122855 0.506705 7.026648 0.116826 0.112178 0.802655 0.269430 8.960440 1.188794 
0.125634 0.131660 4.185071 0.156471 5.711249 0.294649 1.443810 0.275490 8.384576 1.452854 
0.110763 0.262598 0.283562 0.457876 8.917034 0.825316 0.659478 0.296010 8.396804 0.186699 
0.155241 1.856350 0.717742 0.348461 0.109313 7.685964 0.123887 0.109028 11.285826 2.391523 
0.122813 0.307319 0.096466 0.098447 3.734661 9.832625 0.428836 0.264592 8.243030 0.180510 
1.588780 0.613107 0.497954 0.155969 0.274355 0.371347 7.202401 0.289761 7.688429 1.637758 
0.300033 2.815271 1.253164 1.547163 0.117180 0.224424 7.269496 1.350424 8.169036 0.410014 
0.117991 0.152106 4.669645 0.152993 0.518761 0.306149 6.021068 0.278303 8.977312 0.506632 
0.083679 0.112113 0.094231 5.341470 0.384283 0.842524 7.498579 1.148032 9.575488 0.257541 
0.435214 0.175481 0.226766 0.108681 4.393195 0.126843 10.547022 0.107893 8.772589 0.125877 
0.149791 0.386573 0.222089 0.114766 0.113922 7.985603 6.297443 0.271511 11.041993 0.507014 
0.396575 0.759228 1.044424 0.158856 0.941790 0.875230 12.006375 0.444123 8.181254 0.156278 
1.067700 0.461987 2.535722 0.170639 1.784512 0.176303 0.103793 7.663834 9.468449 5.466025 
0.169490 3.014283 0.459707 0.588480 0.088325 0.761677 1.973137 7.141427 8.869678 0.123521 
0.125369 0.485722 3.507948 0.386122 0.195389 0.782462 0.175505 10.152332 9.492073 0.956580 
0.122482 0.127738 0.154972 4.313391 0.300815 0.284831 0.178583 10.876263 9.500810 0.965317 
0.214553 1.301679 0.263468 2.572050 0.160525 7.170988 0.102446 8.413278 7.922985 1.050085 
1.067085 0.444569 0.139163 0.114794 1.552684 0.153378 0.163287 0.161700 15.560575 0.147148 
0.130243 1.551871 0.123041 0.662796 1.263697 2.555637 0.163330 0.146969 16.253973 0.166228 
0.078895 0.076725 3.045262 0.098078 0.165868 0.123890 0.133856 0.080293 15.703171 0.434931 
0.137584 0.152631 0.298143 3.863969 0.274092 0.274397 1.948602 1.361140 15.591347 2.959957 
0.098829 0.134328 0.741603 0.103780 4.341778 0.568794 0.255231 0.095484 16.257164 0.176959 
1.134977 2.530650 0.555229 0.747570 0.368910 0.388910 1.359331 0.122124 0.115745 11.659893 
0.123598 3.456892 0.593977 1.711929 0.136684 0.136640 1.492880 0.398497 0.125545 9.832795 
1.088823 0.336589 2.887048 0.126550 0.859098 0.175833 0.108206 0.132981 0.387501 14.740629 
0.342070 2.408990 2.289544 0.137588 0.122977 0.190889 0.129828 1.769690 0.416774 14.486558 
0.205553 0.179616 5.214020 0.122566 0.631331 0.873764 0.108672 0.511928 0.219290 10.315900 
0.159158 0.144345 3.019526 5.683328 0.630137 0.188958 1.479343 0.186418 0.220717 10.316522 
0.159066 0.111619 0.118932 6.995881 0.246684 0.139364 0.109938 0.402313 0.165046 10.221517 
0.837218 0.290264 0.139602 0.124703 5.725065 0.144654 0.114185 0.109263 0.134451 14.879532 
0.179044 2.470106 1.169792 0.155804 5.633543 0.384113 0.885513 0.265200 0.304717 11.169979 
0.125387 0.129127 2.644790 0.144482 3.233850 3.478875 1.016236 0.227374 0.149709 16.147014 
0.407946 2.697685 0.089808 0.228710 0.097433 7.201223 0.096279 1.362488 0.108295 8.775742 
0.105660 0.105455 0.247139 5.667107 0.106690 5.412602 1.438993 0.304511 0.378940 11.259840 
0.215986 0.195727 0.202341 0.261434 5.156524 7.746619 1.283281 0.151983 0.303351 11.556494 
0.306332 1.629452 0.304476 0.360596 0.262598 0.106922 10.497878 0.593851 0.580021 10.876493 
0.181323 0.159285 4.325136 0.094530 0.533507 0.167245 7.108720 0.190112 0.215948 10.013104 
0.100480 0.104851 0.227647 5.196767 0.490490 1.383389 7.588396 2.484674 1.121949 10.477907 
0.106920 0.107235 0.116097 0.474687 0.136018 7.870703 7.608030 2.495436 0.579665 10.484524 
0.171013 2.089341 2.144172 0.303233 0.349091 0.208845 1.205796 8.622089 2.879304 11.498177 
0.154099 0.142241 2.443911 4.576366 0.528243 0.177953 2.931974 6.653541 0.116443 11.496022 
0.141396 0.119204 0.830363 0.119218 5.970689 0.150103 0.123689 5.071795 0.149708 14.889852 
0.157369 0.218372 0.790303 0.128832 0.173987 5.164785 1.164705 11.134139 0.130866 11.628371 
0.370581 3.054730 0.091745 0.839238 1.724725 0.400974 0.096105 1.161075 8.121250 8.777069 
0.157545 1.660784 1.703751 0.261156 0.297240 0.187191 0.951784 8.383415 7.831262 11.458963 
2.049058 0.392962 0.438954 1.659513 0.126522 0.253438 0.594960 0.846238 0.441707 2.157263 
0.109577 3.929295 0.776984 0.846482 2.459028 0.133012 0.274575 0.096069 1.108179 0.248405 
1.613681 0.685736 3.913518 0.615254 0.425171 0.732052 0.352624 0.685674 0.132875 0.951867 
0.193208 2.612337 0.427290 6.209986 0.929657 0.420665 0.451838 1.442954 0.266415 0.203606 
0.268807 3.082216 0.923788 0.121558 6.397879 1.759828 1.496801 0.349722 0.376642 0.225531 
0.102508 0.103404 4.797564 0.153446 6.208445 0.307566 1.603925 0.285953 0.761780 0.611692 
0.478477 0.310403 0.197961 5.983121 5.979555 0.943396 3.728430 0.101543 0.128332 0.181239 
0.167341 0.889162 0.995911 2.141426 9.338994 0.911682 0.725890 0.318691 2.037217 0.110883 
1.370717 0.901064 2.151138 1.238891 0.107616 7.045381 4.275320 0.683741 0.466452 0.454608 
0.163026 3.004785 0.148628 1.227570 2.428847 6.861419 0.237603 0.206077 5.006208 0.162956 
0.352849 0.256245 3.852297 0.140646 0.337905 9.347070 0.129902 0.295699 0.238053 1.194343 
0.116997 0.232060 0.147972 4.336432 1.871992 9.596296 0.501327 4.021898 0.232374 0.317473 
0.101121 0.807751 0.591065 0.142423 6.110407 9.244925 0.221919 0.155193 2.314274 1.474020 
0.405247 0.269927 0.083045 1.257300 2.359834 11.435976 0.097656 0.283921 0.104631 1.104695 
0.524792 0.121274 0.259350 2.455038 0.101179 3.165622 0.159484 14.422971 0.728708 0.116542 
1.228124 0.473043 1.493899 0.185215 2.985777 0.763639 6.340100 1.426586 9.478153 5.544129 
0.415467 0.779208 4.984791 2.204210 0.292890 0.380002 1.438990 0.140014 8.176529 1.822062 
0.685322 0.472865 0.321436 0.105817 8.043753 0.139464 2.405564 0.101969 8.688189 2.784954 
0.285193 1.609097 0.321829 3.200859 0.449656 8.946391 0.123913 2.072284 6.945556 1.070033 
0.704491 0.302007 1.669623 0.114167 0.858685 0.443376 10.943017 0.824379 8.318950 0.917166 
1.287555 0.774130 1.149846 2.203434 0.088112 0.089331 0.663041 0.109608 0.170171 14.313503 
0.114279 0.171190 0.951707 0.117057 6.975536 0.178431 0.122301 1.794701 0.414941 14.206373 
0.324096 1.583652 0.322330 0.378465 0.601337 0.134642 10.166778 3.750258 0.594302 10.903877 
