2.006323 0.006865 0.006394 0.013321 0.010026 0.006517 0.010052 0.008218 
1.797798 1.793456 0.008329 0.014163 0.014249 0.010656 0.008987 0.013271 
0.904893 3.585945 0.009997 0.017553 0.012062 0.009394 0.012996 0.014371 
0.009945 4.007105 0.007379 0.008549 0.017146 0.010837 0.014522 0.012317 
1.801876 0.012232 2.685614 0.020292 0.014433 0.016053 0.012409 0.016959 
1.171045 2.318321 3.484418 0.015111 0.015731 0.019817 0.015728 0.020365 
0.009584 3.583536 2.693288 0.009304 0.009810 0.007032 0.007739 0.009419 
0.897987 0.009220 5.383639 0.010476 0.010278 0.013167 0.009187 0.010599 
0.008945 1.809761 5.364265 0.009850 0.008383 0.013955 0.022674 0.009366 
0.006645 0.006597 6.006587 0.013274 0.008595 0.006655 0.010210 0.011972 
1.795456 0.009663 0.006479 3.581609 0.009057 0.010757 0.007248 0.011428 
1.163591 2.309275 0.011617 4.664227 0.012830 0.017762 0.015282 0.013395 
0.010374 3.586143 0.008014 3.583144 0.010588 0.011422 0.011453 0.012937 
1.158233 0.013999 3.481781 4.630041 0.007995 0.009916 0.008582 0.013034 
0.014778 2.311647 3.484707 4.632966 0.015235 0.019826 0.011930 0.013803 
0.008330 0.008227 5.369565 3.598360 0.010866 0.015478 0.015032 0.009432 
0.891875 0.007764 0.007569 7.182952 0.008114 0.007589 0.007905 0.009296 
0.007900 1.811709 0.005901 7.142935 0.007545 0.009088 0.008616 0.024510 
0.007193 0.010905 2.680023 7.168918 0.009260 0.011470 0.006952 0.012119 
0.007172 0.007172 0.007512 8.007172 0.007805 0.007237 0.010792 0.008942 
1.798363 0.010574 0.010041 0.011452 4.484140 0.024063 0.013330 0.024818 
1.156070 2.322017 0.010101 0.011086 5.820074 0.010199 0.013941 0.011920 
0.008932 3.578475 0.006977 0.007686 4.506576 0.010748 0.013792 0.024980 
1.163958 0.011628 3.464118 0.012022 5.815434 0.026667 0.019025 0.028267 
0.012777 2.308053 3.472673 0.012299 5.820008 0.015127 0.025736 0.016369 
0.008956 0.009796 5.364622 0.008543 4.513502 0.008637 0.012072 0.013388 
1.153286 0.011019 0.013911 4.649305 5.821363 0.014415 0.014821 0.011063 
0.011038 2.302477 0.010404 4.632954 5.817630 0.009610 0.010113 0.014656 
0.008298 0.008486 3.435888 4.647451 5.816731 0.011777 0.012707 0.013560 
0.006696 0.006649 0.008535 7.151297 4.505427 0.006603 0.007470 0.011698 
0.888804 0.010225 0.008554 0.008501 8.987419 0.011963 0.008649 0.013482 
0.011623 1.771054 0.010308 0.010519 8.989277 0.012846 0.010330 0.016103 
0.010351 0.010272 2.650902 0.010321 8.987119 0.009612 0.009112 0.014259 
0.008635 0.008620 0.012207 3.529136 8.988232 0.009760 0.026901 0.013908 
0.008419 0.008114 0.016516 0.008525 10.007860 0.010222 0.007979 0.009221 
1.795461 0.006740 0.006119 0.007033 0.006553 5.364085 0.009487 0.011063 
1.164683 2.315792 0.008738 0.011569 0.009685 6.931560 0.009086 0.009958 
0.012192 3.592763 0.010612 0.009757 0.009750 5.342643 0.009792 0.011094 
1.164578 0.012206 3.478347 0.014886 0.017585 6.947486 0.018616 0.012018 
0.014322 2.314778 3.475886 0.010418 0.015124 6.945025 0.015428 0.009559 
0.006753 0.017519 5.371303 0.008003 0.013012 5.381214 0.006807 0.011844 
1.194398 0.008725 0.011042 4.515775 0.010579 6.909322 0.019395 0.009929 
0.009681 2.369403 0.015301 4.503126 0.013184 6.960055 0.008050 0.013099 
0.012695 0.012657 3.506516 4.598019 0.023722 6.930893 0.029308 0.024025 
0.006819 0.006735 0.006666 7.166508 0.008677 5.359698 0.007530 0.011703 
1.157198 0.014985 0.011599 0.019326 5.836731 6.931551 0.039355 0.013352 
0.011968 2.308185 0.010676 0.016524 5.871043 6.866726 0.010896 0.016227 
0.012202 0.012250 3.442333 0.019445 5.844546 6.935904 0.012762 0.013729 
0.008037 0.008011 0.008980 4.584422 5.823356 6.949043 0.008614 0.026473 
0.010247 0.010471 0.010415 0.050857 8.957847 5.368410 0.035123 0.014145 
0.910484 0.007159 0.006870 0.007344 0.009538 10.711840 0.010336 0.011920 
0.010110 1.799165 0.008866 0.008709 0.008839 10.739194 0.008703 0.010304 
0.007083 0.007143 2.718229 0.007578 0.008286 10.712103 0.007687 0.008587 
0.008342 0.006835 0.008225 3.603820 0.008217 10.725435 0.018275 0.012137 
0.007530 0.007522 0.008562 0.017325 4.526117 10.712553 0.008138 0.026306 
0.006473 0.006473 0.006476 0.007027 0.006473 12.006472 0.009732 0.008052 
1.799152 0.011342 0.010806 0.010819 0.016836 0.014083 6.276281 0.013093 
1.190889 2.259464 0.009065 0.013451 0.008895 0.010143 8.095027 0.010677 
0.010197 3.583419 0.019275 0.008951 0.009542 0.011759 6.282361 0.012830 
1.160071 0.013211 3.481219 0.010832 0.016131 0.011100 8.116415 0.012470 
0.012018 2.316590 3.477733 0.015451 0.011053 0.014160 8.096474 0.021095 
0.006436 0.006574 5.380169 0.012421 0.011808 0.010351 6.233831 0.011870 
1.159838 0.014474 0.014211 4.660565 0.014077 0.014498 8.108893 0.018734 
0.011933 2.324249 0.008884 4.607501 0.011435 0.008748 8.103462 0.010227 
0.010571 0.009157 3.482490 4.649593 0.013230 0.012922 8.027536 0.010012 
0.005793 0.006220 0.005740 7.166130 0.006506 0.005406 6.247522 0.010488 
1.158886 0.020582 0.020337 0.023423 5.837294 0.020337 8.153041 0.035808 
0.010490 2.325536 0.008999 0.008857 5.796241 0.012521 8.046590 0.013877 
0.007607 0.009789 3.471716 0.007928 5.793420 0.011002 8.073209 0.013786 
0.008993 0.007856 0.009142 4.579660 5.847402 0.015619 8.079429 0.009575 
0.007469 0.008578 0.014644 0.007337 8.958949 0.011410 6.247680 0.012632 
1.163739 0.008987 0.012175 0.011908 0.010413 6.941628 8.083441 0.023607 
0.014147 2.334335 0.015423 0.013477 0.014199 6.887739 8.113316 0.032115 
0.009774 0.012005 3.470022 0.011377 0.009587 6.920023 8.120853 0.014386 
0.009404 0.020297 0.008126 4.648073 0.008632 6.890362 8.107144 0.008235 
0.007979 0.011293 0.028039 0.044201 5.823675 6.914140 8.056795 0.013303 
0.008151 0.008156 0.008179 0.008151 0.017132 10.735396 6.282831 0.013346 
0.901519 0.008501 0.008259 0.010484 0.008007 0.008005 12.533105 0.013254 
0.008746 1.786055 0.007924 0.008422 0.010070 0.007463 12.547096 0.012507 
0.006499 0.006183 2.688519 0.006136 0.006863 0.012102 12.528756 0.007686 
0.007918 0.011785 0.007780 3.610929 0.007784 0.009690 12.507391 0.007884 
0.008178 0.008105 0.010133 0.012536 4.522886 0.008958 12.499951 0.012912 
0.006375 0.006344 0.007086 0.006597 0.006337 5.371482 12.529145 0.008212 
0.007310 0.007964 0.008467 0.009195 0.007300 0.008694 14.007298 0.009025 
1.799734 0.012901 0.013826 0.016892 0.015190 0.020096 0.012379 7.186134 
1.165478 2.314044 0.011343 0.012106 0.012762 0.022482 0.017421 9.276434 
0.011714 3.578938 0.010136 0.013741 0.009555 0.012633 0.009109 7.225858 
1.171774 0.014031 3.468682 0.016306 0.017028 0.015247 0.014581 9.252256 
0.010118 2.314778 3.462335 0.008899 0.011089 0.011297 0.008565 9.285751 
0.008015 0.008630 5.371064 0.008178 0.013741 0.011307 0.009149 7.182092 
1.162594 0.009854 0.011210 4.637500 0.012175 0.012626 0.009971 9.244547 
0.014009 2.318018 0.019661 4.640111 0.014788 0.019910 0.012473 9.247159 
0.009657 0.009353 3.465851 4.632009 0.009320 0.009699 0.009488 9.259116 
0.009307 0.009307 0.017040 7.161670 0.009475 0.013019 0.009849 7.176742 
1.159130 0.018441 0.018201 0.018307 5.851843 0.019776 0.018172 9.262407 
0.017219 2.313561 0.015921 0.017030 5.888360 0.022960 0.017956 9.136320 
0.009446 0.009274 3.433475 0.009338 5.842937 0.012259 0.009662 9.255689 
0.007471 0.007425 0.008188 4.610862 5.798229 0.007244 0.009976 9.247039 
0.007534 0.008493 0.015951 0.007563 8.949729 0.009610 0.008305 7.169514 
1.147805 0.008149 0.007768 0.010672 0.009597 6.977712 0.008397 9.304367 
0.009312 2.329823 0.007883 0.009677 0.013370 6.880000 0.014163 9.268332 
0.007566 0.010726 3.482381 0.009399 0.007617 6.945979 0.018556 9.202029 
0.008043 0.007557 0.007271 4.648604 0.008744 6.892295 0.007676 9.255902 
0.008786 0.008819 0.008794 0.008792 5.822996 6.895440 0.009190 9.236256 
0.007727 0.007704 0.008002 0.007982 0.007706 10.733495 0.008273 7.182645 
1.163201 0.011572 0.011396 0.014246 0.011235 0.019235 8.015328 9.357493 
0.015095 2.316560 0.013408 0.013596 0.014921 0.021559 8.021272 9.359726 
0.009835 0.015960 3.466053 0.009688 0.011299 0.012194 8.013829 9.355994 
0.010235 0.011156 0.016816 4.659600 0.012272 0.014341 8.085757 9.194439 
0.008768 0.008731 0.013471 0.013463 5.810882 0.011267 8.078009 9.215847 
0.007590 0.008319 0.014239 0.010207 0.008319 6.929096 8.091921 9.250724 
0.006528 0.011371 0.007922 0.007297 0.006436 0.007743 12.521971 7.176516 
0.903698 0.011109 0.012865 0.012233 0.010809 0.017689 0.011095 14.327185 
0.009568 1.794259 0.008755 0.011238 0.010887 0.010261 0.011647 14.324852 
0.011612 0.012261 2.701568 0.016509 0.011724 0.012698 0.013008 14.313295 
0.009524 0.009355 0.013837 3.569479 0.009294 0.013232 0.009711 14.337316 
0.007962 0.007372 0.007580 0.026653 4.459034 0.009998 0.018143 14.333414 
0.006862 0.006862 0.007046 0.006864 0.006862 5.318868 0.010206 14.353837 
0.008773 0.008772 0.008773 0.013783 0.008771 0.008777 6.238914 14.337176 
0.008479 0.006558 0.007964 0.007987 0.012231 0.007443 0.012817 16.005263 
1.944122 0.443702 0.640113 0.877492 1.088957 1.320295 1.414708 1.724149 
1.356916 2.781124 0.789588 0.900316 1.377015 1.183425 1.827108 1.930642 
0.227726 3.885473 0.570516 0.846657 1.103577 1.279708 1.526108 1.724849 
1.352487 0.528339 4.072095 1.168751 1.380724 1.629429 1.917064 2.137921 
0.288996 2.691387 4.043271 1.164172 1.340701 1.586547 1.914930 2.338510 
0.217547 0.453452 5.786322 0.843184 1.129107 1.298627 1.435297 1.880138 
1.372742 0.561223 0.841543 5.345377 1.372683 1.606554 1.839704 2.216199 
0.282337 2.731429 0.756168 5.322823 1.414347 1.655557 1.896219 2.121848 
0.278712 0.533890 4.102097 5.342339 1.387812 1.594544 1.844494 2.127492 
0.216216 0.426003 0.652164 7.745410 1.103818 1.335359 1.470228 1.669181 
1.346916 0.541467 0.869700 1.150417 6.728839 1.586648 1.775871 2.044273 
0.275744 2.677043 0.844428 1.065387 6.714137 1.662858 1.879448 2.140502 
0.276482 0.545836 4.032646 1.103440 6.811599 1.718585 1.855587 2.156561 
0.229587 0.474005 0.641106 5.449103 6.704987 1.698020 1.974462 2.066317 
0.214745 0.423239 0.651008 0.857104 9.642653 1.264433 1.507524 1.723032 
1.334445 0.588066 0.751745 1.112677 1.283346 8.099426 1.759776 2.160333 
0.268116 2.722250 0.780927 0.985487 1.341066 8.131667 1.786607 2.083528 
0.270271 0.531197 4.084110 1.064728 1.321129 8.036449 1.840536 2.211223 
0.287318 0.544768 0.763101 5.398845 1.362565 8.120680 1.790839 2.131494 
0.250782 0.484428 0.790759 1.096792 6.851505 8.006817 1.862825 1.963992 
0.217551 0.421097 0.660939 0.843839 1.062723 11.546210 1.462522 1.718264 
1.358584 0.545146 0.831254 1.216413 1.428642 1.677047 9.502378 2.220032 
0.272272 2.704518 0.829227 0.976959 1.333431 1.640036 9.421855 2.123337 
0.268593 0.545520 4.037833 1.078710 1.480628 1.570693 9.439844 2.184766 
0.236546 0.436653 0.690716 5.392147 1.322494 1.559941 9.596097 2.326921 
0.270761 0.546346 0.721233 1.169787 6.805416 1.603615 9.243894 2.161073 
0.266787 0.562016 0.814200 1.078851 1.329612 8.081432 9.388621 2.171699 
0.213408 0.421737 0.635320 0.878966 1.072990 1.276138 13.462587 1.725312 
1.349875 0.558045 0.799853 1.135403 1.366381 1.573757 1.921750 10.872614 
0.269494 2.715407 0.808707 1.091698 1.521856 1.531928 1.831546 10.709782 
0.280045 0.551815 4.071715 1.131132 1.456906 1.586610 2.013809 10.684452 
0.270875 0.548083 0.801936 5.439227 1.321178 1.790692 1.625308 10.778873 
0.287389 0.538916 0.819664 1.065753 6.730482 1.586984 1.779781 10.762629 
0.282565 0.525030 0.795271 1.055142 1.433755 7.979571 1.976221 10.867109 
0.265231 0.553156 0.808375 1.066683 1.308619 1.519109 9.370347 10.863772 
0.215961 0.420517 0.646883 0.769577 1.085441 1.247600 1.462652 15.518215 
