2.013741 0.014233 0.015017 0.017601 0.014217 
1.974548 0.795545 0.013446 0.017037 0.013393 
1.805609 1.798855 0.017217 0.017263 0.024163 
1.428852 2.835095 0.012204 0.012758 0.012139 
0.893509 3.615160 0.019413 0.021099 0.019018 
0.395988 3.938496 0.017124 0.018435 0.012920 
0.011564 4.010646 0.015067 0.013615 0.010715 
1.977265 0.018117 1.178642 0.018157 0.022302 
1.896304 0.951158 1.464609 0.016188 0.016528 
1.619775 2.162054 1.601133 0.017191 0.017733 
1.080855 3.230790 1.616435 0.016689 0.020544 
0.491764 3.792786 1.423718 0.020924 0.022438 
0.018179 3.943393 1.171986 0.023827 0.018881 
1.805857 0.021715 2.701893 0.023004 0.017943 
1.625655 1.094527 3.253776 0.032962 0.026640 
1.169131 2.336871 3.502878 0.023506 0.023080 
0.532075 3.222047 3.240682 0.016230 0.014598 
0.017933 3.590974 2.700541 0.039279 0.014605 
1.433115 0.015697 4.248484 0.018320 0.016576 
1.086200 1.090773 4.821815 0.019170 0.023236 
0.541064 2.166694 4.831407 0.018939 0.020155 
0.014124 2.846219 4.246212 0.013091 0.013602 
0.908647 0.022246 5.397664 0.025992 0.025910 
0.482507 0.962836 5.697929 0.027337 0.030764 
0.012510 1.818121 5.366345 0.012776 0.033213 
0.406906 0.015143 5.896922 0.022155 0.016758 
0.014360 0.792699 5.897324 0.013609 0.016162 
0.009098 0.010553 6.009047 0.015737 0.013028 
1.980856 0.016245 0.016467 1.472992 0.020094 
1.902515 0.968165 0.017948 1.902564 0.017944 
1.619068 2.149434 0.017426 2.202083 0.018902 
1.084245 3.217440 0.015065 2.172908 0.014786 
0.475711 3.803854 0.037072 1.886089 0.021600 
0.013207 3.936335 0.016723 1.564078 0.015299 
1.908879 0.019750 1.401393 1.875472 0.022548 
1.767720 1.121174 1.743827 2.330890 0.025364 
1.272622 2.555443 1.905858 2.539322 0.013567 
0.594042 3.498429 1.742615 2.333223 0.025326 
0.022784 3.796686 1.430918 1.893540 0.023791 
1.612489 0.017069 3.234887 2.211595 0.026057 
1.281875 1.276818 3.821294 2.543971 0.022856 
0.640616 2.568349 3.807944 2.553716 0.022595 
0.016571 3.212410 3.238663 2.181426 0.023619 
1.089919 0.027618 4.843968 2.190698 0.027330 
0.574808 1.151146 5.254045 2.320181 0.030390 
0.018664 2.155627 4.824476 2.152256 0.015707 
0.482926 0.025142 5.692195 1.909870 0.025238 
0.016678 0.974022 5.671978 1.874936 0.018197 
0.013526 0.013337 5.892805 1.608149 0.017268 
1.805664 0.020305 0.018648 3.608640 0.018765 
1.620544 1.065186 0.016819 4.300912 0.020277 
1.166679 2.320800 0.019278 4.656222 0.016994 
0.543727 3.231780 0.025099 4.305941 0.021462 
0.024556 3.596119 0.023644 3.586494 0.019445 
1.618973 0.018225 1.631886 4.302952 0.022775 
1.287474 1.287302 1.915542 5.156034 0.033970 
0.634596 2.559499 1.957469 5.159012 0.043482 
0.022764 3.207828 1.631056 4.360969 0.035928 
1.170744 0.019839 3.464906 4.674270 0.019110 
0.655587 1.266128 3.817737 5.130883 0.057982 
0.024524 2.321831 3.464376 4.673739 0.021572 
0.545286 0.021001 4.841850 4.295295 0.025359 
0.019310 1.064205 4.810594 4.357565 0.032523 
0.012327 0.012813 5.373520 3.604166 0.013679 
1.424689 0.017383 0.017171 5.698373 0.021582 
1.077954 1.072048 0.014150 6.446423 0.017288 
0.531418 2.136120 0.024443 6.476963 0.016068 
0.025197 2.833835 0.027683 5.719326 0.025070 
1.091420 0.030640 1.623959 6.466930 0.031790 
0.584120 1.170182 1.736892 6.990822 0.025056 
0.020188 2.156497 1.624201 6.431311 0.031460 
0.561735 0.026316 3.227597 6.443018 0.027932 
0.014918 1.067323 3.176302 6.479103 0.015119 
0.013049 0.015136 4.238208 5.693114 0.014199 
0.901790 0.013157 0.012339 7.177459 0.015421 
0.474422 0.933909 0.015689 7.578422 0.016218 
0.019116 1.792645 0.017674 7.178827 0.016559 
0.478408 0.019252 1.377515 7.590434 0.018569 
0.012059 0.959769 1.402603 7.558619 0.013941 
0.009199 0.016548 2.677744 7.174390 0.015243 
0.397860 0.017105 0.017148 7.870149 0.022457 
0.016925 0.778469 0.020115 7.869645 0.024867 
0.010421 0.010424 1.168142 7.860083 0.014412 
0.010435 0.011934 0.020100 8.010208 0.013234 
1.977601 0.015463 0.024684 0.017296 1.949814 
1.902230 0.947069 0.016388 0.014918 2.300937 
1.619578 2.160556 0.015364 0.017022 2.620966 
1.088830 3.229651 0.022932 0.024148 2.717913 
0.470730 3.795636 0.021273 0.017390 2.386933 
0.017782 3.939308 0.018931 0.018672 1.976404 
1.903393 0.017276 1.440105 0.022229 2.349311 
1.764411 1.118679 1.731817 0.023928 2.935948 
1.279256 2.551593 1.919004 0.022464 3.238019 
0.580596 3.494778 1.745889 0.021494 2.875722 
0.014784 3.782702 1.421704 0.012021 2.376889 
1.622755 0.020982 3.213986 0.023009 2.705027 
1.279082 1.282833 3.817643 0.020041 3.192140 
0.632059 2.563574 3.789446 0.013324 3.177200 
0.014779 3.223768 3.197430 0.014555 2.721290 
1.084189 0.018278 4.821407 0.018528 2.681788 
0.596761 1.192426 5.195782 0.018750 2.923669 
0.018120 2.156134 4.835897 0.024223 2.654709 
0.471618 0.016379 5.670354 0.018448 2.431638 
0.021288 0.976800 5.673091 0.020097 2.357267 
0.011846 0.011859 5.889585 0.018423 2.020264 
1.908261 0.022818 0.031274 1.902414 2.389209 
1.755137 1.170638 0.021227 2.315286 2.833093 
1.277822 2.555420 0.019907 2.559401 3.184598 
0.592258 3.484488 0.029319 2.312584 2.890586 
0.014810 3.784691 0.013520 1.907314 2.343917 
1.756180 0.020028 1.751949 2.300068 2.873849 
1.440567 1.425942 2.137231 2.897860 3.544671 
0.710286 2.844209 2.137285 2.965759 3.551684 
0.013263 3.476009 1.724341 2.307151 2.962662 
1.288784 0.038619 3.834279 2.589330 3.245308 
0.723912 1.441758 4.286824 2.889330 3.564656 
0.026332 2.563124 3.799517 2.569803 3.168425 
0.598162 0.022187 5.233077 2.302504 2.876284 
0.017252 1.181224 5.220451 2.310008 2.865745 
0.015504 0.018776 5.667619 1.905295 2.385911 
1.624898 0.027686 0.026139 4.339188 2.677909 
1.296036 1.300367 0.029402 5.054160 3.013420 
0.647994 2.534532 0.022267 5.126627 3.177639 
0.016501 3.203774 0.023112 4.329579 2.734125 
1.278843 0.032139 1.893059 5.150737 3.263953 
0.731378 1.454374 2.166221 5.709262 3.532457 
0.015335 2.531093 1.916908 5.105023 3.165228 
0.636194 0.027342 3.824174 5.105958 3.175096 
0.020553 1.270379 3.769258 5.134300 3.227679 
0.018304 0.018011 4.805603 4.346470 2.671546 
1.079654 0.016746 0.024225 6.448644 2.684272 
0.579844 1.142021 0.017473 6.976745 2.933895 
0.019791 2.149397 0.020619 6.438813 2.701366 
0.590447 0.026718 1.746074 6.977505 2.888766 
0.018580 1.172040 1.708878 6.972265 2.881053 
0.021529 0.021117 3.235264 6.424541 2.703346 
0.477843 0.017972 0.018034 7.575833 2.354004 
0.022906 0.953259 0.022519 7.568903 2.388105 
0.015124 0.015128 1.459533 7.531166 2.451853 
0.016920 0.016256 0.025843 7.867978 1.932277 
1.807047 0.014855 0.015603 0.020493 4.449714 
1.637756 1.038210 0.023615 0.026107 5.355523 
1.170062 2.337404 0.023771 0.023477 5.820714 
0.522382 3.244958 0.019451 0.016221 5.347967 
0.017591 3.594450 0.027152 0.017970 4.478218 
1.624121 0.032167 1.637151 0.013976 5.287074 
1.279269 1.281400 1.946254 0.015790 6.313450 
0.643332 2.545197 1.927900 0.018050 6.355572 
0.017456 3.237818 1.624334 0.014423 5.287119 
1.169255 0.012331 3.467216 0.014472 5.789702 
0.645433 1.282192 3.829340 0.026445 6.364751 
0.016551 2.330116 3.459286 0.036650 5.814901 
0.544509 0.018500 4.835739 0.019574 5.368276 
0.022095 1.072782 4.833088 0.027136 5.389116 
0.013443 0.012858 5.368426 0.013852 4.520630 
1.623840 0.017067 0.018246 2.152025 5.340112 
1.281075 1.276494 0.021739 2.550592 6.381315 
0.641283 2.553330 0.023117 2.566771 6.346047 
0.021076 3.231033 0.028669 2.026152 5.423665 
1.277354 0.028977 1.916488 2.587421 6.381866 
0.716783 1.474135 2.202004 2.966106 6.902268 
0.014962 2.529098 1.908553 2.583604 6.356810 
0.641052 0.016403 3.830804 2.514621 6.344539 
0.026563 1.272580 3.810147 2.595274 6.368481 
0.012781 0.012774 4.835678 2.186652 5.304631 
1.166614 0.023395 0.019807 4.654248 5.808081 
0.637435 1.266669 0.023323 5.145549 6.340304 
0.016155 2.307978 0.017027 4.648901 5.815241 
0.632674 0.023958 1.967962 5.128444 6.276430 
0.024535 1.299420 1.937574 5.071791 6.324682 
0.020942 0.022387 3.480138 4.671362 5.762040 
0.556646 0.023660 0.023886 6.440045 5.368199 
0.024689 1.073187 0.024236 6.448403 5.375396 
0.022911 0.026288 1.595396 6.446108 5.373101 
0.013244 0.013237 0.022209 7.171225 4.478857 
1.434451 0.016536 0.022598 0.017937 7.065023 
1.094848 1.088910 0.020723 0.021314 8.018628 
0.541662 2.132265 0.017941 0.017640 8.075402 
0.015088 2.862758 0.014312 0.017065 7.029210 
1.084768 0.023541 1.587257 0.023817 8.088227 
0.570971 1.162572 1.744630 0.021020 8.729906 
0.020138 2.158262 1.614551 0.026348 8.036935 
0.544181 0.020883 3.229340 0.020956 8.055656 
0.018845 1.075303 3.220177 0.023960 8.044740 
0.015206 0.014713 4.232114 0.016804 7.127316 
1.091033 0.028369 0.027592 2.163399 8.064391 
0.577700 1.204428 0.018814 2.340706 8.676046 
0.020021 2.161820 0.020306 2.166439 8.022444 
0.578685 0.020753 1.721013 2.293537 8.742867 
0.024027 1.171720 1.730254 2.325519 8.707602 
0.023898 0.029747 3.238478 2.171282 8.027286 
0.541467 0.019069 0.019136 4.296250 8.055981 
0.014658 1.061020 0.014328 4.285683 8.054418 
0.017882 0.028641 1.610385 4.299284 8.036063 
0.012879 0.028859 0.016542 5.644534 7.114713 
0.913730 0.011971 0.013632 0.013186 8.937309 
0.485647 0.957679 0.014028 0.015575 9.440687 
0.015334 1.813370 0.015549 0.014653 8.944504 
0.477999 0.023024 1.451458 0.019871 9.445339 
0.017271 0.982212 1.395792 0.014315 9.439754 
0.019301 0.020251 2.710773 0.017069 8.951743 
0.487326 0.027611 0.021085 1.889309 9.460957 
0.019887 0.973904 0.018521 1.879076 9.445808 
0.016730 0.016668 1.402404 1.893971 9.458977 
0.016528 0.017148 0.015651 3.556216 8.982224 
0.391711 0.015050 0.014270 0.015300 9.834130 
0.019092 0.777868 0.018411 0.020819 9.836213 
0.014386 0.014385 1.142069 0.014921 9.836175 
0.012028 0.011912 0.012019 1.583430 9.816580 
0.008905 0.008868 0.009063 0.009017 10.008866 
