2.568026 1.230038 1.874826 1.026870 0.991187 
2.731593 1.008453 1.692735 1.033498 0.997020 
1.917498 2.546555 1.879059 1.017589 0.994678 
1.882905 2.488165 1.845331 1.301279 1.017935 
1.260529 3.821453 1.904547 1.028932 0.990498 
1.281437 3.764076 1.905290 1.036907 0.987839 
1.917964 1.228504 3.820156 1.029359 0.990237 
2.101867 1.015975 3.517455 1.053989 0.982027 
1.281643 2.506340 3.818804 1.027555 0.991050 
1.245212 2.416319 3.730117 1.145053 0.951950 
1.275799 1.324481 5.600434 1.030613 0.990590 
2.540479 1.242569 1.126289 1.585009 0.928216 
2.562975 1.135538 1.205745 1.297127 0.990671 
1.915210 2.548342 1.112356 1.562446 0.936382 
1.919017 2.552859 1.109378 1.557004 0.938164 
1.299597 3.842920 1.090491 1.568715 0.948918 
1.259828 3.748104 1.195791 1.318428 0.894483 
1.887842 1.232129 1.877317 1.745167 0.751700 
1.250791 2.473966 1.850280 1.771734 0.742895 
1.136403 2.231829 1.874319 2.012544 0.662619 
0.948697 3.483948 1.684076 1.616320 0.795026 
0.925498 3.234782 1.461563 1.847306 0.730364 
1.769936 1.005276 3.220118 1.515651 0.830223 
1.847332 1.007612 3.286809 1.409535 0.865870 
1.264324 1.258464 3.663031 1.761079 0.746561 
1.173090 1.447452 4.124872 1.594910 0.802186 
0.866159 2.281440 3.484112 1.703896 0.766916 
1.006276 2.145570 3.550185 1.604487 0.798594 
1.076315 0.843736 4.894066 1.744922 0.753005 
1.113432 0.870028 5.161788 1.597238 0.802245 
0.771220 1.140471 5.273925 1.777165 0.741019 
0.798390 1.134531 5.453840 1.668221 0.846534 
1.916575 1.296946 1.200082 3.048136 0.829019 
2.137521 1.341758 1.124255 2.761253 0.950105 
1.296627 2.532020 1.201422 3.046647 0.827992 
1.113676 2.325589 1.389967 2.511310 0.968086 
0.966719 3.572605 1.151858 2.799825 0.881781 
1.047330 3.440854 1.145686 2.792705 0.887012 
1.136967 1.051066 1.653756 2.716607 0.428912 
1.414793 1.141303 1.604050 2.392689 0.537102 
0.748584 2.019430 1.639023 2.629459 0.462006 
0.990063 0.837843 2.859007 2.559847 0.481272 
1.014503 0.880703 2.956995 2.476856 0.508990 
0.586174 1.180110 3.170960 2.694288 0.435371 
0.758031 1.146111 3.657822 2.358514 0.547307 
0.826836 0.710552 4.197090 2.323425 0.565755 
0.838852 0.717422 4.290331 2.276427 0.582450 
1.896664 1.003047 1.054653 4.609702 0.920772 
1.244393 1.215735 1.200846 4.439550 0.654153 
1.447577 1.621714 1.127335 4.282628 0.818579 
0.816276 2.186171 1.225165 4.227881 0.660108 
0.803698 2.079566 1.203141 4.436445 0.649989 
0.999033 0.900231 1.474124 3.686666 0.414232 
1.011712 0.911402 1.451149 3.683135 0.418898 
0.514933 0.981165 1.615417 3.492849 0.202135 
0.338616 0.666287 1.985672 3.507157 0.428134 
0.530983 0.597459 2.539461 3.285339 0.243550 
0.511580 0.578329 2.397534 3.144972 0.744153 
0.623377 1.062096 0.997225 5.794282 0.451383 
0.470847 0.907443 1.153711 5.109499 0.379704 
0.387965 0.471957 1.688446 4.727834 0.178062 
0.527349 0.618317 1.204611 4.883881 0.318505 
0.270474 0.538007 1.446127 4.077655 0.117826 
0.356062 0.710390 1.264264 4.665202 0.144588 
0.716421 0.658121 0.943526 6.159255 0.434380 
0.790617 0.691367 0.893458 6.602740 0.523181 
2.705924 1.368748 1.015003 1.022090 1.407496 
2.574361 1.457772 1.061155 1.094126 1.385388 
2.025076 2.704176 1.012425 1.018689 1.498723 
2.258306 2.286304 1.045233 1.102954 1.022883 
1.356778 4.045616 1.021768 1.024717 1.435018 
1.325429 4.139427 1.069873 1.067253 1.068257 
1.001923 4.929708 1.013835 1.020158 1.040803 
1.001377 4.897131 1.048051 1.032813 1.008529 
2.674696 1.006743 1.666355 1.027625 1.354219 
2.706120 1.009308 1.542334 1.036445 1.351133 
2.207245 1.464623 2.270485 1.025916 1.546356 
2.413116 1.008404 2.248993 1.026085 1.690191 
1.481883 2.883700 2.249222 1.019695 1.692541 
1.312159 2.536575 2.224570 1.365685 1.565338 
1.002681 4.131569 1.920004 1.016766 1.537041 
1.033644 3.823711 2.281213 1.020779 1.526551 
1.968923 0.999881 3.840588 1.021280 1.310605 
1.893806 0.998211 3.763367 1.125540 1.274304 
1.496312 1.446394 4.389018 1.016199 1.666317 
1.456476 1.411453 4.124952 1.016121 2.385452 
0.996545 2.758570 4.012718 1.018493 1.501152 
1.177406 2.588048 3.661297 1.053370 1.424866 
1.332313 0.995542 5.701533 1.024699 1.392230 
1.266535 1.091260 5.613496 1.072793 1.374959 
0.993742 1.334380 6.144015 1.019674 1.517039 
0.913887 1.072701 5.884457 1.241220 1.773495 
2.746585 1.011776 1.026923 1.587583 1.286522 
2.734820 1.031600 1.028033 1.587984 1.285858 
2.314340 1.560182 1.018685 1.937756 1.678568 
2.407259 1.575870 1.038281 1.424651 1.661014 
1.536252 3.126464 1.011143 1.933406 1.728839 
1.468463 3.450454 1.121673 1.968749 0.988713 
0.998563 4.351883 1.018398 1.722592 1.579274 
2.086385 1.030729 2.094652 1.702325 1.498437 
2.124489 1.085234 1.693906 1.539720 1.174817 
1.491650 1.509403 2.090487 1.832873 1.643995 
0.890051 2.745500 2.049477 1.705411 1.585118 
0.934995 3.234149 1.594586 2.307622 0.808318 
1.267197 0.897899 3.869621 1.703416 1.379817 
1.435572 0.997368 3.530123 1.541490 1.785516 
0.768363 1.389805 4.207836 1.769455 1.573106 
0.939900 0.816417 5.214713 1.638755 1.315817 
0.931759 0.980723 5.796351 1.389548 1.331325 
2.260722 1.001647 1.007515 3.410567 1.602478 
2.165725 1.025384 1.039293 3.405045 1.566999 
1.707222 1.719364 1.010847 3.940198 1.783059 
1.313280 0.952915 1.228415 3.285188 1.965837 
0.995636 3.213755 1.009688 3.839766 1.778052 
1.158871 3.330638 1.029509 3.576845 0.989650 
0.618094 1.182821 1.789965 2.758606 1.290699 
0.652177 0.623719 3.003065 2.653202 1.219677 
0.792452 0.692004 3.772663 2.348664 1.030717 
1.313520 0.921450 1.063355 4.780030 1.560198 
1.353169 1.105769 1.039934 4.872554 1.716306 
0.714858 1.326190 1.128204 4.412313 1.421644 
0.612818 0.966174 0.868276 5.765793 1.403396 
0.375696 0.549185 1.573708 3.339581 1.111333 
0.371546 0.519940 1.204340 4.053234 1.109721 
0.283766 0.564821 1.480689 3.443425 1.068538 
0.268375 0.534105 1.446451 3.484416 1.051093 
0.629145 0.612132 0.912764 5.276438 1.345088 
0.947361 0.777772 0.909611 6.359672 1.058237 
0.246093 0.453235 1.392734 3.775237 0.929222 
0.324393 0.427191 1.459596 4.213102 1.116777 
2.629359 1.006141 1.015168 1.020434 2.691404 
2.630812 1.011603 1.013332 1.016593 2.692993 
2.287479 1.489431 1.016481 1.026676 3.140901 
2.343364 1.079324 1.182059 1.101112 3.115046 
1.523259 3.023117 1.016848 1.020877 3.160801 
0.999096 4.180427 1.009854 1.011346 2.964974 
1.094163 4.015645 1.027885 1.042767 2.684521 
2.207853 1.001998 2.018222 1.019384 3.131922 
2.066201 1.026293 1.639749 1.231267 3.020030 
1.668471 1.683573 2.366021 1.024532 3.501775 
1.831863 1.171605 3.073446 1.021424 2.821928 
0.997071 3.219632 2.230952 1.013899 3.320613 
0.996413 3.148933 2.200024 1.022038 3.492824 
1.457921 0.994383 4.262629 1.023097 3.135537 
1.432162 0.990887 4.222944 1.044773 3.195767 
0.990750 1.578222 4.678709 1.023461 3.311604 
0.909925 1.501411 4.282013 1.223655 3.214925 
0.998438 0.993366 5.852005 1.018344 2.823306 
1.000272 0.993157 5.840075 1.020267 2.822458 
2.326060 1.004495 1.016265 1.768588 3.223502 
2.393695 1.006121 1.019766 1.475981 3.221804 
1.755516 1.792670 1.028707 1.946794 3.621826 
0.994387 3.392723 1.014576 1.962584 3.635401 
0.996219 3.808730 1.019744 1.083389 3.677767 
1.311877 0.930455 2.107595 1.738972 2.859174 
1.819340 1.036977 1.657068 1.424577 2.930069 
0.779235 1.510366 2.230155 1.837150 3.018067 
0.888308 1.976581 1.386774 2.005254 2.403397 
0.822160 0.717498 3.732544 1.779451 2.854038 
0.968565 0.895257 5.116389 1.442171 2.693198 
1.235187 0.915355 1.159828 3.089293 2.809621 
1.235442 0.918089 1.171141 3.035930 2.780257 
0.675493 1.470993 1.193400 3.099104 2.680869 
1.155664 0.867953 1.014473 4.157521 2.835336 
0.487687 0.562884 1.751899 2.662053 2.413257 
0.864158 0.789670 1.198176 2.883472 2.868322 
0.360816 0.718114 1.386597 2.796993 2.346327 
0.400334 0.806589 1.432164 2.716650 2.384180 
0.603395 0.580762 0.817006 4.558891 2.808869 
0.589263 0.564391 0.826232 4.159238 3.682036 
0.226576 0.408880 1.254404 3.349074 1.949067 
0.273968 0.461190 1.148644 3.453408 1.979968 
2.225331 1.002760 1.012910 1.017508 4.695589 
2.136781 1.050129 1.026062 1.011889 5.035114 
1.744279 1.708036 1.005094 1.009739 5.401306 
1.338813 1.371238 1.108615 1.280090 5.224603 
0.997332 3.305511 1.006543 1.011911 5.125915 
0.938607 2.794993 1.086133 1.175578 4.979435 
1.644392 0.995657 2.436407 1.016822 5.227348 
1.563581 0.994289 2.788340 1.019718 5.029480 
0.995414 1.852821 2.725610 1.008108 5.916096 
1.159990 2.622335 1.529312 1.018602 5.083556 
0.996752 0.987504 4.526575 1.017722 5.003644 
0.955860 0.906333 4.137349 1.138752 4.916782 
1.522565 0.961454 1.075197 1.850337 4.933187 
1.322377 0.941480 1.107180 1.958105 4.622337 
0.863218 2.144246 1.070854 1.798554 5.161444 
0.943661 2.504636 1.032414 1.983177 5.120851 
0.618762 0.581621 2.157252 1.808298 4.434614 
0.574714 0.550995 0.708075 3.563166 4.776360 
0.442636 0.789610 1.257824 2.298028 3.503050 
0.195607 0.379256 1.106611 2.626894 3.327952 
0.198015 0.382969 1.116448 2.621981 3.330983 
0.215813 0.388305 1.044189 3.005914 2.838689 
0.308812 0.460329 0.962435 3.343726 2.928071 
1.739679 0.997663 1.001383 1.004967 7.189972 
1.724697 0.997885 1.025915 1.006540 7.186948 
0.785232 1.609655 0.991944 1.156241 6.908046 
1.254172 1.999138 1.003671 1.006128 7.093854 
0.814412 0.760187 2.359756 1.119809 7.102252 
0.744806 0.883887 2.361184 1.121435 7.097996 
0.551260 0.572358 0.934943 1.629180 5.615700 
0.241643 0.403530 1.086258 1.844098 5.197267 
0.383561 0.582224 1.530101 1.678184 5.382590 
0.162661 0.294913 0.834237 2.316047 4.387982 
0.372289 0.424183 0.741715 2.925180 4.577921 
0.113344 0.207197 0.544118 1.510454 6.388752 
0.433231 0.446675 1.280829 1.302070 6.704328 
0.028839 0.038868 0.075164 0.164273 9.650466 
0.079115 0.142842 0.371416 0.932145 7.693563 
