2.013388 0.013424 0.013456 0.015501 0.014880 
1.984231 0.785756 0.021399 0.025063 0.022036 
1.806060 1.797351 0.017141 0.015936 0.015791 
1.426395 2.859207 0.019595 0.020304 0.019061 
0.896715 3.603825 0.015928 0.022129 0.014606 
0.398176 3.937181 0.012504 0.013162 0.013095 
0.018581 4.018485 0.018649 0.019301 0.019253 
1.982273 0.020843 1.166130 0.020392 0.020696 
1.908948 0.951425 1.428242 0.024376 0.021493 
1.612168 2.199654 1.617233 0.024673 0.022377 
1.080132 3.268072 1.574499 0.029224 0.029630 
0.485836 3.791742 1.451091 0.023054 0.020538 
0.019864 3.943909 1.181478 0.043223 0.019840 
1.799970 0.012105 2.700768 0.015592 0.012082 
1.618593 1.059479 3.247254 0.022585 0.017648 
1.166850 2.338228 3.506628 0.023044 0.039821 
0.550350 3.240462 3.191279 0.021161 0.017832 
0.015824 3.596499 2.680007 0.025706 0.018034 
1.430934 0.014453 4.236102 0.013022 0.015593 
1.084237 1.095269 4.849020 0.027350 0.023421 
0.556197 2.176829 4.816548 0.033970 0.027530 
0.017107 2.850704 4.239756 0.012842 0.013832 
0.908548 0.019917 5.393234 0.019904 0.019190 
0.484151 0.954291 5.688262 0.021973 0.027266 
0.016495 1.804944 5.381112 0.018853 0.025467 
0.399535 0.017244 5.906608 0.017841 0.018815 
0.011354 0.812322 5.887263 0.031024 0.010904 
0.010344 0.010358 6.010315 0.010364 0.010397 
1.979731 0.017616 0.018136 1.566614 0.025591 
1.912595 0.953971 0.024222 1.861274 0.022968 
1.608831 2.180733 0.012036 2.076613 0.010621 
1.088933 3.228350 0.021586 2.135143 0.018953 
0.477435 3.797566 0.023593 1.909298 0.020157 
0.019013 3.937650 0.017191 1.594336 0.017018 
1.906981 0.026263 1.479843 1.907354 0.029865 
1.749867 1.160458 1.750702 2.313327 0.016140 
1.282969 2.548077 1.897197 2.584925 0.020423 
0.593147 3.483690 1.697612 2.308714 0.019795 
0.020948 3.795588 1.398815 1.899240 0.019027 
1.629745 0.026333 3.237419 2.154068 0.029040 
1.279284 1.293230 3.800007 2.551329 0.015434 
0.632909 2.554708 3.795059 2.546381 0.013955 
0.021795 3.235303 3.229558 2.086971 0.026521 
1.076450 0.019863 4.855437 2.123531 0.022426 
0.594098 1.168645 5.232178 2.302011 0.021526 
0.022347 2.173964 4.813839 2.168123 0.021523 
0.482554 0.020568 5.686617 1.867312 0.025705 
0.014602 0.976402 5.658525 1.919915 0.013474 
0.014727 0.020836 5.896708 1.586993 0.017590 
1.800382 0.012740 0.014614 3.594792 0.013213 
1.623647 1.099771 0.026176 4.308496 0.023396 
1.164169 2.348325 0.019336 4.622258 0.018631 
0.537846 3.258621 0.033575 4.309392 0.033491 
0.021850 3.596849 0.028186 3.593519 0.029455 
1.625369 0.022889 1.630796 4.273360 0.022426 
1.288204 1.262431 1.916994 5.121572 0.031454 
0.624254 2.584601 1.868853 5.083117 0.017616 
0.019720 3.243530 1.532291 4.293557 0.027143 
1.171545 0.018683 3.486963 4.639152 0.022025 
0.650974 1.288271 3.809607 5.088917 0.029407 
0.019797 2.328358 3.483463 4.633283 0.019815 
0.545403 0.018637 4.828510 4.296310 0.021447 
0.021464 1.097364 4.821629 4.299091 0.024227 
0.014500 0.022224 5.379322 3.594848 0.014429 
1.427645 0.012630 0.014667 5.665956 0.012698 
1.089162 1.083952 0.018406 6.428213 0.030451 
0.548580 2.167459 0.018576 6.418392 0.024946 
0.025804 2.859499 0.028426 5.648495 0.018707 
1.086016 0.016013 1.621116 6.426751 0.019733 
0.576857 1.174163 1.744848 6.965786 0.023804 
0.028082 2.171899 1.613254 6.436671 0.041053 
0.552586 0.014812 3.220575 6.425473 0.016199 
0.015237 1.093133 3.217342 6.420539 0.016146 
0.020917 0.014240 4.266700 5.656934 0.015626 
0.908582 0.017815 0.016207 7.174296 0.020854 
0.471101 0.955881 0.013155 7.562696 0.010814 
0.025261 1.785287 0.020488 7.197319 0.020913 
0.475045 0.018957 1.406715 7.583864 0.019687 
0.020081 0.943822 1.389577 7.584269 0.029825 
0.015173 0.014402 2.674597 7.184232 0.015599 
0.392937 0.012859 0.013348 7.867026 0.014462 
0.025341 0.795826 0.024402 7.874050 0.024846 
0.016691 0.018318 1.191891 7.861663 0.019758 
0.011727 0.010474 0.012356 8.009185 0.013499 
1.977703 0.015048 0.015604 0.018496 1.934923 
1.903223 0.952076 0.016881 0.016796 2.366997 
1.628479 2.185885 0.040062 0.034730 2.721219 
1.075506 3.240104 0.016127 0.017147 2.651227 
0.474739 3.794864 0.015021 0.015214 2.339944 
0.017572 3.936323 0.015264 0.015332 1.978165 
1.895905 0.018213 1.461056 0.015724 2.379290 
1.753342 1.197539 1.645103 0.017849 2.897182 
1.280496 2.571180 1.891203 0.021120 3.170140 
0.584553 3.486213 1.733713 0.021406 2.918699 
0.018281 3.790323 1.428995 0.022875 2.371296 
1.620339 0.018091 3.229920 0.020690 2.677145 
1.291660 1.288853 3.797644 0.025341 3.198576 
0.654478 2.552259 3.811826 0.025617 3.239961 
0.020603 3.230837 3.205626 0.019972 2.694363 
1.080408 0.017631 4.846731 0.015404 2.617592 
0.587660 1.165034 5.224592 0.019878 2.927085 
0.020855 2.159697 4.823439 0.024055 2.629192 
0.484210 0.014309 5.672419 0.015543 2.370211 
0.023285 0.968053 5.663801 0.022531 2.474272 
0.015905 0.015890 5.896018 0.016644 2.004637 
1.899027 0.012121 0.012175 1.901258 2.335675 
1.753042 1.143729 0.012592 2.308662 2.846554 
1.276211 2.569799 0.019302 2.529375 3.167075 
0.587667 3.506326 0.024343 2.295039 2.882613 
0.018019 3.785530 0.017781 1.934507 2.338925 
1.743514 0.020205 1.778143 2.368674 2.917153 
1.437704 1.437590 2.137322 2.847727 3.618452 
0.720566 2.867783 2.143441 2.859470 3.511993 
0.020000 3.487756 1.735724 2.317684 2.885590 
1.295164 0.026014 3.806999 2.547092 3.194535 
0.729910 1.464600 4.261519 2.887020 3.604148 
0.033055 2.596507 3.736060 2.602230 3.204567 
0.587581 0.018528 5.227919 2.308954 2.890118 
0.015548 1.181080 5.211878 2.308397 2.893037 
0.017142 0.015600 5.653959 1.937118 2.432893 
1.615601 0.021175 0.016519 4.297924 2.715681 
1.295929 1.298210 0.032460 5.095944 3.192847 
0.641384 2.549632 0.036230 5.122913 3.339215 
0.015701 3.235058 0.020607 4.247984 2.704820 
1.279654 0.022634 1.924789 5.083990 3.239672 
0.743516 1.409180 2.160949 5.727173 3.520644 
0.025911 2.570269 1.909593 5.003066 3.258853 
0.647045 0.019078 3.814444 5.076418 3.207105 
0.017661 1.299081 3.787791 5.078468 3.197174 
0.016344 0.013733 4.796568 4.320318 2.748176 
1.064700 0.032225 0.030537 6.531106 2.707180 
0.583762 1.190145 0.021471 6.934377 2.998002 
0.015755 2.170328 0.014802 6.402701 2.692978 
0.590838 0.018798 1.735955 6.959045 2.873623 
0.021458 1.183863 1.791094 6.921558 2.923342 
0.016754 0.019964 3.240663 6.421864 2.667492 
0.481761 0.024647 0.022683 7.582403 2.350584 
0.019648 0.941173 0.018984 7.575347 2.355596 
0.014391 0.014286 1.384940 7.571864 2.366639 
0.012669 0.015406 0.020537 7.852764 2.001575 
1.802405 0.016158 0.016603 0.018013 4.513926 
1.620581 1.077733 0.021529 0.021726 5.401268 
1.159020 2.343547 0.017769 0.016409 5.803560 
0.547587 3.220123 0.019187 0.018028 5.392774 
0.017809 3.594825 0.015327 0.017692 4.473020 
1.627149 0.019751 1.625296 0.017873 5.280323 
1.266964 1.247462 1.900298 0.038120 6.623421 
0.613374 2.563898 1.920617 0.027444 6.408750 
0.017556 3.212508 1.603152 0.012437 5.393544 
1.171433 0.011509 3.466765 0.011916 5.772899 
0.644495 1.289761 3.788686 0.020008 6.398796 
0.025239 2.316002 3.476615 0.027886 5.857540 
0.533463 0.022543 4.840746 0.021120 5.397301 
0.023596 1.041723 4.836596 0.017922 5.393151 
0.016995 0.014620 5.377831 0.016249 4.497225 
1.620122 0.032382 0.021725 2.179783 5.378235 
1.297260 1.248688 0.018044 2.414514 6.354385 
0.594967 2.516357 0.019513 2.446671 6.588885 
0.020443 3.257405 0.018012 2.047982 5.302954 
1.298450 0.024515 1.869069 2.497450 6.378666 
0.728686 1.438424 2.147069 2.892691 7.139702 
0.026699 2.572128 1.868337 2.496717 6.377934 
0.625893 0.019402 3.730178 2.602062 6.507367 
0.019080 1.276572 3.792076 2.538262 6.390728 
0.015667 0.019870 4.837605 2.112913 5.357114 
1.188806 0.020562 0.021652 4.630027 5.721727 
0.648218 1.246002 0.027318 5.120802 6.394046 
0.020764 2.311047 0.018772 4.696412 5.760754 
0.635575 0.027505 1.877886 5.093914 6.439789 
0.018872 1.261136 1.828775 5.084706 6.430581 
0.022400 0.021821 3.484995 4.597746 5.841693 
0.549559 0.024979 0.025043 6.424469 5.421096 
0.019524 1.078439 0.017099 6.420184 5.391978 
0.017165 0.017488 1.601087 6.450076 5.343625 
0.012761 0.012740 0.012759 7.176275 4.464525 
1.435965 0.018810 0.029057 0.020155 7.074255 
1.075651 1.105521 0.020650 0.020704 8.066212 
0.533403 2.168005 0.021989 0.016367 8.038177 
0.019267 2.852793 0.018473 0.019622 7.070533 
1.088508 0.015969 1.628901 0.018053 8.016637 
0.591800 1.170909 1.738249 0.025145 8.717924 
0.028197 2.164820 1.622023 0.025928 8.033379 
0.543228 0.017978 3.223759 0.017689 8.050873 
0.020034 1.073443 3.239001 0.017601 8.028431 
0.015180 0.014590 4.224955 0.014687 7.135628 
1.084567 0.018125 0.019208 2.162109 8.040487 
0.585717 1.166589 0.017965 2.294803 8.708467 
0.018307 2.155418 0.020509 2.179685 8.021593 
0.588688 0.025323 1.748832 2.315967 8.711041 
0.025765 1.200102 1.721576 2.353283 8.681858 
0.018724 0.017283 3.210805 2.170665 8.039506 
0.548048 0.017534 0.016610 4.279479 8.049646 
0.017943 1.064070 0.017422 4.228037 8.107551 
0.015679 0.015716 1.600579 4.292395 8.039322 
0.011661 0.011681 0.011701 5.671549 7.078933 
0.912605 0.017403 0.026698 0.019334 8.944339 
0.475864 0.926014 0.010665 0.011896 9.462641 
0.012109 1.809979 0.015613 0.017107 8.942113 
0.470728 0.017342 1.403800 0.015623 9.474064 
0.020109 0.974382 1.437948 0.019683 9.436328 
0.017431 0.017417 2.696917 0.023206 8.964731 
0.479734 0.019327 0.019278 1.859669 9.471716 
0.022212 0.944771 0.022609 1.863021 9.475068 
0.012282 0.018839 1.419356 1.918252 9.435953 
0.020716 0.023397 0.019566 3.594455 8.961307 
0.409015 0.009275 0.009293 0.009142 9.807161 
0.012337 0.811297 0.011658 0.011519 9.809538 
0.011698 0.011452 1.149083 0.011470 9.829515 
0.012252 0.010702 0.012735 1.546243 9.824746 
0.012787 0.014511 0.015912 0.011213 10.011110 
