2.053658 0.055536 0.053720 0.055951 0.053831 
2.018525 0.831315 0.058394 0.056825 0.056573 
1.842064 1.836391 0.052162 0.055443 0.054086 
1.468426 2.882556 0.055982 0.056621 0.056164 
0.946145 3.636074 0.055158 0.056430 0.056502 
0.438740 3.978288 0.053391 0.059177 0.055552 
0.052390 4.051963 0.053716 0.052159 0.052567 
2.016778 0.057184 1.242386 0.058145 0.059907 
1.939308 0.989382 1.484278 0.056816 0.062541 
1.656103 2.206403 1.661897 0.057584 0.056821 
1.121297 3.280845 1.645062 0.059991 0.061035 
0.523629 3.827009 1.462257 0.057464 0.054140 
0.054917 3.976832 1.231647 0.058348 0.056209 
1.846798 0.055048 2.719398 0.057270 0.056959 
1.661191 1.127781 3.266831 0.058432 0.061993 
1.206773 2.373648 3.519151 0.059390 0.056359 
0.579807 3.260493 3.271029 0.053491 0.061197 
0.058018 3.635962 2.734119 0.056722 0.056492 
1.463128 0.054206 4.308333 0.063935 0.059257 
1.119078 1.106852 4.882382 0.060415 0.054724 
0.582095 2.191420 4.880043 0.057961 0.058839 
0.056131 2.881164 4.302047 0.062681 0.064211 
0.949289 0.059373 5.431626 0.059852 0.062631 
0.522231 1.010639 5.711784 0.064328 0.070028 
0.055445 1.845190 5.420536 0.055479 0.062022 
0.437632 0.055812 5.945382 0.055874 0.055997 
0.056765 0.817936 5.946317 0.060022 0.057920 
0.051917 0.052211 6.051914 0.058773 0.056697 
2.018354 0.056961 0.060069 1.595547 0.057760 
1.940768 1.002743 0.054813 1.920608 0.055963 
1.659621 2.191911 0.059872 2.190573 0.059452 
1.127563 3.262757 0.056582 2.177080 0.058908 
0.518299 3.828523 0.055010 1.932362 0.054584 
0.053887 3.976730 0.054727 1.601557 0.054142 
1.942092 0.054924 1.452623 1.937425 0.059060 
1.786761 1.206856 1.784733 2.371680 0.056924 
1.317793 2.597441 1.952903 2.581803 0.058342 
0.629674 3.529438 1.780973 2.385913 0.060991 
0.054137 3.830053 1.455265 1.918912 0.054270 
1.655980 0.052012 3.260298 2.180935 0.061140 
1.318820 1.314621 3.846919 2.579381 0.064416 
0.685880 2.575690 3.878021 2.582456 0.059434 
0.059691 3.260412 3.266954 2.193662 0.059103 
1.120814 0.055189 4.868592 2.207875 0.057166 
0.629859 1.211902 5.272099 2.365369 0.064146 
0.054246 2.182445 4.875856 2.184399 0.055866 
0.524163 0.056367 5.716533 1.938298 0.060516 
0.056478 1.005048 5.716767 1.911831 0.056653 
0.052958 0.052839 5.935869 1.624786 0.058232 
1.843210 0.058202 0.063918 3.642851 0.064183 
1.661194 1.129683 0.061349 4.354683 0.085748 
1.208764 2.366777 0.054656 4.670208 0.054649 
0.583053 3.261864 0.059722 4.349927 0.056896 
0.055342 3.630774 0.059925 3.640504 0.068418 
1.658609 0.056564 1.659311 4.330259 0.064198 
1.317818 1.314739 1.949997 5.126163 0.054871 
0.686673 2.580587 1.961597 5.145895 0.060093 
0.052265 3.254988 1.671451 4.328063 0.052325 
1.205521 0.056567 3.528980 4.686176 0.056453 
0.689589 1.308839 3.864246 5.150021 0.065976 
0.055588 2.362168 3.522287 4.674026 0.063810 
0.588457 0.062221 4.870376 4.351732 0.060847 
0.058320 1.133499 4.865940 4.323496 0.056563 
0.053342 0.053189 5.420144 3.629821 0.055122 
1.469319 0.057544 0.060541 5.720328 0.059282 
1.126605 1.119154 0.056612 6.472225 0.058041 
0.571464 2.188283 0.055764 6.498316 0.056764 
0.053887 2.883902 0.053977 5.706639 0.060289 
1.124230 0.054262 1.639589 6.473523 0.054475 
0.634162 1.205298 1.777666 6.995502 0.059654 
0.054260 2.184959 1.655480 6.478917 0.054470 
0.587511 0.056558 3.276329 6.461985 0.058263 
0.055542 1.113336 3.267895 6.472051 0.056136 
0.057793 0.059492 4.313324 5.697204 0.059535 
0.950415 0.054472 0.054491 7.200128 0.054248 
0.527510 0.998456 0.061262 7.607895 0.059974 
0.054812 1.854417 0.055446 7.199033 0.062012 
0.522057 0.054279 1.463587 7.600296 0.055053 
0.054202 0.990853 1.461250 7.599535 0.054292 
0.056853 0.059169 2.737254 7.214177 0.067506 
0.443100 0.055496 0.056312 7.903367 0.063511 
0.053796 0.827705 0.054050 7.902519 0.054317 
0.053236 0.060217 1.238922 7.895457 0.053330 
0.053061 0.053051 0.053051 8.053051 0.054045 
2.012994 0.052248 0.056194 0.055939 2.014172 
1.946386 1.006174 0.059309 0.059615 2.374405 
1.659957 2.203720 0.059957 0.059096 2.730783 
1.119952 3.270178 0.058754 0.058432 2.734185 
0.524820 3.836108 0.064611 0.062825 2.394209 
0.056258 3.975752 0.057840 0.055829 2.015818 
1.940640 0.063556 1.479765 0.060691 2.390794 
1.791980 1.208212 1.786409 0.059684 2.953984 
1.320831 2.594550 1.954594 0.059210 3.220028 
0.632774 3.521505 1.790530 0.060819 2.954201 
0.058283 3.827240 1.470579 0.059432 2.412467 
1.662125 0.059470 3.266355 0.063362 2.746191 
1.320730 1.322096 3.876911 0.062404 3.226224 
0.686686 2.581839 3.856750 0.061026 3.216562 
0.054155 3.262671 3.253987 0.055577 2.735831 
1.125097 0.061857 4.881078 0.064066 2.746379 
0.633596 1.216141 5.268635 0.065553 2.963120 
0.057269 2.192955 4.865017 0.061865 2.730086 
0.519281 0.053410 5.714359 0.056158 2.410540 
0.055285 1.002013 5.709112 0.058608 2.422609 
0.055203 0.056476 5.942622 0.057291 1.981579 
1.938875 0.054546 0.055649 1.945420 2.418896 
1.788581 1.201713 0.057673 2.376066 2.954103 
1.315952 2.587102 0.054879 2.586223 3.221660 
0.629847 3.518333 0.057235 2.354483 2.941787 
0.057390 3.825000 0.060091 1.946192 2.407436 
1.788182 0.055926 1.783532 2.369950 2.919268 
1.471886 1.468611 2.187338 2.882079 3.587248 
0.762631 2.915023 2.200555 2.910432 3.553805 
0.054110 3.514609 1.803056 2.346378 2.951276 
1.321531 0.069821 3.862593 2.578085 3.215753 
0.765345 1.472654 4.323433 2.890955 3.603306 
0.055608 2.594314 3.851381 2.572380 3.183620 
0.629559 0.063941 5.252370 2.376503 2.974482 
0.054471 1.203286 5.252173 2.361069 2.950219 
0.054448 0.054248 5.711641 1.931390 2.418168 
1.657643 0.054041 0.056803 4.322206 2.726717 
1.321798 1.316389 0.054632 5.103244 3.228373 
0.688877 2.584857 0.056251 5.107898 3.242624 
0.054762 3.258697 0.081419 4.337020 2.728536 
1.318410 0.055955 1.959258 5.118136 3.223989 
0.754682 1.461364 2.150786 5.754045 3.606065 
0.054464 2.589462 1.946990 5.104042 3.218772 
0.684144 0.058840 3.856810 5.123448 3.231821 
0.058140 1.320716 3.855060 5.114273 3.226222 
0.055765 0.058001 4.857794 4.358192 2.705783 
1.122769 0.055012 0.054995 6.473653 2.714462 
0.631959 1.212347 0.061311 6.991627 2.949423 
0.054689 2.184900 0.055158 6.481694 2.714561 
0.634672 0.055205 1.798977 6.971830 2.952674 
0.056387 1.207704 1.768089 6.999011 2.927831 
0.053966 0.063891 3.249895 6.481402 2.714268 
0.525969 0.054835 0.063256 7.600489 2.392302 
0.057135 0.997847 0.061826 7.601356 2.389113 
0.054060 0.053475 1.487297 7.588394 2.415326 
0.051964 0.051944 0.051942 7.897992 2.004296 
1.841409 0.055332 0.056361 0.057270 4.543397 
1.655835 1.114596 0.054197 0.056773 5.417314 
1.208838 2.364482 0.057978 0.058798 5.851275 
0.580870 3.264747 0.056053 0.057906 5.408830 
0.053234 3.629885 0.053932 0.056057 4.525320 
1.655147 0.052453 1.656737 0.052592 5.401800 
1.319829 1.315003 1.949052 0.060658 6.422787 
0.684935 2.580248 1.954606 0.059164 6.408226 
0.057018 3.259556 1.658086 0.065200 5.403491 
1.208112 0.056679 3.529159 0.060836 5.826815 
0.686644 1.320200 3.851368 0.062391 6.396685 
0.061209 2.373179 3.521044 0.065318 5.831297 
0.584256 0.056183 4.861001 0.056434 5.428638 
0.054462 1.124817 4.866123 0.056986 5.394764 
0.054307 0.054225 5.422741 0.055607 4.519844 
1.659386 0.060165 0.059997 2.220599 5.421692 
1.320961 1.312435 0.056762 2.583508 6.385113 
0.686062 2.591851 0.058516 2.594611 6.379655 
0.057273 3.268271 0.057873 2.177186 5.395013 
1.320903 0.060223 1.936668 2.561257 6.407009 
0.759568 1.466850 2.173253 2.886101 7.151459 
0.056661 2.589585 1.948770 2.567102 6.389621 
0.683418 0.060784 3.867425 2.589503 6.386089 
0.061332 1.320740 3.851786 2.586678 6.397359 
0.054879 0.054747 4.874958 2.204047 5.369061 
1.208428 0.058977 0.058832 4.690639 5.841450 
0.683933 1.319134 0.059181 5.111773 6.395138 
0.055959 2.362626 0.055617 4.669160 5.836881 
0.689591 0.057301 1.963492 5.100148 6.392747 
0.054074 1.320149 1.949833 5.113352 6.371801 
0.054544 0.055940 3.514941 4.681737 5.822943 
0.582247 0.057328 0.056585 6.484681 5.386332 
0.056394 1.128021 0.055239 6.468789 5.395248 
0.052916 0.061541 1.663378 6.466778 5.393051 
0.053152 0.053992 0.057170 7.208193 4.526206 
1.471117 0.062578 0.054866 0.056011 7.114515 
1.124404 1.121015 0.055138 0.057085 8.074619 
0.591527 2.196111 0.060761 0.059382 8.076686 
0.058221 2.884618 0.060895 0.060139 7.131797 
1.127589 0.054194 1.649046 0.054297 8.059816 
0.620423 1.190127 1.795188 0.054449 8.742490 
0.055496 2.191770 1.654163 0.056602 8.075395 
0.589764 0.057389 3.266069 0.060286 8.074912 
0.055607 1.113715 3.268246 0.057734 8.072320 
0.053547 0.051863 4.297620 0.053891 7.117590 
1.123459 0.058245 0.057703 2.190055 8.088728 
0.617998 1.206138 0.054972 2.354545 8.738935 
0.058837 2.185764 0.064826 2.188617 8.098387 
0.628892 0.057177 1.787443 2.344504 8.731161 
0.057620 1.203151 1.776974 2.380781 8.725102 
0.054263 0.060254 3.258385 2.192703 8.072324 
0.586789 0.056918 0.058487 4.311828 8.099810 
0.053810 1.128064 0.053859 4.329168 8.067264 
0.057876 0.065242 1.650270 4.339118 8.077635 
0.052383 0.052383 0.052470 5.712327 7.119266 
0.944413 0.056844 0.052898 0.059030 9.004171 
0.517169 0.980406 0.056221 0.056791 9.508485 
0.053799 1.830080 0.054936 0.059166 9.011911 
0.525167 0.055397 1.473935 0.054076 9.478132 
0.055046 0.997895 1.474796 0.055314 9.478993 
0.050809 0.050746 2.747515 0.050976 8.983727 
0.528731 0.060103 0.053505 1.954001 9.472112 
0.054044 0.996582 0.053519 1.939223 9.481373 
0.054729 0.055921 1.478720 1.921827 9.482432 
0.061207 0.056869 0.056885 3.622748 9.008419 
0.443236 0.054780 0.053251 0.055715 9.860795 
0.052928 0.831659 0.053112 0.055449 9.861307 
0.054342 0.058189 1.243030 0.056989 9.855952 
0.053235 0.054149 0.054603 1.623135 9.858798 
0.051190 0.052355 0.058225 0.051174 10.051163 
