2.047970 0.048707 0.048024 0.048530 0.049492 0.048951 0.047992 0.051299 
1.836528 1.841292 0.049750 0.049201 0.049227 0.049457 0.049388 0.049631 
0.941729 3.626036 0.048011 0.048816 0.055227 0.048337 0.048399 0.049060 
0.047354 4.046907 0.046954 0.047499 0.048814 0.047856 0.046922 0.050270 
1.835843 0.048643 2.740899 0.049508 0.050430 0.049507 0.048752 0.049104 
1.202383 2.355175 3.523732 0.049798 0.051685 0.051276 0.050238 0.052880 
0.049002 3.622911 2.741030 0.049726 0.051048 0.051156 0.049732 0.048384 
0.942236 0.049488 5.418348 0.049818 0.050727 0.050619 0.050770 0.049465 
0.049087 1.837885 5.415376 0.054721 0.050238 0.049781 0.050276 0.049947 
0.048345 0.048433 6.048257 0.048801 0.052711 0.050268 0.052552 0.050141 
1.838125 0.049160 0.050460 3.624797 0.051998 0.051764 0.050542 0.049094 
1.199616 2.368286 0.053793 4.673387 0.050839 0.053615 0.051784 0.051323 
0.049113 3.624005 0.048847 3.636357 0.058202 0.050510 0.050304 0.049133 
1.200562 0.050301 3.520773 4.672451 0.057462 0.052703 0.050168 0.050403 
0.049230 2.351525 3.520634 4.672259 0.055579 0.058998 0.053660 0.049532 
0.048284 0.048368 5.416810 3.620472 0.052661 0.050218 0.052501 0.050091 
0.940599 0.047969 0.048268 7.206787 0.049829 0.050663 0.049419 0.047924 
0.048937 1.832780 0.047759 7.206278 0.049491 0.049334 0.047657 0.049116 
0.048982 0.049014 2.741749 7.197993 0.051681 0.050763 0.053213 0.049488 
0.049000 0.049120 0.049021 8.048999 0.049571 0.051007 0.050517 0.050088 
1.837659 0.049085 0.048773 0.048813 4.516776 0.050373 0.048626 0.051754 
1.205538 2.362600 0.052423 0.051623 5.824231 0.053493 0.052416 0.052077 
0.049040 3.627198 0.048608 0.048835 4.514484 0.049321 0.049222 0.048631 
1.202501 0.048654 3.513805 0.048919 5.824041 0.050381 0.049460 0.048760 
0.053949 2.356473 3.516936 0.053487 5.825329 0.051629 0.050752 0.050034 
0.047690 0.049378 5.414511 0.048165 4.518935 0.051060 0.052002 0.050426 
1.203609 0.052801 0.051370 4.680035 5.824511 0.053066 0.054537 0.051403 
0.050964 2.367872 0.050443 4.652431 5.821787 0.051465 0.050072 0.049876 
0.048931 0.047867 3.514730 4.674506 5.806917 0.056596 0.048124 0.048416 
0.048236 0.048233 0.051570 7.204032 4.519365 0.049452 0.048359 0.048359 
0.939090 0.049544 0.047227 0.047167 8.997674 0.048615 0.051361 0.047174 
0.048086 1.835350 0.048345 0.048211 8.994196 0.048716 0.048087 0.051197 
0.049104 0.049135 2.736874 0.049695 8.989566 0.049788 0.050454 0.050932 
0.048707 0.048377 0.048373 3.629940 8.990229 0.051153 0.052571 0.056458 
0.047263 0.047263 0.047263 0.047984 10.047263 0.048223 0.047274 0.050477 
1.838892 0.051935 0.051507 0.052145 0.053366 5.432403 0.052492 0.057717 
1.203662 2.354063 0.047640 0.047628 0.047558 6.974570 0.049915 0.049139 
0.048616 3.628984 0.049439 0.048764 0.048890 5.397818 0.049952 0.054834 
1.201963 0.049966 3.519515 0.049956 0.051191 6.979567 0.050223 0.050118 
0.051600 2.353981 3.519096 0.049495 0.053243 6.979309 0.049529 0.052428 
0.048081 0.049780 5.417893 0.048415 0.049914 5.401546 0.052634 0.048072 
1.204686 0.049954 0.050392 4.659775 0.050511 6.979593 0.048748 0.048711 
0.049858 2.357250 0.049736 4.688397 0.050660 6.952225 0.055064 0.050039 
0.048675 0.048617 3.523008 4.669985 0.049383 6.952316 0.048717 0.050909 
0.048803 0.048909 0.048830 7.209712 0.052582 5.398852 0.049464 0.055193 
1.201407 0.049099 0.049131 0.048973 5.832896 6.975709 0.048802 0.051991 
0.048653 2.355134 0.047644 0.047574 5.833502 6.966227 0.047894 0.057539 
0.047682 0.054809 3.522758 0.047565 5.809837 6.966018 0.049850 0.057300 
0.049373 0.049370 0.051559 4.678126 5.818337 6.968039 0.049731 0.059367 
0.047872 0.048734 0.049132 0.047854 8.994023 5.409858 0.051925 0.050138 
0.943080 0.047939 0.049069 0.048067 0.049630 10.777643 0.052579 0.048851 
0.048060 1.838748 0.047861 0.048667 0.048755 10.777851 0.047971 0.047913 
0.048200 0.048311 2.740868 0.049940 0.050164 10.771917 0.048902 0.053381 
0.047497 0.047751 0.047544 3.635330 0.049156 10.773016 0.048815 0.049232 
0.048056 0.048073 0.048057 0.049389 4.515443 10.784030 0.049550 0.048368 
0.047031 0.047385 0.047014 0.047072 0.047014 12.047013 0.048408 0.047070 
1.837784 0.048320 0.048007 0.047842 0.050012 0.049117 6.293505 0.048762 
1.200783 2.368041 0.051776 0.053313 0.051900 0.052632 8.150345 0.051870 
0.048888 3.628723 0.048487 0.048703 0.052270 0.050038 6.289760 0.049966 
1.204631 0.053359 3.527499 0.052207 0.058213 0.053533 8.124242 0.052183 
0.051440 2.359552 3.523512 0.051642 0.053008 0.051735 8.118341 0.054049 
0.048744 0.047864 5.418974 0.050480 0.048411 0.049603 6.287543 0.051131 
1.203097 0.049189 0.050650 4.681193 0.050375 0.053316 8.109224 0.048748 
0.054414 2.357002 0.050143 4.680687 0.049869 0.050820 8.108718 0.048238 
0.049455 0.050369 3.524264 4.648346 0.053302 0.050393 8.142004 0.050134 
0.048225 0.048328 0.050565 7.207441 0.050774 0.049263 6.295899 0.049364 
1.203559 0.052309 0.051657 0.052705 5.825347 0.052629 8.153509 0.051747 
0.052580 2.354438 0.051144 0.050477 5.827323 0.051458 8.147530 0.050636 
0.048942 0.051167 3.519045 0.049586 5.813234 0.049868 8.129858 0.049111 
0.049497 0.049375 0.055965 4.671051 5.820245 0.050380 8.130905 0.061029 
0.047485 0.047566 0.050662 0.047485 8.993143 0.048107 6.304588 0.052223 
1.203467 0.049547 0.048736 0.048588 0.053877 6.966986 8.138694 0.048373 
0.048498 2.359680 0.048523 0.047894 0.053393 6.981169 8.116448 0.052326 
0.049393 0.049512 3.527983 0.051122 0.049718 6.977938 8.097770 0.049478 
0.048712 0.048639 0.052437 4.672396 0.048738 6.955638 8.147542 0.048939 
0.048195 0.048183 0.048900 0.048211 5.811676 6.976824 8.144558 0.052975 
0.047952 0.049350 0.048158 0.048479 0.049735 10.782747 6.305017 0.048086 
0.942714 0.048303 0.048248 0.048366 0.048364 0.048981 12.569509 0.048229 
0.048923 1.836292 0.047235 0.047353 0.047351 0.047968 12.568483 0.070423 
0.048003 0.048000 2.741471 0.048175 0.048093 0.055616 12.558056 0.061599 
0.047578 0.047583 0.047595 3.634292 0.047779 0.048784 12.561656 0.047578 
0.047226 0.047282 0.047310 0.047226 4.530147 0.048764 12.561646 0.048274 
0.048351 0.047962 0.047961 0.048228 0.047960 5.403350 12.576444 0.048018 
0.047618 0.047349 0.049076 0.047365 0.047354 0.047322 14.047305 0.048362 
1.837010 0.049047 0.049392 0.048802 0.056136 0.054475 0.049206 7.211893 
1.202840 2.365457 0.054213 0.050159 0.053970 0.053046 0.051292 9.279943 
0.049056 3.625529 0.049320 0.048648 0.049321 0.049200 0.050174 7.210490 
1.203094 0.052850 3.531279 0.053021 0.054532 0.054406 0.053024 9.287375 
0.047911 2.358966 3.510751 0.048144 0.055488 0.048713 0.050779 9.281343 
0.048049 0.049738 5.418251 0.048524 0.048494 0.049843 0.051894 7.183978 
1.200649 0.049439 0.049804 4.684582 0.059616 0.052097 0.051542 9.279074 
0.050702 2.363566 0.049823 4.668483 0.055369 0.050315 0.053589 9.264479 
0.048801 0.048807 3.524534 4.662274 0.049380 0.051082 0.049498 9.265965 
0.048547 0.048547 0.050591 7.210407 0.053726 0.050838 0.052719 7.178125 
1.204073 0.048217 0.048006 0.048076 5.814110 0.050003 0.052585 9.284679 
0.049673 2.362352 0.048052 0.048309 5.817560 0.050078 0.050384 9.272000 
0.049430 0.049767 3.517035 0.049101 5.828614 0.057103 0.052447 9.266360 
0.049703 0.049626 0.049316 4.682427 5.814913 0.056644 0.052912 9.270810 
0.047638 0.047487 0.047628 0.047495 8.998078 0.048367 0.048173 7.182635 
1.201597 0.049985 0.049890 0.049834 0.049886 6.994659 0.050315 9.286167 
0.050624 2.357821 0.049201 0.047731 0.049124 6.966805 0.047392 9.292537 
0.048185 0.048190 3.521457 0.048970 0.050699 6.989892 0.048484 9.243180 
0.048890 0.048892 0.049190 4.675080 0.051476 6.984771 0.051240 9.261421 
0.048659 0.049690 0.050324 0.048604 5.831476 6.984641 0.048917 9.260715 
0.049116 0.049114 0.049338 0.049114 0.049489 10.790142 0.049456 7.183421 
1.204397 0.048979 0.048796 0.050963 0.049938 0.049564 8.130604 9.279192 
0.051685 2.364170 0.050299 0.050290 0.051209 0.058894 8.141238 9.259595 
0.049828 0.050003 3.524096 0.049964 0.050072 0.050528 8.127012 9.266776 
0.048349 0.048410 0.048295 4.669829 0.050901 0.049776 8.140464 9.269818 
0.048671 0.046847 0.052486 0.047308 5.806588 0.047908 8.166951 9.263755 
0.048132 0.048037 0.048046 0.048418 0.048037 6.983335 8.131019 9.276084 
0.047476 0.047501 0.047478 0.047477 0.047538 0.047550 12.569097 7.203718 
0.940005 0.050403 0.048315 0.048361 0.051141 0.048642 0.048368 14.368941 
0.048785 1.843634 0.048018 0.047898 0.048130 0.048373 0.048270 14.344807 
0.047741 0.047849 2.734545 0.049198 0.047833 0.048642 0.050272 14.353875 
0.047612 0.047619 0.049525 3.632940 0.048466 0.047845 0.049901 14.350803 
0.047432 0.047474 0.047495 0.047548 4.515765 0.047692 0.049121 14.361307 
0.047400 0.047405 0.048629 0.047467 0.047401 5.434924 0.047468 14.344226 
0.047556 0.047545 0.047576 0.047546 0.047545 0.047546 6.309552 14.357800 
0.046959 0.046964 0.046967 0.046959 0.046959 0.046975 0.047548 16.046959 
2.000480 0.460185 0.721221 0.894227 1.056340 1.235374 1.620223 1.707243 
1.386742 2.729241 0.834996 1.078832 1.387348 1.624337 1.921776 2.140411 
0.280126 3.905686 0.671868 0.884311 1.072354 1.377845 1.447988 1.767271 
1.386862 0.533858 4.085149 1.121804 1.368034 1.690066 1.952051 2.128690 
0.322762 2.734516 4.097698 1.138479 1.388247 1.706391 1.950861 2.191652 
0.244822 0.447230 5.847511 0.868354 1.062189 1.217335 1.601218 1.415549 
1.388749 0.586747 0.869127 5.418626 1.382524 1.667414 1.938360 2.232684 
0.305424 2.733334 0.861859 5.455826 1.391098 1.678171 1.909096 2.204849 
0.314883 0.600586 4.080022 5.396953 1.403012 1.663472 1.879808 2.202152 
0.260385 0.463192 0.699479 7.736762 1.122616 1.316599 1.563431 1.710231 
1.390035 0.570918 0.836838 1.102049 6.747693 1.641911 1.918802 2.209796 
0.300394 2.738026 0.851106 1.108673 6.751984 1.646713 1.900144 2.198102 
0.321122 0.576337 4.095279 1.120490 6.750886 1.648409 1.910183 2.223888 
0.314285 0.597633 0.883880 5.434778 6.687467 1.671831 1.962771 2.138709 
0.246659 0.469446 0.650959 0.901746 9.683527 1.434030 1.490180 1.744250 
1.383342 0.574204 0.851977 1.126215 1.397766 8.098934 1.898274 2.148608 
0.307023 2.739051 0.909240 1.219004 1.380802 7.997346 1.911449 2.168653 
0.313441 0.566029 4.073789 1.146683 1.356080 8.087556 2.027586 2.150052 
0.310877 0.581375 0.855978 5.433134 1.373561 8.024599 1.908435 2.165639 
0.304112 0.569946 0.860210 1.167491 6.743672 8.092716 1.925708 2.151906 
0.261925 0.467869 0.687829 0.902586 1.122259 11.598936 1.494769 1.737199 
1.382559 0.549425 0.862184 1.100113 1.361271 1.677851 9.440366 2.185307 
0.310753 2.742698 0.879270 1.073506 1.360992 1.571788 9.451458 2.229346 
0.319819 0.574704 4.074478 1.123291 1.371199 1.682496 9.431006 2.163630 
0.316728 0.588801 0.866206 5.394417 1.430992 1.666803 9.417289 2.216640 
0.315435 0.597088 0.849282 1.157978 6.775144 1.602080 9.430237 2.168342 
0.319347 0.599226 0.854875 1.110842 1.408341 8.077653 9.558389 2.168880 
0.256777 0.480202 0.680769 0.844025 1.002240 1.400908 13.552533 1.523883 
1.406608 0.586764 0.831771 1.061631 1.369298 1.649116 1.967182 10.818794 
0.309246 2.755888 0.832677 1.062400 1.352643 1.633348 1.969107 10.804203 
0.313059 0.592526 4.108395 1.095701 1.379955 1.665124 1.908470 10.736068 
0.322746 0.577464 0.863978 5.408623 1.412655 1.677671 1.945345 10.816127 
0.316806 0.593608 0.862382 1.120337 6.757320 1.616460 1.955403 10.753056 
0.305704 0.575849 0.840815 1.176872 1.452612 8.103213 1.901006 10.791690 
0.314491 0.579891 0.862306 1.116841 1.386870 1.648835 9.414171 10.731135 
0.261353 0.471249 0.687945 0.896898 1.122433 1.328976 1.578260 15.401392 
