2.053776 0.054667 0.057108 0.056096 0.059370 0.057694 0.054162 0.058900 
1.841302 1.846661 0.054059 0.055407 0.055640 0.063075 0.055757 0.055313 
0.945288 3.641207 0.060593 0.060128 0.057708 0.058573 0.057882 0.059923 
0.052585 4.052171 0.052992 0.053813 0.064021 0.053141 0.052383 0.056586 
1.845618 0.057190 2.735659 0.056269 0.058475 0.056242 0.061640 0.059077 
1.207390 2.367081 3.515431 0.054476 0.059411 0.054940 0.053945 0.053989 
0.054985 3.635861 2.725970 0.056182 0.059908 0.063159 0.054578 0.057176 
0.951466 0.055810 5.417479 0.054623 0.056957 0.057151 0.054610 0.054650 
0.054474 1.851997 5.412782 0.055746 0.057037 0.054962 0.056159 0.055508 
0.052608 0.054113 6.052543 0.052753 0.054913 0.055084 0.052555 0.054619 
1.842424 0.053244 0.056046 3.626235 0.057132 0.054703 0.058767 0.057972 
1.206675 2.369067 0.056135 4.682983 0.058815 0.059861 0.056641 0.056179 
0.053261 3.632178 0.055583 3.622545 0.056668 0.053921 0.058303 0.055244 
1.214407 0.056495 3.514402 4.664135 0.058532 0.065843 0.056157 0.057892 
0.055873 2.373228 3.515448 4.664481 0.058876 0.057305 0.056501 0.056907 
0.054727 0.054282 5.419436 3.635677 0.056507 0.055366 0.056731 0.059319 
0.946163 0.054891 0.056077 7.215708 0.060185 0.058263 0.054832 0.059596 
0.053844 1.843499 0.056389 7.208429 0.056904 0.054918 0.065742 0.054912 
0.054784 0.055470 2.737646 7.210451 0.060362 0.064292 0.057356 0.059822 
0.052603 0.052633 0.052633 8.052578 0.054705 0.052644 0.052654 0.057559 
1.842725 0.055840 0.052998 0.052762 4.512920 0.061844 0.052780 0.054737 
1.214475 2.361064 0.066944 0.058399 5.829086 0.058206 0.056998 0.060662 
0.052794 3.631299 0.053413 0.054240 4.519907 0.053604 0.052830 0.054383 
1.211444 0.059725 3.524495 0.056059 5.811327 0.056706 0.056271 0.055959 
0.056168 2.373218 3.506519 0.053691 5.819653 0.055664 0.053538 0.056459 
0.053444 0.058225 5.421456 0.055063 4.520729 0.054427 0.053652 0.055205 
1.210192 0.055687 0.056793 4.684166 5.811941 0.058852 0.055537 0.057189 
0.055305 2.373748 0.055192 4.669067 5.801803 0.054145 0.053173 0.055034 
0.052789 0.061306 3.510683 4.672669 5.835133 0.054892 0.053441 0.055029 
0.052708 0.052788 0.052716 7.210059 4.519989 0.062636 0.056842 0.055133 
0.946972 0.055420 0.058424 0.056233 9.006637 0.057501 0.056730 0.059197 
0.053269 1.855146 0.052962 0.058761 8.979656 0.054589 0.052696 0.054605 
0.052979 0.054511 2.736549 0.052968 8.996889 0.054014 0.053898 0.056701 
0.053204 0.053291 0.062402 3.631235 8.997260 0.054432 0.057390 0.058257 
0.053102 0.052993 0.052996 0.053019 10.052986 0.054324 0.053730 0.055350 
1.845212 0.055411 0.055743 0.059164 0.056946 5.408871 0.055414 0.057046 
1.210284 2.372361 0.059627 0.058665 0.059118 6.973723 0.056954 0.059201 
0.055162 3.629395 0.055830 0.055643 0.056145 5.431595 0.059355 0.055683 
1.209018 0.057945 3.521667 0.058306 0.061281 7.005862 0.057851 0.060376 
0.052583 2.367850 3.498839 0.054220 0.054279 6.998345 0.053226 0.054868 
0.053814 0.055221 5.417513 0.055745 0.053820 5.431811 0.059572 0.055899 
1.208395 0.058812 0.055836 4.673815 0.060301 6.997756 0.058233 0.056179 
0.053069 2.363046 0.053240 4.676606 0.054648 6.972300 0.053147 0.055112 
0.053731 0.054615 3.515365 4.672797 0.058276 6.986376 0.056298 0.056106 
0.054009 0.055784 0.054096 7.203844 0.058050 5.437278 0.054033 0.055403 
1.212833 0.056278 0.061704 0.055648 5.811829 6.978742 0.059903 0.055549 
0.059053 2.364545 0.061961 0.062968 5.809332 7.026466 0.059769 0.088150 
0.055191 0.056081 3.507983 0.055491 5.823511 7.012086 0.057295 0.065409 
0.055678 0.055625 0.055633 4.646489 5.839962 7.012529 0.057737 0.065852 
0.054059 0.054516 0.054067 0.065589 8.993863 5.431305 0.054229 0.056380 
0.946502 0.054486 0.054651 0.056356 0.055251 10.794570 0.054559 0.056187 
0.056362 1.842048 0.056912 0.056660 0.062780 10.794193 0.056605 0.056869 
0.055105 0.054893 2.734029 0.055836 0.055868 10.792117 0.055714 0.059997 
0.054171 0.054098 0.060871 3.638564 0.054122 10.782142 0.054410 0.056551 
0.052623 0.053391 0.052633 0.052622 4.515862 10.791076 0.052790 0.054755 
0.053148 0.053348 0.053174 0.053145 0.054184 12.053144 0.054173 0.056957 
1.844948 0.059688 0.058830 0.056612 0.057680 0.056978 6.315827 0.058922 
1.210645 2.367029 0.057239 0.057969 0.058210 0.056599 8.138926 0.056508 
0.053577 3.633318 0.053400 0.054588 0.055004 0.061448 6.294862 0.054668 
1.210637 0.055313 3.522975 0.056689 0.056476 0.055093 8.120152 0.057106 
0.058926 2.364099 3.518448 0.058444 0.066632 0.057743 8.153703 0.061327 
0.053656 0.053579 5.419552 0.055884 0.058832 0.061927 6.317289 0.056325 
1.209451 0.059416 0.058352 4.676279 0.058509 0.057292 8.148902 0.056663 
0.058145 2.369462 0.064586 4.686528 0.063094 0.057991 8.110605 0.066905 
0.055805 0.057489 3.533736 4.654988 0.057948 0.056731 8.139760 0.058015 
0.052100 0.052111 0.057323 7.205303 0.054331 0.060679 6.320817 0.052239 
1.212036 0.062181 0.061912 0.055897 5.817945 0.058003 8.134337 0.059973 
0.057547 2.369262 0.061744 0.055728 5.817845 0.055935 8.133536 0.060889 
0.055586 0.056087 3.523112 0.055594 5.804598 0.062149 8.164560 0.058080 
0.055201 0.055268 0.055305 4.681636 5.819382 0.055578 8.137774 0.060034 
0.053827 0.053803 0.053803 0.053888 8.998556 0.059453 6.313438 0.058240 
1.210211 0.056180 0.055664 0.056326 0.056780 6.996014 8.121525 0.060769 
0.055333 2.370835 0.055520 0.056095 0.055170 6.983271 8.115769 0.060538 
0.054148 0.054327 3.515480 0.055329 0.057368 6.997705 8.125485 0.059730 
0.055952 0.056067 0.062265 4.671066 0.056817 6.999563 8.127244 0.061541 
0.054996 0.056258 0.054976 0.057450 5.818651 6.989272 8.144505 0.056258 
0.052559 0.052572 0.052560 0.052578 0.054889 10.789773 6.304003 0.053800 
0.949633 0.054958 0.055186 0.055278 0.055218 0.054815 12.572872 0.054442 
0.054780 1.853187 0.055380 0.055095 0.056273 0.058610 12.559024 0.057119 
0.055425 0.054714 2.749501 0.055013 0.054731 0.054801 12.563189 0.064577 
0.053507 0.053482 0.062708 3.654887 0.054597 0.057887 12.554616 0.058951 
0.053095 0.053094 0.053306 0.053225 4.520524 0.054096 12.578367 0.055543 
0.053498 0.053542 0.053571 0.058416 0.053533 5.443671 12.561665 0.055049 
0.052515 0.052516 0.053342 0.052514 0.055384 0.052551 14.052513 0.055258 
1.842465 0.054885 0.054952 0.054807 0.055546 0.054750 0.054015 7.213764 
1.206562 2.369947 0.056650 0.056326 0.056824 0.057613 0.055058 9.288277 
0.054189 3.627481 0.057291 0.054420 0.054171 0.055679 0.054138 7.244140 
1.208576 0.059008 3.522878 0.056020 0.054327 0.055257 0.054366 9.282960 
0.056241 2.364997 3.517931 0.059314 0.062687 0.059878 0.056287 9.302309 
0.052260 0.053590 5.415787 0.058360 0.054321 0.053620 0.062903 7.223467 
1.210347 0.054910 0.058485 4.676221 0.058285 0.061812 0.054778 9.277957 
0.056032 2.375373 0.057220 4.656511 0.056032 0.062406 0.058132 9.290316 
0.054240 0.058977 3.520638 4.650482 0.055786 0.054292 0.054413 9.330621 
0.053669 0.052240 0.052303 7.203486 0.053263 0.055741 0.053241 7.224147 
1.211182 0.060583 0.056241 0.058659 5.818342 0.057841 0.054998 9.293582 
0.057079 2.377064 0.062868 0.058322 5.801569 0.066095 0.057170 9.298241 
0.053883 0.054395 3.524410 0.053954 5.814979 0.054244 0.054683 9.294167 
0.054618 0.054611 0.056559 4.661236 5.841433 0.058159 0.059249 9.295196 
0.052776 0.052972 0.052783 0.052972 8.997190 0.053977 0.053119 7.207734 
1.210537 0.057380 0.055719 0.056306 0.056038 6.970850 0.085829 9.304528 
0.056154 2.369998 0.055052 0.055338 0.055967 6.962615 0.054933 9.295826 
0.055640 0.055165 3.511106 0.057645 0.057353 6.990474 0.055299 9.304976 
0.055272 0.055322 0.059003 4.658578 0.056600 7.009056 0.057624 9.289636 
0.054007 0.054035 0.054007 0.056535 5.823256 6.985412 0.061874 9.294138 
0.053401 0.053365 0.053894 0.053011 0.053027 10.778070 0.053064 7.229900 
1.211617 0.057270 0.057561 0.057025 0.055753 0.058758 8.131678 9.279521 
0.053310 2.368892 0.055862 0.053351 0.053382 0.055217 8.125560 9.278270 
0.055213 0.057206 3.517160 0.055987 0.059945 0.056134 8.135964 9.300946 
0.053965 0.054018 0.056654 4.662627 0.055187 0.055132 8.122417 9.328253 
0.053087 0.053087 0.053113 0.053089 5.823427 0.055585 8.137436 9.294097 
0.052773 0.052782 0.052774 0.052784 0.054278 6.975225 8.131818 9.302443 
0.052980 0.052973 0.053013 0.053034 0.052974 0.053295 12.571628 7.215985 
0.947717 0.054629 0.054459 0.054377 0.053956 0.053928 0.053986 14.367294 
0.052595 1.843373 0.054920 0.055624 0.055065 0.053325 0.057973 14.359479 
0.054159 0.055943 2.732490 0.055052 0.054101 0.058062 0.054209 14.371375 
0.052579 0.055377 0.052586 3.634192 0.053378 0.053119 0.057988 14.359489 
0.052252 0.052199 0.052363 0.052198 4.504364 0.052198 0.053296 14.378964 
0.052203 0.052573 0.052606 0.052189 0.052396 5.395698 0.052192 14.378312 
0.053080 0.053098 0.054030 0.053887 0.053085 0.053090 6.306074 14.368479 
0.052779 0.052798 0.055257 0.052829 0.052779 0.052882 0.058094 16.052774 
1.973775 0.520423 0.699490 0.927676 1.134576 1.303672 1.447709 1.734591 
1.414387 2.754654 0.714725 1.253959 1.365328 1.499243 1.887424 1.754837 
0.265140 3.907817 0.680955 0.905617 1.136134 1.188501 1.542337 1.722648 
1.399677 0.559648 4.106257 1.145636 1.362690 1.576801 1.861087 2.224694 
0.314838 2.757221 4.067026 1.120046 1.313052 1.509423 1.894032 2.143394 
0.271977 0.496495 5.833068 0.939815 1.129190 1.346695 1.461286 1.773406 
1.410396 0.592344 0.884672 5.467134 1.440729 1.627629 2.011508 2.220655 
0.316470 2.755226 0.856718 5.475119 1.378811 1.709193 1.881111 2.227835 
0.311960 0.607402 4.083844 5.438802 1.376215 1.671514 1.927086 2.093541 
0.261717 0.483029 0.671675 7.741080 1.126627 1.331152 1.492804 1.734030 
1.405275 0.583261 0.871515 1.122171 6.691478 1.605127 1.953057 2.218862 
0.321933 2.734677 0.850629 1.098002 6.750342 1.684760 1.918793 2.213454 
0.299538 0.612363 4.100820 1.111354 6.762877 1.698029 1.939776 2.237230 
0.328692 0.619013 0.863351 5.484230 6.757066 1.629660 1.935936 2.214574 
0.263689 0.485002 0.669714 0.918146 9.669889 1.363202 1.513426 1.838074 
1.403574 0.572968 0.855234 1.137721 1.370292 8.099911 1.899773 2.175946 
0.322884 2.738775 0.856150 1.135861 1.368697 8.094688 1.946596 2.179977 
0.311446 0.582771 4.110227 1.079679 1.369101 8.045715 1.871943 2.169474 
0.312887 0.571649 0.845481 5.418690 1.359593 8.112490 1.904088 2.196641 
0.323465 0.604089 0.869617 1.113241 6.768073 8.084562 1.973541 2.196872 
0.269236 0.476559 0.690238 0.932891 1.122544 11.589531 1.592927 1.688868 
1.404231 0.586713 0.851207 1.120388 1.338090 1.653850 9.457232 2.227576 
0.307731 2.741769 0.856107 1.113913 1.369034 1.563870 9.431040 2.190902 
0.309852 0.569737 4.073354 1.115821 1.367745 1.761213 9.446073 2.215153 
0.323343 0.584298 0.862058 5.439134 1.383158 1.659816 9.432131 2.091454 
0.329408 0.599577 0.815912 1.136364 6.751095 1.651524 9.419710 2.143998 
0.321145 0.594929 0.864959 1.122940 1.379601 8.077237 9.461359 2.181223 
0.249180 0.445612 0.711263 0.856506 1.095375 1.333557 13.564146 1.693926 
1.388755 0.601885 0.806228 1.129595 1.319901 1.643867 1.833855 10.837691 
0.324421 2.763801 0.871664 1.116645 1.375216 1.681477 1.794729 10.844620 
0.309216 0.570936 4.108929 1.121307 1.401983 1.728648 1.898856 10.674536 
0.329791 0.591124 0.839074 5.424807 1.381636 1.657408 1.865381 10.807190 
0.306415 0.569853 0.853230 1.150508 6.748316 1.652776 1.850379 10.821637 
0.314706 0.610178 0.893669 1.056964 1.414522 8.061501 1.861455 10.849697 
0.320657 0.589648 0.835010 1.150415 1.362166 1.587096 9.379139 10.811621 
0.260409 0.469578 0.679795 0.909099 1.191268 1.433311 1.528899 15.399948 
