2.063373 0.069955 0.068978 0.081977 0.078416 
2.008315 0.909301 0.058596 0.062761 0.117781 
1.861128 1.904492 0.101164 0.090700 0.118879 
1.445198 2.991094 0.116235 0.110508 0.159007 
0.910174 3.673052 0.056812 0.089551 0.061005 
0.437640 3.985003 0.095197 0.075802 0.086221 
0.113556 4.055834 0.212279 0.177955 0.315411 
2.037547 0.086656 1.160846 0.074583 0.100293 
1.930274 1.061301 1.440442 0.065190 0.125749 
1.625263 2.393851 1.522867 0.076642 0.085757 
1.101276 3.332743 1.592053 0.074577 0.082431 
0.519712 3.873925 1.446113 0.081956 0.144649 
0.131566 4.016119 1.349910 0.130004 0.461008 
1.843330 0.091866 2.753863 0.078799 0.105661 
1.694192 1.226537 3.253116 0.142530 0.131311 
1.219039 2.561466 3.572826 0.181043 0.138201 
0.582682 3.363333 3.067452 0.078486 0.108174 
0.091523 3.739353 2.420225 0.250606 0.348970 
1.474885 0.063875 4.270928 0.115551 0.062133 
1.132340 1.182853 4.821260 0.166924 0.061394 
0.598654 2.323925 4.673624 0.096674 0.077831 
0.159194 2.949619 4.142975 0.070491 0.052198 
0.964567 0.062727 5.413419 0.071919 0.070425 
0.557707 1.026608 5.695765 0.096821 0.100805 
0.127212 1.970929 5.302047 0.081870 0.095231 
0.462958 0.058923 5.926109 0.111323 0.130570 
0.072600 0.899788 5.891218 0.087673 0.099687 
0.068383 0.056204 6.051010 0.106040 0.057695 
2.016036 0.069101 0.080136 1.668170 0.091715 
1.976146 1.074779 0.125169 1.918115 0.152848 
1.642585 2.336569 0.090404 2.150185 0.144154 
1.110815 3.320990 0.132472 2.089221 0.081521 
0.503105 3.897025 0.094852 1.802919 0.122610 
0.187362 3.939175 0.059386 1.618801 0.177173 
1.958334 0.063344 1.367324 1.897038 0.082444 
1.813708 1.288327 1.719354 2.247986 0.218919 
1.306627 2.658240 1.939857 2.592684 0.332675 
0.618650 3.621323 1.628173 2.263361 0.093359 
0.182778 3.827015 1.411371 1.650721 0.098035 
1.682726 0.101545 3.323979 2.289752 0.115630 
1.298158 1.369527 3.882084 2.629271 0.065246 
0.684536 2.691934 3.779986 2.536849 0.125994 
0.212657 3.326559 3.242717 2.013538 0.181062 
1.137242 0.085517 4.784881 2.230608 0.068399 
0.646404 1.406176 5.395141 2.410978 0.283987 
0.127628 2.293610 4.843335 2.234896 0.265121 
0.520129 0.124562 5.710871 1.855127 0.049395 
0.086063 1.021376 5.695363 1.897841 0.079210 
0.108776 0.203870 5.959109 1.697574 0.265270 
1.857486 0.077716 0.098326 3.585749 0.098019 
1.673206 1.211972 0.122991 4.340631 0.172656 
1.205997 2.423619 0.096578 4.529405 0.055675 
0.583985 3.338327 0.079138 4.117574 0.059359 
0.179147 3.645538 0.073458 3.426769 0.236370 
1.671044 0.085673 1.628613 4.323639 0.111615 
1.322846 1.381543 1.965106 5.177393 0.288970 
0.690591 2.668912 1.973572 5.047943 0.085258 
0.113944 3.265082 1.668415 4.381240 0.199538 
1.224219 0.057560 3.489556 4.615123 0.097256 
0.717882 1.398253 3.868200 5.047331 0.118235 
0.132236 2.460693 3.452100 4.453705 0.039990 
0.624804 0.112281 4.813995 4.329285 0.108256 
0.093942 1.209154 4.802216 4.332513 0.113344 
0.052478 0.138584 5.422442 3.601468 0.181052 
1.485206 0.062979 0.104661 5.678098 0.096192 
1.156702 1.254433 0.118193 6.498635 0.159608 
0.599399 2.294868 0.091052 6.340564 0.149028 
0.149432 2.959664 0.056276 5.459163 0.229809 
1.136115 0.069738 1.666264 6.430182 0.068366 
0.654480 1.309568 1.731975 7.004439 0.100605 
0.135610 2.231782 1.631935 6.396156 0.110738 
0.614535 0.068847 3.299183 6.420024 0.067109 
0.090230 1.186998 3.271628 6.378063 0.079045 
0.092232 0.064571 4.239960 5.800465 0.126576 
0.969323 0.063552 0.081835 7.164387 0.118212 
0.533949 1.055503 0.130448 7.621477 0.107211 
0.116513 1.909491 0.057258 7.109834 0.065757 
0.525572 0.042185 1.499165 7.546820 0.049593 
0.078584 1.022218 1.509641 7.540474 0.081672 
0.114630 0.041664 2.762041 7.165279 0.067377 
0.468354 0.051164 0.069691 7.873877 0.144906 
0.078841 0.917764 0.079537 7.844803 0.083910 
0.075228 0.066255 1.234207 7.886130 0.099261 
0.049256 0.049194 0.057577 8.046842 0.056364 
2.026615 0.074649 0.074903 0.091509 2.002639 
1.948763 1.015916 0.080388 0.068430 2.413771 
1.625800 2.264303 0.053797 0.144731 2.729416 
1.089987 3.356145 0.105035 0.103431 2.735848 
0.488201 3.863185 0.089970 0.052453 2.033460 
0.202505 3.959380 0.077897 0.139603 1.975649 
1.938341 0.077104 1.419992 0.108800 2.393758 
1.825587 1.242874 1.871446 0.168660 2.862137 
1.326777 2.653993 1.924155 0.071342 3.093835 
0.628876 3.674651 1.677848 0.135407 2.910713 
0.191774 3.812702 1.282012 0.115454 2.531616 
1.672947 0.088940 3.250461 0.067455 2.740001 
1.319207 1.441880 3.912926 0.111650 3.083811 
0.676767 2.710753 3.801155 0.122569 3.159438 
0.086630 3.267449 3.299656 0.137532 2.651334 
1.164331 0.127679 4.853390 0.077061 2.619614 
0.649286 1.266512 5.174223 0.134701 2.995551 
0.130304 2.236639 4.782809 0.067165 2.761243 
0.529474 0.092827 5.715207 0.057254 2.383544 
0.105401 1.062127 5.683153 0.073120 2.451010 
0.140903 0.089426 5.975206 0.154288 1.988211 
1.926541 0.066691 0.083631 1.888815 2.365204 
1.805438 1.268150 0.098892 2.394580 3.108292 
1.292606 2.660987 0.091912 2.529935 3.130002 
0.590952 3.589913 0.089366 2.259125 2.893263 
0.188621 3.810470 0.057605 1.787883 2.376434 
1.795974 0.071325 1.721302 2.349600 2.850449 
1.516148 1.439856 2.168130 2.699724 3.536570 
0.779741 2.945718 2.089154 2.723504 3.486606 
0.091408 3.571953 1.681091 2.136579 2.936467 
1.308506 0.088425 3.871526 2.607273 3.220471 
0.791229 1.558291 4.259387 2.900348 3.495267 
0.145910 2.698146 3.671403 2.513594 3.085425 
0.643324 0.050982 5.244805 2.287021 2.948142 
0.095253 1.277997 5.214913 2.325578 2.877562 
0.038879 0.165224 5.694055 1.774935 2.512838 
1.679935 0.105034 0.088271 4.280558 2.717510 
1.342545 1.424510 0.152382 5.230518 3.309031 
0.681389 2.716057 0.138512 5.047273 3.072815 
0.166600 3.305661 0.088181 4.130926 2.586050 
1.341049 0.101007 1.898468 5.084629 3.137078 
0.790020 1.576476 2.158026 5.987401 3.701947 
0.147076 2.694859 1.884743 4.879780 3.164654 
0.703737 0.081586 3.875661 5.098844 3.287043 
0.096832 1.334018 3.838073 5.087819 3.182845 
0.082139 0.078513 4.862320 4.429174 2.696281 
1.153283 0.097227 0.108735 6.467943 2.774856 
0.639428 1.250757 0.087397 6.920276 2.964677 
0.130273 2.251425 0.073992 6.322824 2.802327 
0.636318 0.058147 1.860415 6.908274 2.947896 
0.099207 1.250539 1.836240 6.900005 2.955658 
0.055820 0.103263 3.178939 6.567191 2.590459 
0.548876 0.061451 0.102738 7.586587 2.410760 
0.101328 1.041878 0.056249 7.566967 2.448806 
0.083419 0.064141 1.443825 7.582933 2.456058 
0.087767 0.078007 0.077989 7.921620 2.043805 
1.850289 0.073952 0.076129 0.102191 4.484849 
1.676372 1.167522 0.081545 0.101332 5.418848 
1.188419 2.475917 0.111264 0.168440 5.597460 
0.583505 3.352886 0.071092 0.081035 5.103890 
0.064278 3.648747 0.100693 0.191947 4.462777 
1.686846 0.091384 1.645036 0.161069 5.438729 
1.317306 1.394001 1.922787 0.092920 6.277221 
0.681112 2.658866 1.964256 0.073365 6.274395 
0.106894 3.299980 1.704802 0.231516 5.406014 
1.225088 0.080304 3.536358 0.066645 5.772426 
0.707444 1.385438 3.867456 0.090047 6.325192 
0.130993 2.419193 3.463103 0.080367 5.656411 
0.599769 0.053784 4.866024 0.067990 5.335988 
0.097162 1.173462 4.808042 0.069229 5.437521 
0.125113 0.070091 5.421368 0.075110 4.576416 
1.679326 0.127411 0.077136 2.147930 5.219981 
1.323443 1.438443 0.101531 2.613874 6.211127 
0.679721 2.679005 0.082915 2.500724 6.273521 
0.177494 3.290488 0.056600 2.037753 5.301546 
1.329492 0.067174 1.931835 2.626374 6.295298 
0.792671 1.565802 2.169135 3.033377 7.011350 
0.092954 2.694881 1.936773 2.612115 6.118981 
0.695339 0.061510 3.796949 2.541949 6.480084 
0.082308 1.356813 3.803412 2.490566 6.331699 
0.185399 0.077231 4.858284 2.307835 5.321889 
1.212819 0.066840 0.122200 4.541663 5.925594 
0.690830 1.370508 0.070288 5.066859 6.353041 
0.131518 2.429450 0.099539 4.647288 5.586644 
0.717093 0.086121 1.959051 5.123273 6.429952 
0.090927 1.412910 1.891257 5.042918 6.305821 
0.124819 0.136882 3.475891 4.667680 5.858540 
0.612860 0.060884 0.076354 6.365534 5.497244 
0.093866 1.212109 0.053821 6.369276 5.429726 
0.097082 0.051592 1.640542 6.404180 5.460096 
0.126003 0.094171 0.094418 7.245563 4.570997 
1.496905 0.099793 0.081719 0.122508 7.121074 
1.133894 1.190429 0.086237 0.142555 8.050649 
0.596219 2.288247 0.059938 0.077898 7.850922 
0.157859 2.953505 0.068554 0.086903 6.871494 
1.131895 0.063204 1.586454 0.111802 8.116255 
0.666733 1.289657 1.758083 0.123783 8.702450 
0.125461 2.289952 1.703753 0.043124 7.802029 
0.593548 0.097116 3.323762 0.079718 8.031750 
0.093673 1.158874 3.242040 0.104833 8.020763 
0.146805 0.125550 4.388694 0.156890 7.137390 
1.125994 0.064766 0.081182 2.129981 8.068300 
0.647349 1.255014 0.086329 2.279116 8.787960 
0.126476 2.285475 0.142975 2.105502 7.872992 
0.627619 0.053825 1.782217 2.367685 8.717281 
0.094808 1.308319 1.811589 2.409139 8.556597 
0.080721 0.117345 3.360198 2.085407 8.066491 
0.611806 0.090334 0.085251 4.292922 8.157089 
0.088680 1.190780 0.055617 4.206838 8.080048 
0.081255 0.039350 1.664934 4.283438 8.063186 
0.077218 0.076223 0.115019 5.927841 6.894557 
0.965375 0.082431 0.060703 0.070992 8.960336 
0.540395 1.037160 0.062662 0.071036 9.398705 
0.115902 1.899377 0.042742 0.095423 8.890938 
0.535124 0.053312 1.478048 0.056428 9.454621 
0.085455 1.043358 1.499276 0.068190 9.419584 
0.117017 0.058406 2.747182 0.081741 8.959383 
0.554145 0.074951 0.078355 1.901090 9.474662 
0.079904 1.038078 0.070766 1.870214 9.444754 
0.082168 0.040540 1.485518 1.869436 9.468526 
0.109381 0.059136 0.049686 3.562202 9.011147 
0.449094 0.079664 0.075968 0.062995 9.836691 
0.075245 0.902525 0.048048 0.083042 9.799463 
0.078463 0.048126 1.230348 0.047349 9.846125 
0.077096 0.044836 0.046803 1.564989 9.856331 
0.061949 0.062917 0.073358 0.060168 10.060120 
