2.050426 0.050471 0.050750 0.050558 0.050493 0.052146 0.051797 0.052886 
1.840518 1.834768 0.050909 0.050916 0.051202 0.051425 0.051003 0.050607 
0.945734 3.627215 0.050514 0.051795 0.050465 0.051621 0.051583 0.052335 
0.050603 4.050441 0.051252 0.050731 0.050958 0.051136 0.051016 0.050630 
1.838863 0.050426 2.736126 0.050659 0.051845 0.052188 0.050775 0.052499 
1.205610 2.357504 3.516538 0.051248 0.050446 0.051326 0.052674 0.052719 
0.050618 3.628101 2.733979 0.050761 0.050858 0.052241 0.050829 0.051385 
0.944483 0.050477 5.417517 0.050693 0.050934 0.050934 0.051553 0.052703 
0.050679 1.838707 5.417673 0.050764 0.050697 0.052198 0.051708 0.052858 
0.050664 0.050520 6.050351 0.051099 0.050355 0.051866 0.050750 0.051601 
1.839902 0.051018 0.051057 3.623259 0.050949 0.051986 0.050592 0.052922 
1.205572 2.359601 0.050646 4.667898 0.051661 0.051613 0.051690 0.055285 
0.050586 3.622834 0.051063 3.649340 0.050962 0.052284 0.051017 0.052933 
1.205150 0.050915 3.516297 4.668112 0.050645 0.052186 0.051365 0.053210 
0.052369 2.360400 3.516687 4.668712 0.051686 0.053008 0.057332 0.053778 
0.051444 0.050462 5.416927 3.628340 0.050777 0.051437 0.053334 0.055235 
0.942346 0.050526 0.050749 7.210876 0.050950 0.052289 0.050511 0.053066 
0.050581 1.844869 0.050455 7.200164 0.050866 0.052221 0.051545 0.052998 
0.050620 0.050505 2.726108 7.210818 0.050894 0.051618 0.050776 0.051622 
0.050475 0.050451 0.050449 8.050449 0.050576 0.050598 0.050479 0.052552 
1.839735 0.050976 0.050566 0.050910 4.517561 0.051291 0.053741 0.052936 
1.205774 2.357876 0.050872 0.051277 5.828792 0.052328 0.054356 0.053634 
0.050737 3.627147 0.050613 0.051114 4.527697 0.051977 0.050711 0.052340 
1.204279 0.050545 3.518001 0.052098 5.821625 0.052154 0.051761 0.052917 
0.050666 2.358830 3.519327 0.052196 5.818409 0.052248 0.051857 0.053009 
0.050986 0.051478 5.417506 0.051142 4.523266 0.051090 0.051494 0.051994 
1.205767 0.050928 0.051136 4.668387 5.822650 0.051457 0.052471 0.052512 
0.051026 2.355996 0.051214 4.675865 5.826556 0.051897 0.054733 0.053021 
0.051013 0.051191 3.517160 4.674145 5.814934 0.050945 0.052926 0.052909 
0.050978 0.050783 0.051393 7.204745 4.526442 0.051460 0.051242 0.050775 
0.944454 0.050776 0.051519 0.051080 8.996425 0.051756 0.051069 0.057039 
0.050730 1.838124 0.051321 0.050752 8.996276 0.051020 0.050667 0.051489 
0.050663 0.050839 2.733270 0.050623 8.995077 0.050591 0.050619 0.052533 
0.051083 0.050379 0.052663 3.630240 8.993303 0.050911 0.052154 0.052274 
0.050759 0.050217 0.050217 0.051548 10.050216 0.051147 0.050597 0.052772 
1.839991 0.051173 0.051809 0.051812 0.051810 5.417046 0.056126 0.054746 
1.208324 2.361528 0.050992 0.051496 0.050890 6.958881 0.050958 0.050998 
0.052426 3.629029 0.051943 0.051376 0.051944 5.417180 0.056240 0.054880 
1.204849 0.050581 3.519981 0.050731 0.050954 6.969403 0.052581 0.054602 
0.050872 2.359498 3.520167 0.050921 0.050734 6.969615 0.052352 0.054668 
0.050622 0.051082 5.415034 0.051978 0.050964 5.425604 0.051719 0.054557 
1.205525 0.051010 0.050892 4.667851 0.050956 6.980089 0.052403 0.055155 
0.052144 2.356242 0.054149 4.682512 0.055882 6.972706 0.051805 0.059410 
0.050569 0.050923 3.515480 4.667286 0.050946 6.980214 0.052749 0.053121 
0.050510 0.050505 0.051445 7.205479 0.051603 5.418382 0.052624 0.059471 
1.203941 0.050994 0.050811 0.050806 5.826050 6.985361 0.051439 0.055297 
0.051273 2.358843 0.051488 0.051560 5.829739 6.977523 0.060002 0.055617 
0.050898 0.050540 3.517668 0.050779 5.814974 6.983554 0.051900 0.051797 
0.050519 0.050316 0.050316 4.672225 5.815915 6.983331 0.050702 0.051010 
0.051795 0.051089 0.050232 0.050614 8.993790 5.418501 0.050742 0.050527 
0.944296 0.050652 0.050683 0.050808 0.050618 10.785724 0.050722 0.052997 
0.050953 1.839176 0.050746 0.052099 0.050790 10.784302 0.052027 0.051092 
0.050782 0.050524 2.731758 0.050866 0.051205 10.785695 0.051871 0.057648 
0.050572 0.050678 0.050430 3.627454 0.050458 10.784067 0.050477 0.052516 
0.051230 0.051907 0.052247 0.051230 4.522545 10.784848 0.052241 0.051277 
0.050551 0.050303 0.050287 0.050287 0.050287 12.050286 0.052095 0.051127 
1.840211 0.050754 0.050740 0.050987 0.051120 0.051148 6.299142 0.052923 
1.205872 2.359862 0.051038 0.051288 0.053461 0.051982 8.131107 0.055943 
0.050756 3.629858 0.050471 0.050841 0.050756 0.050509 6.299056 0.053736 
1.203721 0.050450 3.516905 0.050578 0.050774 0.051014 8.136830 0.052513 
0.050736 2.357553 3.517539 0.051613 0.050588 0.051159 8.134564 0.053680 
0.050755 0.050408 5.419609 0.050914 0.050724 0.051994 6.299073 0.051617 
1.206977 0.050780 0.050681 4.671051 0.050861 0.051566 8.118316 0.053028 
0.051810 2.359409 0.050843 4.678427 0.058479 0.052918 8.120253 0.053993 
0.050588 0.050421 3.522844 4.662160 0.050510 0.050471 8.126133 0.053742 
0.050425 0.050407 0.050421 7.205463 0.051573 0.051925 6.312661 0.051583 
1.205517 0.050830 0.051130 0.051738 5.828508 0.052179 8.126407 0.053015 
0.050703 2.358927 0.050515 0.051536 5.825247 0.051881 8.134645 0.051413 
0.050398 0.050361 3.517014 0.051171 5.818794 0.051554 8.134396 0.051392 
0.050463 0.050463 0.050967 4.674979 5.821900 0.051658 8.126248 0.052746 
0.050905 0.050376 0.050341 0.050627 8.994143 0.051671 6.312643 0.051619 
1.206573 0.050605 0.050709 0.050662 0.053312 6.976801 8.125605 0.051469 
0.051097 2.361613 0.050971 0.051009 0.050935 6.981662 8.126021 0.054929 
0.051508 0.054370 3.519257 0.051478 0.053879 6.977139 8.126727 0.051939 
0.050668 0.050524 0.050514 4.674845 0.050941 6.976688 8.126099 0.051689 
0.051016 0.051589 0.052013 0.054321 5.827164 6.988407 8.119042 0.053606 
0.052086 0.050356 0.050357 0.050913 0.050493 10.785780 6.305968 0.052176 
0.943915 0.050511 0.050550 0.050510 0.050453 0.051516 12.575786 0.055164 
0.050801 1.837982 0.054319 0.051065 0.050736 0.051942 12.575200 0.053075 
0.050572 0.050428 2.734397 0.050900 0.051281 0.050474 12.571607 0.052885 
0.050505 0.050431 0.050782 3.629444 0.050901 0.051092 12.571262 0.051698 
0.050455 0.050281 0.050269 0.050916 4.526269 0.051331 12.569543 0.052798 
0.050438 0.050336 0.050751 0.050324 0.051230 5.418857 12.571156 0.050649 
0.050447 0.050264 0.050354 0.050545 0.052458 0.050251 14.050250 0.052859 
1.840314 0.050901 0.050604 0.051390 0.051181 0.050657 0.051054 7.191203 
1.205840 2.360027 0.053021 0.050802 0.050853 0.051738 0.051981 9.283058 
0.051327 3.629197 0.051338 0.052516 0.051946 0.052012 0.051287 7.202975 
1.204885 0.050560 3.520152 0.050693 0.050957 0.051389 0.050749 9.274636 
0.050833 2.362972 3.517589 0.050997 0.050955 0.051044 0.053647 9.268581 
0.050788 0.050539 5.419864 0.050666 0.051181 0.051875 0.050879 7.191203 
1.205087 0.051621 0.052883 4.673625 0.050818 0.051570 0.052519 9.283771 
0.051365 2.361925 0.052079 4.668941 0.051655 0.052126 0.052134 9.285536 
0.051433 0.052697 3.516412 4.676923 0.052216 0.052164 0.052966 9.273293 
0.050568 0.051012 0.051288 7.206842 0.050575 0.051957 0.050949 7.202535 
1.206142 0.051493 0.051508 0.050901 5.823052 0.051822 0.050721 9.282780 
0.050507 2.363797 0.050665 0.050539 5.823018 0.051700 0.050553 9.273756 
0.050547 0.050647 3.522775 0.050463 5.825996 0.051539 0.050715 9.262368 
0.050753 0.050557 0.050568 4.661416 5.837071 0.051812 0.050819 9.283184 
0.051858 0.050358 0.050356 0.050382 8.995210 0.051427 0.050607 7.203890 
1.206253 0.052161 0.053113 0.052094 0.052718 6.984575 0.052060 9.284779 
0.051098 2.360778 0.050879 0.050957 0.051189 6.970658 0.052784 9.296908 
0.050889 0.051174 3.516994 0.051039 0.050864 6.979192 0.052554 9.282809 
0.050627 0.050446 0.050447 4.667636 0.050689 6.980177 0.050517 9.289234 
0.050530 0.054971 0.050540 0.051968 5.830680 6.969969 0.050782 9.289111 
0.050562 0.050391 0.050340 0.050329 0.050466 10.784720 0.050494 7.202372 
1.206584 0.050991 0.050778 0.050495 0.050731 0.051015 8.126709 9.282737 
0.050732 2.361181 0.050547 0.051278 0.050600 0.051241 8.120867 9.296335 
0.051401 0.051046 3.519733 0.051998 0.051467 0.051752 8.127127 9.284206 
0.051757 0.051672 0.051626 4.679148 0.052280 0.053101 8.127136 9.280201 
0.050404 0.050336 0.051640 0.050333 5.828913 0.051038 8.122806 9.291719 
0.050433 0.050406 0.052606 0.050485 0.055045 6.976362 8.138834 9.284685 
0.050837 0.050614 0.050636 0.050614 0.050890 0.052856 12.573438 7.204104 
0.946178 0.050648 0.050502 0.050892 0.050783 0.051155 0.050723 14.356157 
0.050773 1.836207 0.050775 0.050772 0.050935 0.051110 0.050838 14.368016 
0.050850 0.050638 2.734804 0.050771 0.050655 0.051019 0.051591 14.360293 
0.050480 0.050536 0.050400 3.629749 0.050981 0.051185 0.050556 14.359592 
0.050596 0.050348 0.050565 0.050514 4.521385 0.050400 0.050490 14.362058 
0.050493 0.050406 0.050487 0.050384 0.050452 5.417117 0.050529 14.361105 
0.050406 0.050356 0.050356 0.050566 0.051515 0.050766 6.310075 14.361917 
0.051195 0.050293 0.050285 0.050578 0.050282 0.050638 0.050282 16.050281 
1.969981 0.475131 0.716987 0.899235 1.108986 1.323790 1.517183 1.742605 
1.388808 2.739784 0.862253 1.063346 1.376999 1.649369 1.915153 2.202597 
0.264575 3.891822 0.681290 0.901450 1.111142 1.327414 1.499840 1.811731 
1.387429 0.570586 4.072253 1.138102 1.385117 1.642756 1.900523 2.200174 
0.319454 2.717943 4.070737 1.137668 1.410415 1.642920 1.900484 2.200141 
0.265054 0.468361 5.822960 0.884946 1.110493 1.362634 1.556410 1.612232 
1.385630 0.582896 0.851577 5.402517 1.382944 1.647684 1.900256 2.228247 
0.315839 2.718925 0.853735 5.405317 1.396526 1.661860 1.932496 2.196627 
0.316674 0.579545 4.063011 5.394481 1.372185 1.666088 1.956610 2.169485 
0.264260 0.481140 0.711239 7.718821 1.112857 1.375959 1.564017 1.802810 
1.389506 0.581827 0.849107 1.101943 6.740144 1.644745 1.915162 2.189883 
0.320012 2.735899 0.855090 1.120237 6.734634 1.658147 1.938967 2.156672 
0.319158 0.585664 4.070017 1.114480 6.722995 1.635314 1.902501 2.184779 
0.319267 0.586097 0.857755 5.382362 6.754684 1.636844 1.920257 2.192497 
0.264067 0.482461 0.671357 0.888520 9.649420 1.324147 1.551665 1.753274 
1.388490 0.587351 0.850736 1.138545 1.377118 8.081623 1.924574 2.191353 
0.319237 2.724381 0.842578 1.104834 1.391007 8.079471 1.942802 2.180586 
0.315733 0.578361 4.081392 1.120390 1.369465 8.066336 1.935129 2.204789 
0.319960 0.587517 0.860351 5.396693 1.381016 8.068526 1.920184 2.192419 
0.318352 0.584366 0.855916 1.124875 6.743432 8.059453 1.898967 2.191824 
0.258494 0.470941 0.696084 0.896614 1.133794 11.568248 1.528356 1.779947 
1.392373 0.562353 0.855555 1.119309 1.411897 1.687783 9.443713 2.207227 
0.319861 2.731496 0.851401 1.141369 1.380251 1.651095 9.387150 2.191001 
0.318629 0.594059 4.065497 1.143830 1.376692 1.668721 9.422464 2.168902 
0.316146 0.576774 0.836862 5.387529 1.376416 1.671201 9.441291 2.170355 
0.317923 0.589318 0.851068 1.115954 6.729719 1.661717 9.411281 2.190113 
0.324538 0.587844 0.864722 1.127078 1.404674 8.099541 9.347091 2.171540 
0.271795 0.485713 0.684524 0.892627 1.110617 1.311803 13.510584 1.755162 
1.389117 0.608282 0.815508 1.105809 1.390692 1.594863 1.931833 10.778968 
0.319398 2.720659 0.846480 1.138399 1.381783 1.628030 1.929857 10.772489 
0.312658 0.578659 4.073290 1.058701 1.383325 1.654201 1.902369 10.760028 
0.324366 0.571095 0.864359 5.397111 1.366944 1.634344 1.943235 10.744003 
0.311177 0.578452 0.833558 1.134173 6.755391 1.646603 1.932872 10.726203 
0.313321 0.582011 0.848563 1.122522 1.412667 8.079964 1.955023 10.778881 
0.319470 0.585017 0.846473 1.100946 1.376125 1.635081 9.420722 10.754158 
0.273079 0.491617 0.704658 0.880286 1.136714 1.333135 1.569816 15.379346 
