1.926843 0.007336 0.008215 0.008129 0.012024 
1.032199 0.419773 0.016149 0.011381 0.011090 
0.775800 0.751385 0.014162 0.011389 0.011576 
0.591678 1.155301 0.008883 0.009145 0.012494 
0.388941 1.517464 0.013110 0.010959 0.013269 
0.223865 2.146267 0.009735 0.011244 0.010515 
0.009695 3.770792 0.008074 0.009404 0.008854 
1.041876 0.010858 0.630775 0.012425 0.012035 
0.616814 0.305841 0.475621 0.010066 0.010111 
0.449117 0.590250 0.439171 0.007691 0.009942 
0.297807 0.850178 0.434374 0.014034 0.013939 
0.168909 1.261898 0.447051 0.009559 0.010942 
0.009498 2.073122 0.638710 0.009530 0.015601 
0.779513 0.009372 1.161548 0.008061 0.017255 
0.450504 0.296403 0.882351 0.009929 0.009886 
0.295422 0.572070 0.845252 0.009662 0.010838 
0.151642 0.884870 0.899673 0.011998 0.011667 
0.011836 1.526256 1.132916 0.015687 0.027981 
0.583130 0.010252 1.678649 0.010632 0.018749 
0.300536 0.272613 1.313690 0.017488 0.017474 
0.152328 0.564771 1.319152 0.016194 0.012705 
0.008226 1.103025 1.643756 0.014759 0.037534 
0.379379 0.017047 2.298998 0.011630 0.016504 
0.172597 0.327083 1.835021 0.014610 0.014332 
0.010816 0.761597 2.272199 0.013611 0.012819 
0.226049 0.008072 3.161183 0.008275 0.011558 
0.009267 0.426398 3.174999 0.008633 0.014591 
0.008241 0.008182 5.664190 0.008109 0.014656 
1.024141 0.010677 0.013748 0.844227 0.011859 
0.597865 0.302457 0.018501 0.610071 0.009272 
0.447419 0.579647 0.012390 0.602561 0.014054 
0.291100 0.839886 0.020536 0.586225 0.013085 
0.158701 1.182931 0.017922 0.605196 0.010752 
0.010447 2.056447 0.010311 0.850451 0.012080 
0.636422 0.007873 0.468090 0.627240 0.008602 
0.371417 0.244489 0.363839 0.496710 0.010175 
0.240215 0.463192 0.361236 0.478824 0.011277 
0.122252 0.731176 0.379912 0.496318 0.010052 
0.010802 1.233124 0.470989 0.636917 0.011160 
0.437776 0.013259 0.825532 0.553823 0.011983 
0.239055 0.239146 0.718646 0.478775 0.011015 
0.120581 0.467894 0.726282 0.490297 0.015925 
0.013051 0.838702 0.835420 0.581828 0.011816 
0.285473 0.016468 1.247937 0.579324 0.012683 
0.131206 0.246883 1.081569 0.508126 0.017852 
0.011044 0.585551 1.246124 0.579185 0.012544 
0.157649 0.013145 1.801226 0.626191 0.011440 
0.008107 0.306269 1.879768 0.638278 0.010864 
0.010167 0.009658 3.202912 0.865021 0.012608 
0.763173 0.009350 0.011644 1.532095 0.010878 
0.431225 0.283581 0.020982 1.140641 0.011643 
0.279555 0.548202 0.015002 1.116889 0.009314 
0.152198 0.889669 0.010191 1.211571 0.017297 
0.011952 1.480548 0.010284 1.519320 0.011684 
0.448356 0.008139 0.453153 1.180799 0.010162 
0.240622 0.242666 0.363782 0.963539 0.017027 
0.124343 0.456865 0.369281 0.963667 0.017366 
0.010309 0.863983 0.448027 1.172817 0.016256 
0.302562 0.018531 0.851031 1.152534 0.018525 
0.125600 0.238709 0.704323 0.956458 0.014123 
0.009164 0.562601 0.820995 1.162760 0.008830 
0.150169 0.011890 1.303341 1.155081 0.026673 
0.009775 0.282484 1.325991 1.220817 0.027947 
0.009240 0.007724 2.272784 1.570967 0.009117 
0.547904 0.010064 0.015992 2.194752 0.009260 
0.292376 0.284543 0.017781 1.723034 0.009741 
0.153659 0.576346 0.020643 1.787183 0.017967 
0.009810 1.090053 0.015111 2.233250 0.023171 
0.295583 0.010365 0.425937 1.768275 0.026182 
0.129229 0.242720 0.375291 1.478150 0.011993 
0.011825 0.572633 0.424884 1.742623 0.011722 
0.158272 0.011818 0.857240 1.827777 0.024260 
0.008827 0.301383 0.876938 1.765003 0.011017 
0.013992 0.012726 1.572624 2.128708 0.010119 
0.376298 0.009456 0.021412 2.963220 0.010693 
0.160826 0.301816 0.013485 2.512519 0.016580 
0.017536 0.727095 0.010989 2.928576 0.012756 
0.163549 0.007127 0.473780 2.544827 0.010835 
0.008161 0.319027 0.470482 2.543088 0.009536 
0.013698 0.016050 1.094524 3.004681 0.013658 
0.203889 0.009011 0.027095 4.029411 0.010978 
0.010653 0.397077 0.028965 3.960543 0.011056 
0.012319 0.016476 0.601619 3.889269 0.009280 
0.007215 0.006939 0.006839 7.740412 0.008269 
1.731894 0.015223 0.013149 0.011517 1.821743 
0.890793 0.436567 0.023308 0.022529 1.115600 
0.645789 0.864073 0.020881 0.019531 1.129294 
0.445139 1.292348 0.022109 0.012310 1.126470 
0.237973 1.817271 0.017995 0.011736 1.195585 
0.009074 3.467621 0.015179 0.007772 1.819209 
0.930084 0.017438 0.674121 0.011674 1.179883 
0.535486 0.348313 0.544198 0.009146 0.887291 
0.342815 0.655029 0.493824 0.020239 0.889604 
0.182856 1.019379 0.521228 0.015831 0.897220 
0.013773 1.727211 0.682272 0.019972 1.135234 
0.659511 0.014380 1.268772 0.019116 1.068612 
0.348176 0.327967 1.021478 0.012511 0.888786 
0.177862 0.656835 1.024759 0.013691 0.886695 
0.010782 1.286543 1.288335 0.014607 1.157803 
0.441869 0.015394 1.886192 0.016445 1.131803 
0.178133 0.342236 1.561174 0.019298 0.870458 
0.016718 0.884445 2.004483 0.021909 1.164936 
0.236757 0.017761 2.654242 0.017092 1.174887 
0.016743 0.449257 2.705733 0.010962 1.180975 
0.009068 0.013564 5.271089 0.014121 1.830748 
0.853526 0.018079 0.032118 0.862374 1.134900 
0.513257 0.346061 0.016345 0.690904 0.880328 
0.336043 0.680501 0.010881 0.687492 0.872823 
0.178415 1.011940 0.012939 0.694388 0.875574 
0.017047 1.666220 0.023667 0.849642 1.111564 
0.512757 0.014374 0.520853 0.667216 0.880059 
0.289607 0.253764 0.425884 0.587275 0.728746 
0.147721 0.548578 0.430629 0.529803 0.725428 
0.011871 1.030780 0.533998 0.699799 0.879041 
0.341722 0.010584 0.972711 0.663694 0.878101 
0.148376 0.279125 0.872972 0.514882 0.716434 
0.010539 0.670516 0.979497 0.699100 0.848278 
0.183977 0.011582 1.502863 0.684847 0.878669 
0.012973 0.331028 1.552939 0.684451 0.909533 
0.014527 0.026206 2.512860 0.858586 1.129663 
0.598918 0.013438 0.023233 1.629832 1.046423 
0.340823 0.337495 0.012652 1.372431 0.878566 
0.176362 0.655917 0.013667 1.368610 0.855390 
0.013503 1.194553 0.017093 1.625638 1.029682 
0.343101 0.010415 0.504720 1.368641 0.858596 
0.149472 0.268108 0.452756 1.138942 0.731472 
0.010663 0.660603 0.517887 1.351339 0.901101 
0.172841 0.012943 1.003543 1.324759 0.856336 
0.016751 0.355849 0.995254 1.364240 0.863358 
0.024050 0.022006 1.667517 1.505865 0.904717 
0.433635 0.015984 0.028276 2.581015 1.070188 
0.175611 0.345156 0.016646 2.066225 0.865434 
0.009896 0.849014 0.019751 2.612006 1.128861 
0.184111 0.009180 0.534656 2.144476 0.941450 
0.011879 0.338159 0.530704 2.131880 0.910994 
0.022428 0.022448 1.158051 2.283782 0.976708 
0.234448 0.014860 0.011608 3.704347 1.190251 
0.010679 0.454911 0.017120 3.641320 1.200726 
0.012109 0.015540 0.664651 3.613873 1.127821 
0.011187 0.010658 0.015564 6.919306 1.749385 
1.258071 0.019105 0.021341 0.019627 3.277852 
0.603569 0.398185 0.021686 0.016088 2.067763 
0.395748 0.757661 0.012976 0.013882 2.003989 
0.205370 1.171839 0.009458 0.015328 2.055093 
0.011312 2.366079 0.011458 0.009386 3.089400 
0.593222 0.019166 0.594122 0.012828 2.004189 
0.399300 0.400604 0.628103 0.017529 1.949860 
0.221347 0.815004 0.583849 0.018571 1.978301 
0.014584 1.155312 0.599221 0.007860 1.998289 
0.389635 0.010059 1.169567 0.009437 2.046841 
0.155010 0.284763 0.956028 0.023366 2.008491 
0.013684 0.759766 1.146361 0.017895 2.015974 
0.211291 0.018342 1.705507 0.011279 1.998226 
0.012752 0.388718 1.800287 0.009080 2.017225 
0.019578 0.016640 3.446950 0.015624 3.111505 
0.584027 0.015933 0.020981 0.798402 2.011216 
0.407852 0.398914 0.027899 0.760345 1.930988 
0.206123 0.715506 0.048676 0.793998 1.581441 
0.013694 1.138292 0.014859 0.788670 2.006841 
0.407115 0.021875 0.587999 0.787245 1.965353 
0.173777 0.325810 0.504047 0.686843 1.612871 
0.021232 0.778360 0.654470 0.799333 1.975814 
0.176070 0.022618 1.028734 0.518981 2.015733 
0.010665 0.272439 0.919012 0.679660 2.022189 
0.009218 0.017423 1.783561 0.852874 2.069653 
0.395667 0.010082 0.009169 1.556830 1.996849 
0.151342 0.333043 0.010858 1.249216 1.999029 
0.011025 0.753505 0.013246 1.542354 2.004508 
0.163409 0.023967 0.477561 1.287314 2.011084 
0.014992 0.298577 0.456919 1.272022 2.002110 
0.008663 0.027677 1.080724 1.486207 2.004552 
0.203564 0.014744 0.016482 2.376718 1.999623 
0.011077 0.378159 0.019571 2.360685 1.996560 
0.010325 0.015154 0.579144 2.360124 1.995999 
0.008902 0.008433 0.011316 4.953396 3.135632 
0.770622 0.017618 0.012739 0.012773 3.996655 
0.450117 0.453426 0.040873 0.022835 3.542158 
0.241751 0.915616 0.027041 0.011732 3.591335 
0.011704 1.505464 0.010216 0.010369 3.993680 
0.488445 0.012340 0.743292 0.011789 3.671281 
0.201377 0.380639 0.586940 0.016215 3.079009 
0.012512 0.955824 0.707109 0.012597 3.671256 
0.244356 0.014879 1.419853 0.013478 3.663894 
0.011631 0.474008 1.467234 0.012702 3.744976 
0.006874 0.006999 2.174340 0.026232 3.999046 
0.479389 0.009486 0.015241 0.954033 3.669467 
0.197180 0.358549 0.013438 0.754430 2.844673 
0.012842 0.980447 0.017877 0.975865 3.788420 
0.180969 0.018394 0.545964 0.713641 2.704483 
0.011397 0.377297 0.540568 0.745648 2.801443 
0.012531 0.025766 1.400852 0.968081 3.663853 
0.249682 0.009902 0.012856 1.928659 3.669858 
0.012671 0.450468 0.013994 1.929076 3.670953 
0.012793 0.009579 0.738379 1.945227 3.663565 
0.008871 0.008807 0.009508 3.165782 4.046018 
0.522498 0.013287 0.022936 0.052307 5.273005 
0.218139 0.420543 0.014716 0.012341 4.320604 
0.010655 1.078744 0.015655 0.041509 5.638408 
0.225233 0.008814 0.670246 0.008355 4.564126 
0.008204 0.424436 0.651397 0.010276 4.542608 
0.012067 0.010530 1.717681 0.051759 5.952153 
0.217181 0.010000 0.013302 0.868527 4.494445 
0.009480 0.426721 0.011195 0.877514 4.494510 
0.007997 0.006531 0.656700 0.873330 4.437420 
0.011236 0.024779 0.032960 1.999099 5.023000 
0.267170 0.011718 0.013159 0.030799 6.498724 
0.015016 0.494020 0.013538 0.008121 6.381241 
0.009377 0.015258 0.804164 0.011369 7.067082 
0.013775 0.015494 0.026326 0.966535 6.175153 
0.007469 0.007364 0.007713 0.007363 9.886396 
