2.219457 0.223234 0.222077 0.223993 0.227834 
2.185872 0.827860 0.214356 0.214481 0.216955 
2.044522 1.833399 0.217238 0.220473 0.219051 
1.647244 2.910111 0.185518 0.188878 0.184315 
1.066492 3.734036 0.166537 0.167063 0.182135 
0.477008 4.104112 0.157745 0.156800 0.156332 
0.115296 4.115185 0.118217 0.148710 0.119914 
2.191197 0.213559 1.053244 0.228280 0.212389 
2.143579 0.979553 1.306754 0.222136 0.215836 
1.853958 2.140117 1.494390 0.171063 0.171387 
1.282871 3.360172 1.548032 0.171493 0.172969 
0.580045 3.950194 1.330587 0.136259 0.133989 
0.117248 4.058744 1.128999 0.122775 0.118621 
2.063140 0.213850 2.467731 0.217766 0.210722 
1.885150 1.120904 3.037203 0.189008 0.190380 
1.407307 2.481118 3.335272 0.165535 0.170669 
0.665734 3.406466 3.112698 0.119296 0.122356 
0.122465 3.778299 2.555181 0.124728 0.122355 
1.704155 0.194874 4.119397 0.194808 0.199906 
1.336217 1.190798 4.796690 0.171171 0.170204 
0.678987 2.341295 4.820556 0.120331 0.120504 
0.078947 3.035425 4.120301 0.098263 0.090106 
1.142987 0.165994 5.395322 0.164283 0.165694 
0.616376 1.076379 5.760898 0.126398 0.123916 
0.069346 1.959401 5.357047 0.071892 0.100777 
0.602110 0.167974 6.023244 0.167549 0.169246 
0.072650 0.861135 5.954834 0.075179 0.104374 
0.025984 0.026726 6.025975 0.028482 0.031093 
2.184843 0.209859 0.210991 1.458617 0.216423 
2.136349 0.952450 0.213941 1.834299 0.218444 
1.842487 2.176687 0.176563 2.024434 0.178416 
1.273340 3.355426 0.166903 2.071610 0.165704 
0.551972 3.930311 0.122763 1.825451 0.119522 
0.117104 4.055289 0.119013 1.507479 0.116979 
2.146103 0.213638 1.234524 1.707349 0.211926 
1.990599 1.178815 1.634681 2.106051 0.178963 
1.514299 2.663205 1.837961 2.412536 0.169663 
0.710737 3.637412 1.685699 2.219611 0.117555 
0.116297 3.944504 1.329478 1.771898 0.137419 
1.888784 0.186354 3.001251 2.056996 0.186341 
1.550260 1.379159 3.704085 2.475118 0.168260 
0.797028 2.761815 3.720136 2.511332 0.120376 
0.067476 3.387521 3.049176 2.089702 0.067201 
1.338115 0.166175 4.804075 2.111169 0.166714 
0.742160 1.294437 5.265253 2.346674 0.116496 
0.077302 2.344099 4.754424 2.208048 0.080555 
0.612412 0.126470 5.775442 1.977836 0.125211 
0.020346 1.030989 5.654617 1.885199 0.024944 
0.032287 0.034291 5.916282 1.596648 0.043122 
2.059440 0.213936 0.215587 3.295832 0.222263 
1.857186 1.120818 0.171111 4.009443 0.177776 
1.401351 2.441788 0.163451 4.480301 0.167716 
0.663819 3.400899 0.118104 4.119225 0.116186 
0.113569 3.754602 0.113544 3.424259 0.149357 
1.858095 0.163334 1.524237 4.003590 0.176262 
1.537769 1.392693 1.846763 4.893830 0.159120 
0.788584 2.742368 1.866579 5.009129 0.123295 
0.071363 3.390989 1.534393 4.083748 0.095751 
1.433193 0.165540 3.427742 4.564706 0.165751 
0.802113 1.421662 3.784257 5.061174 0.096317 
0.072453 2.497053 3.423158 4.600570 0.081184 
0.702419 0.120868 4.892035 4.371745 0.124905 
0.047106 1.196818 4.815410 4.319569 0.049257 
0.034011 0.035237 5.401715 3.607111 0.040669 
1.688425 0.183082 0.184999 5.449999 0.191398 
1.324205 1.168976 0.165296 6.362878 0.167870 
0.685015 2.352242 0.123389 6.367909 0.122233 
0.069350 2.986947 0.067590 5.531467 0.100946 
1.335612 0.168683 1.595200 6.373064 0.169905 
0.743127 1.286464 1.746271 6.897203 0.087810 
0.067348 2.351491 1.622808 6.296924 0.067067 
0.698593 0.125497 3.272126 6.539611 0.138493 
0.063563 1.203078 3.248982 6.447449 0.087682 
0.031383 0.031716 4.276615 5.683896 0.031366 
1.134210 0.165165 0.164658 7.158850 0.164348 
0.619874 1.076438 0.121859 7.626987 0.120332 
0.072376 1.987198 0.072142 7.092966 0.078725 
0.611563 0.117814 1.430156 7.666014 0.118119 
0.057985 1.075515 1.471523 7.561543 0.059004 
0.042011 0.042104 2.714635 7.204057 0.051353 
0.592031 0.167010 0.218845 7.982112 0.195498 
0.067830 0.870641 0.069172 7.904713 0.067774 
0.034204 0.034152 1.213734 7.877980 0.037853 
0.027576 0.033444 0.027582 8.027521 0.029374 
2.183998 0.212493 0.214299 0.218985 1.874637 
2.133648 0.964945 0.211000 0.216807 2.180026 
1.841622 2.150211 0.169902 0.168706 2.492372 
1.261781 3.360517 0.164436 0.165006 2.580153 
0.570540 3.917740 0.120945 0.119021 2.239211 
0.120181 4.055993 0.122669 0.120206 1.903370 
2.141684 0.221506 1.308435 0.221639 2.139686 
1.979491 1.178795 1.573670 0.171912 2.657107 
1.508245 2.666332 1.836365 0.166613 3.014899 
0.707511 3.648390 1.682016 0.124509 2.790076 
0.119739 3.934386 1.373293 0.120459 2.270096 
1.885126 0.189745 3.026727 0.189824 2.593998 
1.551832 1.377228 3.689217 0.169862 3.112280 
0.796156 2.756712 3.757478 0.132085 3.173153 
0.077884 3.389170 3.098762 0.083732 2.548960 
1.335522 0.165870 4.787315 0.168601 2.708488 
0.742890 1.315018 5.273044 0.125396 2.953501 
0.088886 2.318131 4.810832 0.088393 2.696027 
0.599833 0.115579 5.767221 0.114573 2.427157 
0.035800 1.056109 5.657276 0.054468 2.425253 
0.039731 0.043722 5.919487 0.076933 2.029641 
2.138351 0.213284 0.215112 1.807321 2.038896 
1.986660 1.170814 0.181097 2.137043 2.696717 
1.508002 2.662147 0.172119 2.463666 3.044684 
0.710576 3.640052 0.122648 2.200564 2.787038 
0.119630 3.938132 0.120895 1.719677 2.312016 
1.991419 0.189652 1.603221 2.188932 2.757728 
1.694199 1.512680 2.043391 2.690159 3.352646 
0.871590 3.032087 2.060121 2.768754 3.446956 
0.069046 3.604222 1.664283 2.260423 2.748437 
1.549259 0.171769 3.737718 2.513898 3.115864 
0.875515 1.542848 4.200113 2.832704 3.452777 
0.064751 2.719774 3.724646 2.506110 3.130031 
0.746709 0.117973 5.270542 2.398944 2.950850 
0.048384 1.285078 5.207013 2.326290 2.921807 
0.034731 0.036663 5.686808 1.943426 2.389402 
1.877586 0.180382 0.179414 3.951713 2.528658 
1.547990 1.382986 0.174655 4.889768 3.120949 
0.795337 2.749043 0.122604 4.943217 3.142609 
0.071730 3.372610 0.075336 4.120737 2.574535 
1.560736 0.168823 1.870334 4.925016 3.027753 
0.876276 1.537500 2.113946 5.556081 3.513864 
0.060233 2.713018 1.883347 4.946862 3.137060 
0.822447 0.125825 3.881145 5.118892 3.205276 
0.070744 1.423253 3.842427 5.102249 3.140067 
0.026644 0.030326 4.829098 4.287953 2.730542 
1.331463 0.168281 0.169476 6.347323 2.695926 
0.749100 1.297547 0.117371 6.974031 2.918192 
0.068953 2.336114 0.072943 6.311856 2.691734 
0.742809 0.118137 1.764538 7.035833 2.917821 
0.070124 1.311824 1.783332 6.953868 2.922735 
0.046894 0.046882 3.236333 6.474938 2.714686 
0.601909 0.126379 0.137180 7.654856 2.507674 
0.031873 1.045233 0.056549 7.541416 2.368864 
0.030815 0.026871 1.460997 7.556078 2.416138 
0.030307 0.032518 0.030278 7.875622 1.984037 
2.058900 0.213705 0.215345 0.221636 4.069775 
1.856315 1.106987 0.171119 0.169781 4.997364 
1.390359 2.468410 0.167121 0.168095 5.584677 
0.670433 3.396401 0.122820 0.122415 5.154722 
0.118593 3.763376 0.122295 0.120609 4.236869 
1.867294 0.177087 1.528535 0.181985 5.000617 
1.547537 1.363836 1.879338 0.167506 6.090647 
0.792851 2.736259 1.870679 0.119168 6.227909 
0.075612 3.393107 1.526464 0.077380 5.109275 
1.431972 0.164873 3.412218 0.163082 5.675015 
0.789762 1.412184 3.772603 0.076298 6.249109 
0.069498 2.487138 3.447729 0.081634 5.702909 
0.707422 0.116161 4.863121 0.118108 5.469765 
0.042092 1.195469 4.817439 0.042621 5.365287 
0.042738 0.048852 5.406248 0.043855 4.520106 
1.862446 0.166122 0.166748 2.051210 4.904059 
1.537784 1.374043 0.156677 2.440432 6.051001 
0.802310 2.731439 0.123181 2.506715 6.209518 
0.074353 3.379345 0.075663 2.075141 5.116341 
1.547655 0.162207 1.838313 2.431282 6.155310 
0.890481 1.551135 2.097748 2.803598 6.993899 
0.065363 2.709453 1.892659 2.532508 6.189498 
0.815186 0.118591 3.873119 2.638973 6.335974 
0.075365 1.421023 3.843298 2.590252 6.348721 
0.030665 0.032569 4.843479 2.120041 5.387256 
1.415717 0.165419 0.167760 4.568890 5.686637 
0.799144 1.413005 0.083167 5.005256 6.262299 
0.074301 2.510037 0.076476 4.541916 5.706304 
0.795092 0.085902 1.915184 5.094019 6.299681 
0.083430 1.445426 1.952490 5.106089 6.343047 
0.039918 0.039729 3.511939 4.663442 5.792124 
0.696126 0.126495 0.127330 6.512681 5.425848 
0.046400 1.192504 0.046743 6.416435 5.374102 
0.045354 0.045044 1.613420 6.467358 5.404148 
0.036068 0.036551 0.035961 7.208304 4.465522 
1.662542 0.188945 0.176341 0.175748 6.856359 
1.317938 1.193200 0.166179 0.168199 7.918045 
0.678225 2.336770 0.119554 0.119279 7.950995 
0.082034 3.026455 0.084096 0.087123 6.850487 
1.331130 0.162943 1.591979 0.164879 7.922324 
0.734656 1.278548 1.757806 0.084518 8.606479 
0.077318 2.303486 1.649869 0.081790 7.960768 
0.710981 0.119218 3.270131 0.128053 8.097595 
0.060822 1.214998 3.236058 0.060776 8.039874 
0.046242 0.049862 4.295885 0.044760 7.100384 
1.319226 0.163502 0.162308 2.213342 7.905043 
0.735649 1.287592 0.083750 2.356960 8.577207 
0.062725 2.318688 0.063148 2.123911 7.905199 
0.742936 0.088024 1.772403 2.324644 8.656675 
0.092750 1.304336 1.777058 2.353017 8.750582 
0.033700 0.033262 3.223872 2.183772 8.063392 
0.687357 0.123489 0.128761 4.338084 8.135531 
0.056943 1.180706 0.057441 4.278730 8.072262 
0.055659 0.055252 1.690809 4.314567 8.069162 
0.026927 0.029380 0.024245 5.680837 7.095549 
1.123926 0.168466 0.168415 0.170643 8.948887 
0.602180 1.061336 0.114625 0.114934 9.519682 
0.071852 1.961871 0.075962 0.075048 8.885053 
0.624500 0.123025 1.472616 0.122972 9.538449 
0.054472 1.067600 1.441592 0.060903 9.447962 
0.042403 0.042832 2.711607 0.042256 8.996927 
0.611525 0.119399 0.118942 1.900959 9.549497 
0.058783 1.064004 0.058552 1.925766 9.451787 
0.060814 0.060271 1.462504 1.886533 9.511548 
0.036873 0.036845 0.036622 3.642184 8.963324 
0.522731 0.159301 0.159253 0.159168 9.992194 
0.061137 0.845443 0.062079 0.067313 9.865060 
0.032698 0.032512 1.220669 0.033779 9.834182 
0.030871 0.022490 0.025561 1.590674 9.827051 
0.022415 0.022371 0.022371 0.029434 10.022367 
