2.086858 0.324728 0.125355 0.401338 0.122009 0.165828 0.479157 0.934700 0.316975 0.414695 
1.970070 1.356776 0.780716 0.474241 0.108090 0.234364 0.171432 0.720358 0.299685 0.298152 
1.205275 2.485534 3.585312 0.173222 0.135960 0.203757 0.632146 0.250310 0.134795 0.241815 
0.831346 0.428810 5.672425 0.411070 0.133002 0.184081 0.492631 0.408550 0.388210 0.431354 
1.208879 2.493167 0.118366 4.657735 0.979893 0.195021 0.107253 0.762669 0.100192 0.282981 
0.260702 3.585072 0.626332 3.785387 0.642471 0.190662 0.154210 0.749257 0.211642 0.244901 
0.162329 1.773525 4.618616 4.026588 0.097230 0.160736 0.385545 0.644759 1.229866 0.698863 
0.178094 0.117331 5.379711 3.926473 0.306011 0.222460 0.175941 0.478974 0.528502 0.273463 
0.594950 0.430593 0.104826 7.794221 0.109573 0.235777 0.172879 0.932369 0.301187 0.133384 
0.199783 2.488171 0.097026 6.450668 0.096283 0.233808 0.161855 0.511591 0.116539 0.106431 
0.641532 0.267506 3.008550 6.668815 0.370803 0.163129 0.387943 0.647163 1.225872 0.701254 
0.079696 0.103680 0.129115 8.064413 0.202268 0.101655 0.365816 0.928038 0.209192 0.121463 
1.731146 0.715755 0.110546 0.193569 5.529876 0.155843 0.289744 0.913227 0.580538 0.097368 
1.214130 2.389995 0.264057 0.652251 5.799057 1.103967 0.090957 0.245251 1.851361 0.267110 
0.255347 3.411268 0.132749 0.260753 5.628889 0.431579 0.786533 0.970200 1.743709 0.316645 
1.121990 0.177012 4.048816 0.404296 5.712065 0.221351 0.391443 0.958910 0.338124 0.139684 
0.458411 1.972103 3.478179 0.395035 6.581338 0.194310 0.367313 0.941429 0.217058 0.113023 
1.598754 0.182484 0.134866 3.203825 5.556819 0.182751 0.316652 0.940140 0.603119 0.124275 
0.083532 0.089777 0.098472 6.150094 6.572855 0.186523 0.356991 0.932933 0.208562 0.104854 
0.232991 3.470780 0.142668 0.588179 0.105832 6.391967 0.455378 0.222795 0.372999 0.175011 
0.196175 2.604778 3.447359 1.081259 0.109831 6.326727 0.597793 0.226130 0.974504 0.226342 
0.231694 2.314679 0.397179 4.952074 0.511223 6.795789 0.481843 0.196289 1.031136 0.225938 
0.236440 0.128453 3.476273 5.045067 0.766675 6.501457 0.697778 0.383476 1.023914 0.436263 
1.475713 0.157155 0.199611 0.186610 5.005483 6.321263 0.359034 0.215730 0.151251 0.120987 
0.256942 2.759327 0.280375 0.418066 5.504019 6.258240 0.173310 0.592486 0.177638 0.271041 
0.273918 0.154206 3.408648 0.411130 6.515611 6.482766 0.499010 0.712843 0.393495 0.179314 
0.226494 2.209256 0.228138 0.147678 0.116218 10.307008 0.322312 0.539501 0.464245 0.172746 
0.147451 0.133387 2.183104 1.609815 0.199091 11.163596 0.186097 0.489121 0.562779 0.282859 
0.134006 0.454743 0.106389 0.124597 6.128167 9.591644 0.196194 0.941370 0.138357 0.447237 
1.200394 2.478540 0.286782 0.647535 0.239137 0.728485 8.224014 0.270903 1.787049 0.239137 
0.235033 3.634726 0.150771 0.243493 0.092802 0.237452 6.245495 1.897518 0.390584 0.417431 
1.181485 0.567320 3.750327 0.110952 0.099293 0.176947 7.830490 0.445036 0.249276 0.112454 
0.072168 0.112014 5.402644 0.222570 0.470931 0.168394 6.413092 0.405273 0.180637 1.012384 
0.193822 2.262196 0.131195 4.778867 0.102024 0.580667 5.916652 3.882335 0.099547 7.295054 
0.132161 0.750994 3.458426 5.468759 0.135641 0.474744 6.456886 0.333676 0.164440 0.520270 
0.076823 0.086760 1.406248 6.792143 0.459671 0.203998 6.961428 0.411467 0.186831 1.017784 
0.230731 2.305087 0.148457 0.650070 4.580403 5.220851 7.884937 0.589804 0.175086 0.269734 
0.182286 0.151278 3.852732 0.382356 4.548831 0.211683 9.166569 0.554383 0.736517 0.293394 
0.125908 0.458259 0.098085 4.129125 6.539466 0.185610 8.039361 0.424880 0.250829 0.267812 
0.096385 0.086745 0.186519 0.167486 9.014447 0.174239 6.344669 0.513842 0.424995 0.240648 
1.152059 0.516166 0.103104 0.264599 0.147869 9.239448 5.118912 0.175254 0.129932 0.193182 
0.156194 1.282869 2.637293 0.193593 0.109269 7.459642 8.440834 0.535102 0.289378 0.231872 
0.194460 0.140271 0.381546 4.815730 0.141807 6.344508 8.835825 0.479714 0.549698 0.269085 
0.113752 0.222397 0.110374 0.136404 0.108651 10.708677 6.653512 0.227885 0.389703 0.169214 
0.674427 0.229155 1.068982 0.385280 0.937535 0.125862 13.180665 0.454034 0.304903 0.111669 
0.155781 1.365871 0.084297 0.135253 0.095717 0.110250 13.133338 2.702003 0.266575 0.234429 
0.108023 0.173367 0.114547 0.123767 3.142621 0.135703 13.428765 0.664225 0.148114 0.264639 
0.104600 0.228081 1.403963 0.221165 0.095871 4.649551 12.626261 0.548147 0.228872 1.333420 
0.399087 3.573995 0.650239 0.213557 0.496820 0.188376 0.151899 7.694700 0.986614 0.126982 
1.441738 0.574564 2.867000 0.447453 0.101946 0.408398 0.252729 9.018567 0.821697 0.436250 
0.281499 2.567361 3.248169 0.163083 0.112976 0.509246 0.150189 9.428418 0.223470 0.253611 
0.136008 0.161630 5.385162 0.345508 0.213090 0.178040 0.114581 7.685274 0.993245 0.117879 
1.072618 0.212759 0.109346 5.357213 0.368736 0.229383 0.162680 9.261535 0.213883 0.121632 
0.215301 2.524551 0.090644 4.377024 0.454500 0.383673 0.094961 9.339358 0.274747 0.217117 
0.147435 0.098120 2.471985 5.813152 0.354083 0.401867 0.457323 9.238820 0.215203 0.302375 
0.145361 0.650443 0.342719 6.480731 0.416888 0.826085 0.707758 9.376093 0.378404 0.445463 
0.193460 2.309838 0.350195 0.878330 5.830975 0.180212 0.506221 9.522397 0.189556 1.303986 
0.090610 0.102945 3.309949 0.503034 6.167788 0.176148 0.387683 9.356035 0.226858 1.305418 
0.103973 0.374934 0.180262 3.114448 7.209067 0.805212 0.686884 9.355220 0.357530 0.424590 
1.413693 0.543900 0.523335 0.419846 0.476156 5.076961 2.509968 9.470470 0.281594 0.309830 
0.225725 2.858795 0.123439 0.232105 0.158282 5.203778 0.642840 9.486153 0.297266 0.323390 
0.164137 0.118994 0.422708 3.627969 0.100006 7.876688 0.533822 9.924984 0.243283 0.702468 
0.115254 0.108150 0.523409 0.126022 5.467264 8.597751 0.273470 7.390910 0.144246 0.286793 
0.190335 2.631297 0.095395 0.196138 0.096870 0.917165 6.992161 9.458913 0.275845 0.296085 
0.372925 0.156680 4.015097 0.750403 0.122912 0.166713 7.106979 8.683757 1.386960 0.431811 
0.221287 1.458798 0.176178 0.180598 6.423625 0.176350 7.357477 7.372123 0.144638 0.611874 
0.097132 0.100343 0.096863 0.135808 0.159094 8.036809 6.747611 9.372601 0.251145 0.441211 
0.150519 0.565040 0.121736 0.146994 0.171444 0.129070 11.805329 8.712372 0.253461 0.140441 
1.025919 0.224058 0.353293 0.218455 0.278997 0.207672 0.112583 14.272232 0.591058 0.266969 
0.284963 1.751181 0.109708 0.498724 0.283271 0.140414 0.102234 14.562965 0.204948 0.225046 
0.132784 0.348230 2.620567 0.508337 0.290920 0.148075 0.165037 14.570105 0.291209 0.234811 
0.179728 0.779004 0.108097 3.223394 0.302709 0.146051 0.107631 14.568521 0.210504 0.230602 
0.181028 0.118744 0.100686 0.138517 4.352015 0.127569 0.110503 14.564891 0.206874 0.226972 
0.106803 0.116210 1.025882 0.132793 0.125188 3.231769 0.136425 15.356979 0.236874 0.280504 
0.138866 0.125118 0.132562 1.247087 0.099308 0.117799 0.108540 15.925215 0.305264 0.137460 
1.695777 0.652863 0.209505 0.369117 0.380135 0.275771 0.179835 0.582310 10.642005 0.243194 
1.261409 2.731392 0.212977 0.366211 0.899426 0.205443 0.123863 0.271658 8.687150 0.616573 
0.244076 3.560037 0.126423 0.248052 0.118870 0.138755 0.729512 0.393824 8.979104 0.111212 
1.233058 0.593347 3.908750 0.117996 0.105852 0.187251 0.747221 0.581936 8.996470 0.118174 
1.169853 0.265659 0.097033 5.526634 0.538402 0.167943 0.174354 0.397071 9.035253 0.426654 
0.219230 2.562391 0.116281 3.880855 0.221150 0.121727 0.384112 0.360844 11.112098 1.529098 
0.656412 0.161356 3.419302 3.888748 0.227023 0.129378 0.391313 0.157046 11.118751 1.548308 
0.212210 2.177372 0.183178 0.292098 7.232249 0.270305 0.200697 0.778537 8.621870 0.244375 
0.436630 0.325275 0.104562 5.314263 4.678125 0.231299 0.170418 0.774675 10.444472 0.137003 
0.214888 0.131404 0.195604 0.141808 7.752919 0.316838 0.287790 0.457772 11.732055 0.259435 
1.193139 0.258045 0.195520 0.213333 0.149297 7.482910 0.198431 0.595751 10.537043 0.145758 
0.284503 1.152735 3.118946 0.419265 0.197266 6.448597 0.302437 0.732469 11.126776 1.556333 
0.108918 0.095411 0.356221 2.108298 6.810772 6.163058 0.114358 0.271228 8.638742 0.450963 
0.095731 0.154487 0.091920 0.096447 0.324195 10.636140 0.402785 0.383391 8.639857 0.438039 
1.616777 0.249535 0.136607 0.227252 0.216993 0.177655 6.040558 0.412469 8.726634 0.427623 
0.221673 3.157539 0.143934 0.228977 0.099163 0.171995 5.775150 0.387994 8.972024 0.434796 
0.407165 0.181973 4.200015 0.800259 0.146809 0.194575 7.419827 0.769773 8.789029 0.454369 
0.927713 0.233453 0.379312 4.727771 0.460021 0.136907 7.150643 0.411673 8.763246 0.220597 
0.245794 1.871362 0.243273 0.187982 0.120302 6.474654 7.323594 0.483460 9.132284 0.236905 
0.213919 2.034908 2.563162 0.143294 0.102783 0.414816 0.133180 7.410803 11.266137 0.111919 
0.460810 0.157401 3.982669 0.205978 0.112649 0.163188 0.153906 6.962385 10.735727 2.047981 
0.108842 0.274060 0.321989 4.353844 0.100717 0.659696 0.142573 6.257655 13.608667 0.109367 
0.630036 0.292007 0.091171 0.126115 0.098419 7.325400 0.469409 8.360508 9.821671 0.702436 
1.238099 0.312353 0.465938 0.248510 0.427811 0.167218 0.144877 0.328621 14.852408 0.267120 
0.085536 0.333139 2.894955 0.639046 0.093544 0.820608 0.251294 0.113773 15.826808 0.088438 
0.222067 0.100487 0.090092 3.727362 0.100283 0.154826 0.182076 0.215853 16.072696 0.130045 
0.100821 0.094020 0.093439 0.296889 4.683541 0.159441 0.186694 0.172637 16.077311 0.131252 
0.164535 0.134986 0.154027 0.117884 0.126354 2.910888 0.379791 0.314314 17.600739 0.270243 
1.420478 0.746937 2.863396 0.820656 0.816611 0.184237 0.115041 0.247145 0.186117 11.100320 
0.278095 2.650876 2.708743 0.780915 0.777097 0.180296 0.114992 0.239666 0.182354 12.408387 
0.172709 1.076776 5.032125 0.334377 0.158245 0.438918 0.182571 0.403966 0.177679 10.521660 
1.695315 0.262195 0.109482 2.480243 0.348078 0.145359 0.440702 0.801699 0.106826 10.214587 
0.236094 2.528559 0.140128 5.316620 0.491637 0.210642 0.136433 0.315593 0.202102 9.087627 
0.661447 0.121943 2.859638 0.266921 4.332146 0.166158 1.375184 0.512107 0.132159 14.481801 
0.210814 1.510872 0.101604 3.282909 7.672238 0.243799 0.173223 0.171444 0.215656 7.549040 
1.430952 0.131168 0.117202 2.078132 0.316080 5.908798 0.352234 0.814135 0.119262 10.227023 
0.261977 2.949351 0.136746 0.126682 0.336321 5.934107 0.375208 0.328372 0.137447 10.245208 
0.094164 0.483019 4.733736 1.009712 0.093974 5.908877 0.416180 0.152155 0.332282 7.471117 
0.155140 0.816751 2.015001 4.781102 0.319708 5.720468 0.369154 0.324067 0.140272 11.272917 
0.133301 0.430056 1.656884 0.141828 4.991280 8.501962 0.199914 0.416834 0.278522 9.111272 
0.103109 0.125550 0.101223 0.104482 0.188778 11.231854 0.439878 0.176164 0.235573 7.553760 
0.925605 0.168473 0.110443 0.090404 0.085526 0.131213 11.154730 0.578909 0.097735 8.816518 
0.241235 2.120748 0.134200 0.289525 0.203800 0.256786 10.572160 0.521671 0.294120 8.914790 
0.136023 0.924190 4.372473 0.207604 0.123403 0.368021 5.952995 0.373924 0.148724 10.491618 
0.101413 0.164118 0.253923 2.942580 0.270340 6.323838 0.119742 7.958137 0.215802 12.113650 
0.099435 0.103268 0.122433 0.102815 0.100902 0.162433 5.083987 13.175693 0.258625 9.156822 
0.097847 0.385508 0.189147 0.143354 1.462969 0.351109 1.676182 13.038082 0.121663 11.143594 
1.083485 0.293427 0.424036 0.238339 0.391474 0.168911 0.151173 0.442878 12.718225 10.504190 
0.093728 0.242896 2.862576 0.420056 0.332500 0.874431 0.118040 0.258612 12.449013 11.146463 
0.199320 0.145001 0.092333 3.128782 0.239236 0.146902 0.169180 0.127120 13.442989 11.086424 
0.082001 0.124899 0.878275 0.175847 4.257142 0.820467 0.188741 0.241858 11.697747 12.520995 
0.179283 1.049028 0.156278 0.337237 0.218902 7.837147 0.118705 0.336636 7.323329 12.193411 
0.114128 0.132399 0.206854 0.114123 0.120852 0.429955 5.963728 0.293214 14.310262 9.105854 
0.231939 2.273659 0.137276 0.302888 0.153579 0.188107 0.211611 0.250968 0.143714 16.937538 
0.165800 1.027678 1.993840 0.448837 3.586150 0.140976 0.228528 0.535784 0.204448 17.009884 
0.382061 0.658548 0.133411 0.175998 0.129383 4.829304 0.199403 0.296531 0.334579 18.157190 
0.220722 0.135110 0.089121 0.104864 0.087574 1.824431 0.112120 0.149979 0.142418 19.829785 
2.049546 0.317994 0.132860 0.885492 0.363892 0.172589 0.507170 0.927366 0.320968 3.928930 
0.269369 3.970032 0.694574 1.232481 0.085796 0.178314 1.331411 0.737333 0.199809 0.232999 
1.464119 1.016480 4.014550 1.243114 0.109384 0.346245 0.170111 2.773640 0.093388 0.299672 
0.204784 1.055472 5.881446 1.056335 0.746443 0.221767 0.667225 0.394820 0.532260 0.242432 
0.292709 3.081029 0.108605 5.360569 0.556991 0.230413 0.110297 0.359428 0.308050 0.230484 
1.443192 0.963707 0.177325 0.356069 7.226370 0.268043 0.885020 1.182206 0.261167 0.144418 
0.081608 0.086523 3.793071 0.817203 7.556000 1.566431 0.442079 2.871092 0.211207 1.302481 
0.185343 1.726191 0.137469 3.571741 6.783383 1.684473 0.155525 3.899483 0.116695 7.312202 
1.548610 0.353260 0.156989 0.512472 0.474478 8.381684 0.121026 0.244980 0.176444 0.219092 
0.615899 2.822146 0.129930 0.499323 0.217105 8.164144 0.350805 0.897485 0.144218 0.191532 
0.132788 0.123322 4.065381 0.229378 0.154961 9.137321 0.396535 0.984166 0.304911 0.144788 
0.125660 0.440291 0.109629 5.904079 0.473567 8.304116 0.118278 0.242233 0.173697 0.216345 
0.109953 0.093944 0.403049 2.378177 7.726303 6.990112 0.115155 0.293453 0.126110 0.204159 
0.708466 1.386833 4.150173 0.641668 0.449027 0.724442 8.219956 0.266861 1.783004 0.241208 
0.201957 0.134565 1.023959 6.205351 0.616990 0.238689 8.934351 0.472696 0.542680 0.252853 
0.197335 0.121752 0.945850 0.310541 2.182618 0.182935 13.559272 0.247631 2.143561 0.355515 
0.704048 0.375559 4.654604 0.359679 0.134165 0.175848 0.445737 9.364242 0.393889 0.326516 
0.268791 0.106190 0.745962 0.107561 3.125786 7.891060 4.950530 9.423095 1.833203 0.142503 
0.833975 1.534010 3.899063 0.396430 3.056511 0.205466 0.348988 0.842661 9.246281 0.145869 
0.187293 1.606718 2.126525 0.117106 7.273935 0.536892 0.130223 0.366475 8.500466 0.097761 
0.657589 1.241241 0.086085 0.228876 0.100499 0.118839 10.705273 0.836016 9.198746 0.235970 
0.878344 0.218225 0.356912 4.491528 0.433652 2.226070 0.119599 0.340117 7.055329 11.980885 
0.095099 0.240432 0.084000 2.251227 7.909243 1.286549 0.252741 0.161278 0.204144 11.078410 
0.290712 1.016048 2.026006 0.479996 3.589520 0.170103 0.257655 0.564912 0.232363 17.039011 
