2.051144 0.051473 0.051340 0.057419 0.053856 
2.013621 0.837507 0.053764 0.053290 0.053106 
1.841389 1.841835 0.054235 0.058125 0.053643 
1.465021 2.884568 0.054342 0.053454 0.053696 
0.945653 3.630964 0.052518 0.056614 0.052463 
0.436337 3.976841 0.054009 0.056609 0.052030 
0.052362 4.051468 0.053546 0.057751 0.059758 
2.013557 0.053537 1.232961 0.055501 0.055266 
1.939185 0.992273 1.443884 0.054082 0.054222 
1.655117 2.194942 1.656262 0.053807 0.054791 
1.121106 3.260681 1.653358 0.054134 0.064626 
0.522379 3.827831 1.461780 0.055527 0.054269 
0.053367 3.976340 1.224584 0.054253 0.069329 
1.841552 0.052230 2.730642 0.058211 0.054648 
1.654528 1.122190 3.261448 0.052822 0.054157 
1.210245 2.369099 3.515743 0.056436 0.056895 
0.586734 3.267235 3.261320 0.059157 0.062516 
0.054096 3.630845 2.735905 0.057320 0.055625 
1.468205 0.053657 4.291232 0.054155 0.052901 
1.122138 1.120797 4.864455 0.054156 0.053427 
0.586232 2.198017 4.860586 0.054182 0.054700 
0.052547 2.882343 4.290707 0.055602 0.054621 
0.948705 0.052307 5.414752 0.055866 0.056543 
0.524389 0.996843 5.711020 0.057471 0.059869 
0.052188 1.845902 5.415089 0.056202 0.053024 
0.443183 0.052055 5.935544 0.053563 0.055831 
0.052627 0.834739 5.935563 0.058445 0.056341 
0.051343 0.051258 6.051253 0.056462 0.051899 
2.013767 0.052621 0.052786 1.615294 0.053676 
1.937179 0.994628 0.053598 1.945571 0.053325 
1.655503 2.193032 0.053713 2.195913 0.055771 
1.120149 3.261372 0.052939 2.184537 0.054254 
0.523403 3.824644 0.053915 1.940704 0.053655 
0.052449 3.975108 0.054013 1.613988 0.054019 
1.938587 0.053119 1.462386 1.940184 0.053024 
1.785568 1.207674 1.791099 2.359242 0.054888 
1.315296 2.591427 1.953190 2.567126 0.057673 
0.624789 3.525066 1.792470 2.330036 0.054622 
0.054308 3.824333 1.462255 1.940053 0.059915 
1.655978 0.052802 3.257425 2.187805 0.054398 
1.317770 1.319279 3.840101 2.582339 0.062291 
0.682925 2.592722 3.839883 2.567241 0.052826 
0.053148 3.266658 3.247035 2.186220 0.065722 
1.123359 0.053105 4.860391 2.193562 0.053350 
0.630199 1.207461 5.257627 2.360857 0.055865 
0.053652 2.193332 4.860339 2.200884 0.053922 
0.521254 0.052842 5.712426 1.935387 0.054455 
0.051414 0.988056 5.710774 1.933735 0.052742 
0.052080 0.052247 5.935533 1.621189 0.052385 
1.839751 0.051783 0.052729 3.633183 0.052425 
1.661232 1.124432 0.057954 4.329929 0.059412 
1.210597 2.360878 0.055215 4.662340 0.054465 
0.582785 3.265510 0.055139 4.319427 0.054937 
0.052187 3.628977 0.052508 3.629818 0.059955 
1.656068 0.052966 1.656092 4.324856 0.053446 
1.317949 1.315388 1.943285 5.113067 0.052113 
0.681145 2.580671 1.943407 5.119580 0.067847 
0.054076 3.259096 1.655896 4.331093 0.054089 
1.207925 0.055153 3.517264 4.679047 0.055956 
0.685866 1.317508 3.841681 5.117407 0.059502 
0.053112 2.363789 3.512796 4.673136 0.065949 
0.586213 0.054084 4.870130 4.323571 0.054695 
0.054158 1.118249 4.869884 4.323325 0.056542 
0.051466 0.051418 5.418916 3.626632 0.053237 
1.466735 0.051687 0.053385 5.704037 0.053206 
1.119658 1.122465 0.053253 6.471379 0.054742 
0.586876 2.184147 0.052121 6.472437 0.051688 
0.051819 2.882084 0.053641 5.704104 0.052498 
1.122228 0.053631 1.645085 6.464700 0.061847 
0.630310 1.209786 1.784254 6.989807 0.055871 
0.052895 2.196960 1.640278 6.466337 0.059557 
0.585892 0.052841 3.263150 6.465603 0.053018 
0.052873 1.127814 3.263212 6.460304 0.056851 
0.053369 0.052563 4.290436 5.715642 0.056881 
0.946515 0.052448 0.053782 7.208505 0.053584 
0.523194 0.995779 0.053344 7.595834 0.052677 
0.052215 1.840049 0.053223 7.207946 0.053025 
0.523709 0.052157 1.462003 7.594886 0.055374 
0.053184 0.997513 1.463529 7.595883 0.061541 
0.051966 0.051814 2.727616 7.212209 0.053466 
0.442521 0.052330 0.052515 7.898508 0.052520 
0.052096 0.837171 0.054944 7.896256 0.053518 
0.051679 0.051651 1.228033 7.896379 0.053226 
0.052273 0.051347 0.054968 8.050976 0.052548 
2.012259 0.051597 0.054283 0.054911 2.011897 
1.938235 0.992255 0.054652 0.052668 2.407248 
1.655664 2.191955 0.055536 0.055652 2.720858 
1.119524 3.263338 0.053597 0.053364 2.716678 
0.524793 3.824397 0.052810 0.053053 2.391153 
0.051898 3.975201 0.055272 0.053835 1.999742 
1.938537 0.053775 1.463287 0.056878 2.408302 
1.787170 1.211181 1.772532 0.055399 2.921897 
1.317824 2.585060 1.941334 0.057342 3.203013 
0.627551 3.528951 1.788724 0.057759 2.902566 
0.054032 3.825537 1.466158 0.053819 2.407112 
1.657375 0.052416 3.251376 0.053327 2.730613 
1.319956 1.308739 3.852553 0.054774 3.196566 
0.684248 2.586601 3.846212 0.056441 3.214815 
0.053970 3.263269 3.257020 0.064027 2.713768 
1.120269 0.052300 4.866069 0.053998 2.716207 
0.631018 1.208572 5.250003 0.053057 2.929098 
0.054203 2.189492 4.866161 0.059287 2.729681 
0.523076 0.054142 5.714183 0.058585 2.400296 
0.054094 0.992103 5.714128 0.058527 2.400221 
0.051018 0.051351 5.934248 0.054137 2.013358 
1.936906 0.051510 0.054121 1.932809 2.404581 
1.785406 1.205908 0.053428 2.363066 2.931791 
1.317044 2.584837 0.055621 2.577364 3.205749 
0.627721 3.518920 0.053098 2.356873 2.931085 
0.053397 3.824920 0.056127 1.934809 2.406581 
1.784754 0.053272 1.788394 2.348766 2.930352 
1.468345 1.473356 2.173601 2.881501 3.570727 
0.757143 2.888475 2.173061 2.886410 3.562551 
0.054335 3.517318 1.783452 2.367275 2.930544 
1.321109 0.054150 3.840279 2.588921 3.208176 
0.761910 1.470512 4.296399 2.893058 3.584950 
0.053293 2.589339 3.842834 2.590643 3.189272 
0.627660 0.053349 5.254227 2.357502 2.929667 
0.052514 1.209090 5.245508 2.355231 2.958275 
0.052346 0.052281 5.708977 1.937178 2.409910 
1.656882 0.052855 0.053878 4.325243 2.709444 
1.317412 1.315601 0.052683 5.111778 3.211296 
0.677232 2.591324 0.054592 5.119507 3.188660 
0.051955 3.261204 0.053183 4.321920 2.716309 
1.320829 0.052702 1.949100 5.100911 3.208252 
0.759971 1.468978 2.159063 5.751744 3.570278 
0.054550 2.590163 1.946164 5.110730 3.201547 
0.686522 0.054599 3.844492 5.121796 3.205192 
0.054227 1.323155 3.849366 5.108756 3.202740 
0.054732 0.065334 4.866876 4.323807 2.737393 
1.121788 0.054523 0.054886 6.470377 2.721641 
0.628236 1.205945 0.053759 6.980925 2.947773 
0.051823 2.203146 0.051882 6.449736 2.716407 
0.628365 0.052768 1.775319 6.988357 2.931064 
0.052583 1.206342 1.779931 6.985421 2.931810 
0.051684 0.055939 3.254548 6.470394 2.721588 
0.521723 0.052690 0.053299 7.598093 2.404737 
0.053936 1.001113 0.055425 7.592454 2.418048 
0.053536 0.053206 1.456056 7.599938 2.407781 
0.053346 0.051047 0.051042 7.895733 2.011869 
1.841008 0.052564 0.055913 0.052700 4.521761 
1.657090 1.113697 0.054366 0.052430 5.397819 
1.208624 2.363616 0.059019 0.054672 5.814585 
0.579226 3.264877 0.055455 0.054274 5.398126 
0.052262 3.632353 0.053323 0.057087 4.507663 
1.657411 0.053452 1.654209 0.053745 5.381762 
1.319813 1.320902 1.946188 0.056632 6.387288 
0.687728 2.588284 1.947387 0.055540 6.372505 
0.052123 3.262654 1.653976 0.056311 5.383669 
1.207864 0.055229 3.512823 0.053284 5.825752 
0.685452 1.317873 3.847765 0.054812 6.372965 
0.052432 2.363794 3.513116 0.055483 5.823843 
0.586422 0.053517 4.868746 0.053925 5.390705 
0.055542 1.118989 4.865917 0.055394 5.399401 
0.052189 0.051885 5.418469 0.056557 4.523884 
1.654373 0.050898 0.052536 2.189630 5.396303 
1.319054 1.319789 0.055797 2.599975 6.358157 
0.681914 2.591185 0.055375 2.585720 6.370920 
0.053122 3.260457 0.053633 2.185158 5.397892 
1.317405 0.053286 1.954721 2.586024 6.364082 
0.747849 1.467975 2.156947 2.903213 7.159692 
0.052192 2.586877 1.943150 2.591171 6.360406 
0.687879 0.054680 3.859091 2.579574 6.358996 
0.055403 1.318376 3.860592 2.583154 6.359060 
0.052517 0.052245 4.866115 2.185757 5.392400 
1.207607 0.051759 0.052883 4.675599 5.810352 
0.683917 1.317972 0.054481 5.122701 6.369655 
0.052493 2.364331 0.053873 4.660237 5.833634 
0.684996 0.055466 1.954066 5.122012 6.371684 
0.054832 1.314420 1.952893 5.120840 6.370511 
0.053894 0.053827 3.512928 4.674637 5.832886 
0.586151 0.054182 0.053024 6.464607 5.404161 
0.053198 1.113372 0.053244 6.480469 5.384172 
0.051526 0.052230 1.652362 6.463592 5.403146 
0.052921 0.051291 0.051431 7.209650 4.515928 
1.465275 0.052108 0.052360 0.052482 7.127366 
1.120710 1.117070 0.052958 0.052662 8.074272 
0.587952 2.190055 0.052406 0.052572 8.066977 
0.052456 2.886111 0.055572 0.052383 7.108189 
1.124918 0.055953 1.655281 0.055738 8.068363 
0.629538 1.208581 1.775533 0.055557 8.721311 
0.052872 2.195911 1.646505 0.052423 8.066466 
0.586649 0.052234 3.257809 0.052519 8.071249 
0.053095 1.127145 3.271291 0.063698 8.052857 
0.052518 0.052364 4.294644 0.052743 7.124032 
1.121275 0.051984 0.052057 2.192190 8.064245 
0.628836 1.204524 0.053577 2.378418 8.713284 
0.051786 2.192802 0.051793 2.193613 8.061792 
0.630425 0.053279 1.779791 2.371141 8.713353 
0.054466 1.209227 1.779760 2.372113 8.714325 
0.053466 0.051711 3.260255 2.189920 8.067919 
0.587366 0.053743 0.052808 4.332318 8.067791 
0.053473 1.125255 0.054257 4.339881 8.059845 
0.051952 0.051921 1.658546 4.329428 8.066797 
0.052326 0.054123 0.051767 5.707522 7.124170 
0.945653 0.053239 0.052445 0.052397 8.997488 
0.524542 0.997264 0.051827 0.053561 9.475083 
0.054618 1.842494 0.054995 0.054251 8.999247 
0.524934 0.051836 1.469744 0.052811 9.474299 
0.053110 0.991067 1.460091 0.054503 9.486834 
0.051894 0.051797 2.733366 0.052394 8.997485 
0.523743 0.053294 0.054055 1.939486 9.482135 
0.051931 0.992932 0.052692 1.938123 9.480772 
0.053156 0.053157 1.465792 1.937584 9.481859 
0.051998 0.051205 0.051792 3.641489 8.987569 
0.443274 0.052187 0.051575 0.051962 9.857281 
0.052495 0.834682 0.051770 0.051756 9.857346 
0.051592 0.051297 1.227345 0.051999 9.857318 
0.051525 0.051066 0.051146 1.621096 9.856595 
0.052127 0.051406 0.051992 0.053129 10.051208 
