2.081293 0.128555 0.543488 0.119215 0.354407 0.253525 0.192766 0.129199 0.428699 2.824877 
1.891883 1.558287 0.328100 0.313248 0.355172 2.520224 0.140036 0.377114 0.228705 0.086437 
0.946522 3.748622 0.169486 0.292008 0.317843 0.215665 0.120625 0.469280 0.272936 0.335783 
0.218516 4.110695 0.157936 0.394260 0.478336 0.238723 0.285702 1.201278 0.214922 0.163081 
1.464717 1.433921 3.895583 0.131657 0.089783 0.308326 0.294442 1.156646 1.381015 0.132143 
0.528800 3.448223 3.113225 0.148551 0.346352 0.272123 0.895323 0.164162 0.330848 0.203706 
0.714649 0.082046 5.769406 0.093357 0.227557 0.188999 0.167603 0.122273 0.230249 0.090832 
0.183634 1.368766 5.801366 0.352369 0.271405 0.236696 0.272714 0.190006 0.260095 0.124322 
1.130756 1.107193 2.990652 5.202322 0.079193 0.297736 0.283852 1.146054 1.370423 0.135859 
0.589709 0.082197 4.644942 4.854738 0.228021 0.189466 0.168105 0.229618 0.288608 0.091331 
0.216366 1.099160 0.239868 7.785301 0.279911 0.222311 0.432348 0.147488 0.246214 2.046788 
0.140722 0.321788 1.619644 7.787102 0.683382 0.233504 0.111236 0.187887 0.261443 2.057946 
1.885983 0.125465 0.460380 0.723920 4.582354 0.124459 0.195210 0.149880 0.257686 0.118415 
1.314500 2.508757 0.827251 0.473530 4.928258 0.113151 0.296339 0.385517 0.865591 0.089160 
0.115414 3.540769 0.163941 0.233295 5.210774 0.370136 0.187188 0.114883 0.121909 0.112996 
1.385402 0.556812 3.385274 0.275603 5.036569 0.326304 0.153850 0.082145 0.156148 0.079659 
0.355307 2.952982 3.569202 0.129430 3.674995 0.130407 0.208455 0.140448 1.849615 0.259653 
0.213349 0.165735 5.272778 0.289830 5.050748 0.340530 0.168078 0.096373 0.178470 0.164226 
0.444820 0.171556 3.352431 4.552158 6.062923 0.192259 0.170220 0.124890 0.232867 0.093425 
0.093475 0.952287 0.207379 6.682495 5.228939 0.212231 0.166081 0.096140 0.236101 2.036674 
0.984580 0.472067 0.572153 0.380415 8.896442 0.627945 0.185293 0.235999 1.383255 0.105980 
0.310425 1.800007 0.100532 0.104103 8.591060 0.690899 1.307420 0.130158 0.371164 5.309640 
0.474817 0.081370 3.618624 0.088405 7.910673 0.189396 0.167545 0.125446 0.229939 0.090775 
0.135076 0.479901 0.474814 0.121973 10.044814 0.371136 0.124682 0.160229 0.497770 0.270829 
1.715988 0.373482 0.196106 0.146796 2.110925 6.873826 0.122715 0.168312 0.126260 0.344201 
0.816538 3.214679 0.109569 0.256375 0.278211 6.310811 0.110548 0.459204 0.263446 0.325707 
0.306189 3.396819 0.196952 0.146173 0.152052 6.881345 0.121218 0.166055 0.124763 0.339007 
0.489065 2.958577 2.196440 0.226245 0.395434 7.035541 0.165253 0.415165 0.157778 0.198150 
0.127213 0.386335 5.524836 0.688958 0.427074 5.148140 0.181924 0.153014 0.440595 0.151840 
1.520958 0.351992 0.559556 3.073803 1.475577 6.866843 0.178123 1.532489 0.100998 0.107966 
0.121479 2.933443 0.086636 3.982753 0.218350 6.146336 0.147779 0.135928 0.243848 0.093597 
0.138171 0.276431 3.450837 4.271683 0.955491 7.822140 0.187856 0.130639 0.445377 0.665018 
1.084098 0.348400 0.125496 0.163794 5.892127 7.878696 0.235732 0.133957 0.446642 2.480615 
0.238153 2.319811 0.164464 0.150454 6.210951 6.873484 0.114722 0.273438 0.551290 0.112704 
0.204925 0.190552 3.242891 0.180970 5.749335 7.826361 1.007439 0.148204 0.463032 0.511223 
0.546053 0.137308 0.658583 0.130054 8.832395 5.219404 0.194804 0.156309 0.563092 0.266913 
0.773210 0.344881 1.807017 0.295084 2.663560 10.361651 0.176824 0.216429 0.179124 0.102604 
0.109769 1.857450 0.148690 0.155843 0.419660 10.850288 0.175066 0.102761 0.110590 0.100857 
0.138728 0.442533 2.646622 0.112370 0.200858 10.936582 0.200507 0.120935 0.202046 0.206390 
0.117834 0.142391 0.145603 0.114733 3.081380 11.471054 0.847765 0.273758 2.184050 0.190502 
0.124192 0.121858 0.493277 0.256048 0.275436 11.993857 0.851916 0.277909 2.188201 0.196506 
1.540279 2.065328 0.818431 0.091179 0.123268 0.109925 6.344563 0.103881 0.915125 0.081621 
0.177268 3.273732 0.157211 0.317551 0.413322 0.151055 8.777760 1.013259 0.290893 0.143036 
0.447618 2.784321 2.455524 0.124747 0.369581 0.177131 8.436340 0.394198 0.244829 0.177193 
1.250294 0.162326 0.197145 2.953278 0.681375 0.206935 10.414332 0.479949 0.435438 0.166485 
0.158456 2.611295 0.130727 3.671639 0.248062 0.142430 9.157452 1.005004 0.282731 0.142512 
1.341045 0.753128 0.973031 0.327005 5.650064 0.650717 7.353843 0.159958 0.385997 0.123423 
0.440026 3.003777 0.186944 0.124345 4.226297 0.146167 7.331736 0.101348 0.156710 0.100079 
0.094898 0.344828 3.374928 0.112199 6.144467 0.140480 8.111519 0.099491 0.151828 0.158837 
0.070115 0.067444 0.197428 4.542288 6.213653 0.102834 7.837382 0.110145 0.130288 0.068843 
0.135325 0.127485 0.146241 0.129240 8.557823 0.160774 7.649442 0.498582 0.199974 0.132902 
1.225770 0.620944 1.834657 0.112626 0.089377 5.097024 8.896148 0.387331 0.267745 0.143527 
0.203257 1.960584 0.132773 0.158694 0.586046 7.799585 8.632056 0.156695 0.199260 1.046500 
0.451026 0.309578 3.462174 0.122225 0.251895 4.350926 10.336118 0.156686 0.350110 0.328358 
0.104432 0.102491 0.161522 6.089773 0.274528 5.832786 6.468104 1.195028 0.116850 0.186122 
0.327913 0.197401 0.799982 0.118096 0.244948 11.460092 3.905951 0.170117 0.146736 0.178387 
0.774850 0.298418 0.546255 0.453741 0.157322 1.361085 13.198426 0.164813 0.145455 0.155193 
0.099625 0.229049 2.073346 0.114479 0.781120 0.121405 13.277436 0.111458 0.158323 0.171236 
0.145677 0.134899 0.529574 3.958491 0.571659 1.052728 12.330092 0.145220 0.192548 0.142637 
0.157715 0.478009 0.558348 0.145965 4.220879 2.529232 12.502184 0.184541 0.587251 0.295145 
0.122204 0.121404 0.253343 0.168998 0.175975 4.336164 13.123095 0.280064 2.190356 0.198660 
0.097802 0.106186 0.147092 0.243558 0.102294 2.165025 13.813880 1.589072 0.715270 0.104892 
1.745043 0.576337 0.217995 0.115201 0.119626 0.138993 0.164241 9.153877 0.277496 0.122454 
1.268950 1.956185 0.165854 0.316184 0.381248 0.157398 0.254782 11.205600 0.238594 0.179004 
0.154138 3.491413 0.135924 0.446274 0.405978 0.204045 0.165700 8.595275 0.434564 0.199045 
1.133285 0.127228 2.402006 0.980571 3.615780 0.130299 0.173219 11.007228 0.201506 0.151987 
0.200755 2.861307 2.497656 0.326545 0.393654 0.650732 3.227468 9.105899 0.461001 0.176783 
0.113680 0.356371 5.169023 0.209430 0.399249 0.197316 0.158971 8.588546 0.427835 0.192316 
0.140993 2.839983 0.110806 3.845722 0.235682 0.261780 0.161085 9.094137 0.268069 0.122089 
0.516430 0.345111 4.049715 4.219317 0.233111 0.199893 0.181490 8.229234 0.314067 0.116790 
0.158443 0.128529 0.156450 6.726093 0.338998 0.246243 2.751703 8.604779 0.448924 0.671168 
1.428061 0.132644 0.201351 1.009652 3.724152 0.133796 0.177982 10.615456 0.387658 0.155107 
0.136259 2.092260 1.019429 0.117925 6.532960 0.163672 0.578999 8.831620 0.559885 0.081491 
0.085883 0.084812 0.115908 1.115185 8.938466 1.108949 1.864751 6.798283 0.123203 0.095904 
0.107146 2.347819 0.251267 0.062046 0.124359 7.205039 0.126504 9.057893 0.384732 0.071290 
0.113717 0.244855 0.738268 3.740391 0.181689 7.908534 0.163840 9.654760 0.200930 1.285806 
0.098005 0.478280 0.354430 0.082795 0.116979 11.360760 1.148932 4.777135 0.576528 2.274491 
0.934316 0.621622 0.195454 2.224777 0.551990 0.905389 7.781538 10.798861 1.048862 1.018849 
0.154255 1.665417 0.145998 0.221396 0.268180 0.139899 10.715154 8.619779 0.505581 0.138604 
0.100187 0.217576 1.640769 3.173027 5.187383 0.141440 6.840556 8.722638 1.084258 0.169269 
0.085273 0.083988 0.134587 1.775319 0.122813 5.094088 10.886887 6.972236 0.103475 0.094618 
0.198954 1.038901 1.238152 0.124110 1.272356 0.126233 12.467694 5.587588 0.651964 0.275726 
0.144345 1.745227 0.336173 0.303888 0.963078 0.295193 1.818293 14.492333 0.126802 0.146254 
0.216101 0.100643 2.030186 0.496286 0.134551 0.126177 0.095347 15.128792 0.346246 0.300269 
0.189198 0.114162 0.143881 3.719501 0.482310 0.126558 0.455936 14.358654 0.271269 0.117765 
0.124630 0.118151 0.130360 0.123304 6.600639 0.218587 0.292232 12.298295 0.156160 0.123642 
0.111828 0.109188 0.249727 0.158528 0.182762 4.817789 0.644962 14.681503 2.197819 0.183326 
0.543355 0.216152 0.392198 0.668265 0.177316 0.119642 4.912424 14.649572 0.384566 1.063677 
0.474357 0.096693 0.186243 0.201041 1.295101 0.205022 0.255823 15.625951 0.135880 0.112567 
1.270148 2.159206 0.759633 0.441882 0.322743 0.115423 0.228246 0.331941 10.884006 0.084781 
0.548698 3.393906 0.105126 1.243379 0.241324 0.188396 0.297890 0.116207 9.169709 0.192919 
1.462342 0.727393 2.486854 1.972436 0.709844 0.145064 0.952920 0.398742 10.071334 0.119703 
0.188950 2.577863 3.159726 0.310750 0.328471 0.183462 0.139562 0.146970 10.783268 0.103214 
0.124565 0.431476 5.004148 0.937869 0.269986 0.368021 3.127865 0.604591 9.436392 0.117789 
1.404110 0.865210 0.210697 4.569084 0.236382 0.581266 0.155137 0.415871 8.577283 0.654556 
0.244904 2.905394 0.216175 4.023455 0.564365 0.204727 1.765012 0.129619 9.233632 0.191320 
0.107489 1.472673 0.098739 0.087071 6.734677 0.560152 1.042005 0.121893 10.925641 5.311736 
0.119147 0.269986 3.382799 2.482481 3.799325 0.295291 0.690818 0.381162 12.515641 0.189829 
0.149499 1.163709 1.336296 4.934443 4.299723 0.343509 0.150345 0.181427 10.506885 0.089940 
1.357677 0.637477 0.279379 0.109170 0.544864 4.651266 0.153205 5.914854 10.179505 0.134568 
0.222961 2.790683 0.426674 1.056734 0.094886 5.541693 3.163366 0.317433 9.374357 0.097805 
0.113951 0.360842 4.039283 1.038529 1.082236 5.807307 3.174349 0.598006 9.386934 0.110386 
0.098675 0.098248 0.127233 4.785205 0.950673 5.166985 0.155359 0.100138 12.449002 0.107676 
0.142355 1.092739 0.216903 0.459638 6.522821 5.870735 2.059537 1.426483 9.310398 0.102102 
1.100705 0.566975 1.844719 1.471143 0.554231 0.144080 8.162528 0.405764 10.078356 0.126725 
0.115682 0.295222 2.970184 2.186728 0.905446 0.278304 9.276756 0.425374 9.392268 0.115720 
0.287979 0.227402 0.144076 0.247050 3.838765 0.855385 10.847749 0.176039 9.435624 0.467200 
0.123584 0.123058 0.197621 0.149888 0.153839 3.830914 11.545192 1.026626 8.854406 0.200780 
1.018996 0.186960 0.279246 0.579794 0.183091 3.922835 1.398791 8.616934 11.628548 0.915792 
0.156648 0.696102 0.160405 4.943236 0.211496 0.135318 0.177187 10.822743 7.458971 0.136678 
0.113451 0.258414 3.034448 0.132456 2.469475 0.433354 2.321477 0.115942 14.945312 0.180655 
0.131350 0.872294 0.340304 2.902635 2.463819 0.147519 0.143764 0.108471 16.018131 0.887800 
0.171933 0.129331 0.133695 0.119436 4.337997 0.981364 0.193982 0.121038 16.369526 0.203355 
0.125812 0.151211 0.128888 0.125604 0.616468 0.226129 6.095994 0.130925 16.379509 0.180316 
0.136905 0.120965 1.154728 0.201895 0.324726 0.093340 0.076145 8.460937 14.882841 2.187610 
1.375037 2.163564 0.480002 0.139296 0.123225 0.197628 1.978110 4.027191 0.301974 10.200335 
0.188543 3.557547 0.951562 0.333132 0.251063 0.173563 0.280563 0.886107 0.333452 9.662540 
0.388608 2.771657 3.242378 1.412580 1.048452 0.238339 0.627080 0.610421 1.227592 9.208776 
0.182748 0.663439 5.137410 0.104488 3.156873 0.507319 0.104680 0.182305 0.595306 8.595608 
0.105529 0.219444 2.305227 6.217811 0.301018 0.474872 0.098057 0.169401 0.557568 10.600867 
0.926355 1.435869 0.182685 1.409216 7.255131 0.180823 0.165954 0.286889 0.551860 9.673118 
0.247402 3.115377 0.171563 0.232248 4.587552 0.351984 0.191905 0.128637 0.134785 9.801386 
0.119164 0.155352 0.133614 5.783983 4.333040 1.106029 2.725361 2.407480 0.116461 10.253902 
0.847471 0.109007 0.158607 0.390949 0.194635 4.999246 0.148987 0.124007 0.183896 16.742441 
0.245084 2.319856 0.162324 0.146836 1.063079 4.740336 0.162302 0.219704 0.421152 14.679266 
0.114257 0.133658 0.127354 3.214224 0.273026 9.179354 1.541834 0.569088 0.303143 10.454270 
0.188089 2.695130 0.755889 0.294943 0.226360 0.176940 1.690012 9.359373 0.358597 9.683988 
0.133590 0.405340 3.944458 0.630846 0.122295 0.834512 1.596010 9.059158 0.304294 10.202184 
0.109924 0.120001 0.251236 2.501891 0.114002 7.016767 1.593358 9.056506 0.301641 10.199533 
0.155011 0.102209 1.280663 0.208815 0.171385 0.209337 0.263730 13.308258 0.285510 10.650892 
0.193015 0.179582 0.692011 3.469600 0.725212 0.367465 2.029695 4.678640 10.655660 12.328493 
0.304638 0.119977 0.233163 0.130813 4.031171 0.930197 0.242695 0.123602 14.070349 9.767619 
0.172188 0.226660 0.141288 0.143291 0.456097 5.422835 0.511668 0.144311 12.630903 11.497296 
1.148493 0.104299 0.326178 0.099305 0.225070 0.110688 0.138632 0.114776 0.171969 17.056584 
0.172590 0.111892 3.107226 0.854001 0.227253 0.177258 0.143754 0.120707 0.300324 17.281035 
0.126026 0.111667 0.112242 0.108278 3.735437 0.233449 1.531519 0.112366 7.526488 16.693880 
1.433387 1.403665 3.779436 1.716526 0.158490 2.096799 0.327936 1.173344 1.397712 0.190830 
0.216729 0.121924 4.324197 5.783533 0.258022 0.574405 0.178741 0.261025 0.320995 0.122738 
0.280608 0.151330 1.529856 7.720364 0.952438 1.443596 0.128498 1.481135 0.156134 0.735582 
0.111617 0.416486 4.112665 0.132721 7.491006 0.212022 0.509869 0.114464 0.167208 0.173810 
0.129826 0.471744 0.466699 0.116833 9.956018 0.363896 0.108703 0.154841 0.643556 2.668950 
0.329621 0.286829 0.571490 0.135972 7.652852 7.814321 0.995399 0.136164 0.450992 0.499183 
1.334506 0.543665 1.983120 0.113248 0.087541 3.767668 8.871025 0.386934 1.390024 0.141271 
0.116125 0.202483 3.100503 2.272881 1.463072 3.057188 10.905126 0.476286 0.803059 0.262417 
0.277827 0.122580 1.561888 5.196112 1.335117 4.585890 8.527789 1.002287 0.925064 2.063557 
0.136065 0.249479 1.111123 3.463894 5.438004 4.600889 8.546617 0.662021 0.945487 2.074209 
0.115582 0.322703 4.429997 1.085257 1.936355 0.190581 0.156396 10.582083 0.431416 0.197391 
0.420386 0.169982 0.333083 5.866786 0.273912 0.188813 2.984188 10.380172 0.357112 0.166588 
1.388982 0.655527 1.194292 0.117590 0.577456 3.900468 0.164966 5.855957 10.187785 0.142848 
0.136994 0.694554 2.877873 0.789545 2.479908 0.443788 2.331910 0.126375 14.955745 0.191088 
0.131798 0.368524 0.421251 1.759684 1.465326 0.422153 10.881061 0.194366 10.519824 0.102879 
0.408840 0.333978 0.333128 0.206884 0.331608 0.096657 0.082354 8.593228 14.779725 2.190476 
0.623415 1.296574 0.643028 0.145696 2.353567 0.116780 0.201783 0.243758 16.047420 0.107873 
1.254086 0.781306 0.207099 0.178658 0.202242 0.436089 0.147154 0.323944 5.857764 14.814233 
0.153658 0.760156 0.863688 6.060002 0.252534 2.910895 0.627796 1.016000 1.179755 11.974607 
0.184744 0.162903 0.399709 2.849352 0.624150 4.431031 0.559570 0.962112 9.941506 13.669532 
