1.989616 0.004881 0.004879 0.005044 0.005644 
1.084895 0.417030 0.005017 0.006735 0.023090 
0.809025 0.774649 0.006718 0.006729 0.007317 
0.590919 1.145106 0.005022 0.004992 0.006688 
0.391828 1.550425 0.010463 0.008625 0.010637 
0.216747 2.097535 0.007601 0.009782 0.016950 
0.005441 3.718255 0.006524 0.007818 0.005467 
1.073564 0.005659 0.577650 0.006440 0.008253 
0.607534 0.313323 0.478879 0.006601 0.005222 
0.437955 0.571679 0.439713 0.010604 0.007780 
0.295208 0.848169 0.453555 0.010169 0.011415 
0.158280 1.239281 0.478047 0.009828 0.008944 
0.004860 2.078126 0.621098 0.009824 0.004830 
0.770134 0.008721 1.083227 0.011420 0.006695 
0.453836 0.288800 0.890473 0.029777 0.023013 
0.298848 0.565835 0.847371 0.007346 0.012908 
0.148145 0.884100 0.898932 0.006162 0.006710 
0.012931 1.417186 1.083314 0.011507 0.006782 
0.521084 0.020779 1.582756 0.012464 0.007799 
0.303497 0.302528 1.319038 0.009200 0.009038 
0.157930 0.603819 1.315475 0.010735 0.012728 
0.005835 1.117704 1.690335 0.008740 0.008600 
0.403241 0.021096 2.152384 0.014955 0.015014 
0.167353 0.322991 1.890751 0.014743 0.014033 
0.013363 0.720865 2.155736 0.006298 0.006360 
0.217789 0.005612 3.167878 0.006701 0.005387 
0.004543 0.420104 3.184324 0.007047 0.009268 
0.005170 0.004876 5.569752 0.006766 0.005122 
1.094824 0.005147 0.005146 0.878717 0.005910 
0.619134 0.313815 0.005206 0.634089 0.005175 
0.429604 0.573169 0.010751 0.574518 0.006321 
0.297640 0.863195 0.008012 0.603297 0.007344 
0.159335 1.226184 0.006983 0.630311 0.007627 
0.005262 2.028688 0.008369 0.843546 0.008783 
0.621279 0.005536 0.460020 0.613715 0.004904 
0.356433 0.244418 0.370630 0.487845 0.004888 
0.235476 0.456857 0.357061 0.481106 0.013928 
0.123566 0.715887 0.371337 0.497460 0.006874 
0.009770 1.172489 0.454567 0.615630 0.009358 
0.462490 0.016770 0.832155 0.625289 0.017841 
0.236583 0.235927 0.697065 0.476219 0.010388 
0.125217 0.462415 0.719767 0.493047 0.013968 
0.008503 0.840036 0.836113 0.577988 0.005945 
0.295679 0.009053 1.261352 0.570208 0.016046 
0.125100 0.248626 1.088937 0.490539 0.006502 
0.014324 0.534885 1.218796 0.568142 0.016744 
0.154127 0.011266 1.786193 0.617474 0.012362 
0.007650 0.310674 1.808968 0.590120 0.007849 
0.006373 0.006710 3.140094 0.870133 0.014228 
0.681149 0.020948 0.020101 1.375348 0.005713 
0.450488 0.286531 0.007746 1.222202 0.009116 
0.274739 0.550271 0.010306 1.117182 0.006216 
0.145520 0.856557 0.009880 1.184647 0.007896 
0.011918 1.435222 0.010001 1.472543 0.006992 
0.417755 0.017258 0.415765 1.122893 0.008303 
0.237086 0.237617 0.331915 0.995168 0.008962 
0.116601 0.476399 0.333478 0.986315 0.005296 
0.009404 0.832310 0.426133 1.128858 0.005976 
0.282229 0.010932 0.848287 1.056742 0.009057 
0.119818 0.236293 0.708362 0.960964 0.007901 
0.005797 0.566262 0.845929 1.150348 0.009037 
0.144547 0.012254 1.275734 1.128490 0.009169 
0.006045 0.284082 1.318148 1.178605 0.007499 
0.004550 0.005012 2.318277 1.583755 0.007435 
0.577283 0.009293 0.008427 2.243859 0.008850 
0.304225 0.299331 0.007914 1.770770 0.018047 
0.148173 0.588992 0.006365 1.820319 0.006631 
0.008628 1.105424 0.006962 2.232137 0.007597 
0.288975 0.010724 0.423193 1.724401 0.006123 
0.127779 0.246400 0.362196 1.462774 0.010901 
0.007308 0.570792 0.424468 1.741070 0.008016 
0.140642 0.015247 0.840194 1.682830 0.005555 
0.010693 0.274314 0.839029 1.710962 0.015990 
0.005982 0.016060 1.605871 2.231667 0.007127 
0.365394 0.015149 0.011333 2.862602 0.007778 
0.158676 0.315040 0.009745 2.486898 0.012831 
0.011159 0.719862 0.010365 2.926667 0.007004 
0.154029 0.009232 0.455969 2.448971 0.005449 
0.006884 0.302449 0.455900 2.448902 0.005380 
0.008350 0.008109 1.086626 2.927674 0.031655 
0.204505 0.009977 0.006869 4.190920 0.006059 
0.005047 0.413519 0.004964 4.177632 0.003909 
0.007238 0.008141 0.596538 4.084612 0.014456 
0.005173 0.005560 0.005117 7.837150 0.005652 
1.744081 0.007344 0.013571 0.011248 1.708080 
0.975162 0.481706 0.008983 0.007770 1.199426 
0.615887 0.807251 0.014590 0.030213 1.044209 
0.403475 1.200114 0.021282 0.020410 1.011265 
0.228601 1.804667 0.016405 0.014612 1.155180 
0.008877 3.472906 0.014414 0.008891 1.790326 
0.916898 0.014794 0.641363 0.014352 1.150874 
0.508629 0.355712 0.498187 0.012486 0.862501 
0.332404 0.666638 0.509120 0.010494 0.850540 
0.175913 1.052714 0.526043 0.008288 0.903955 
0.011719 1.782422 0.668708 0.014461 1.150982 
0.633540 0.011240 1.242904 0.010842 1.074180 
0.331877 0.351894 0.966783 0.022866 0.822583 
0.163344 0.646794 0.998976 0.017493 0.861129 
0.006972 1.288850 1.309677 0.007648 1.095061 
0.406466 0.020835 1.784418 0.019240 1.021836 
0.174826 0.350422 1.521142 0.015927 0.845261 
0.010631 0.825880 1.883123 0.014062 1.060367 
0.236366 0.012721 2.656348 0.015469 1.160348 
0.009683 0.451518 2.661576 0.017868 1.165910 
0.006737 0.008792 5.179736 0.010368 1.807875 
0.868788 0.011110 0.020353 0.891554 1.127901 
0.529794 0.347859 0.007068 0.701693 0.971013 
0.318991 0.645582 0.024006 0.643099 0.828139 
0.178830 1.021141 0.011436 0.709614 0.880115 
0.010425 1.710828 0.017898 0.862851 1.140544 
0.499123 0.019253 0.500977 0.651830 0.836378 
0.280134 0.286776 0.429344 0.567708 0.685210 
0.139649 0.540841 0.418839 0.569802 0.709558 
0.009144 1.020924 0.493343 0.708838 0.893524 
0.322487 0.015174 0.961048 0.645333 0.838734 
0.141585 0.282970 0.804023 0.548785 0.696380 
0.008845 0.630052 0.967089 0.644644 0.833339 
0.175914 0.012739 1.538838 0.701906 0.901025 
0.007590 0.339209 1.558893 0.715085 0.883492 
0.014317 0.013718 2.508216 0.889627 1.120592 
0.614389 0.025154 0.012974 1.642031 1.056566 
0.337296 0.337756 0.011097 1.318371 0.841634 
0.167443 0.654724 0.013791 1.326672 0.845855 
0.009689 1.217633 0.011624 1.660074 1.092144 
0.324305 0.009818 0.488950 1.319887 0.823295 
0.134490 0.296001 0.406809 1.126143 0.700449 
0.007412 0.639333 0.488648 1.319342 0.838860 
0.162027 0.019755 0.962288 1.298683 0.831094 
0.007666 0.339552 0.949962 1.315655 0.844513 
0.012942 0.012246 1.791545 1.653222 1.087499 
0.422047 0.014593 0.019432 2.429726 1.023246 
0.178682 0.339332 0.012515 2.065461 0.863369 
0.009250 0.804286 0.023412 2.425509 1.058130 
0.171198 0.013207 0.509459 2.036859 0.863124 
0.009518 0.338558 0.520092 2.085757 0.860658 
0.008746 0.017337 1.220052 2.523150 1.044797 
0.225271 0.004620 0.026311 3.618332 1.139583 
0.004924 0.436183 0.026647 3.593609 1.139767 
0.006813 0.009484 0.682872 3.688587 1.163166 
0.008758 0.008390 0.014860 6.829833 1.729682 
1.090861 0.032608 0.008073 0.010279 2.648804 
0.595501 0.379382 0.017385 0.008258 2.008983 
0.385621 0.768501 0.009579 0.006286 1.992799 
0.202537 1.163573 0.014446 0.007922 2.014443 
0.006765 2.485999 0.008062 0.007014 3.222327 
0.581884 0.016643 0.580774 0.007806 1.993704 
0.400745 0.379481 0.569621 0.029951 1.925987 
0.227117 0.669233 0.658042 0.025559 1.928676 
0.008380 1.174266 0.601650 0.007080 2.013516 
0.388250 0.013747 1.157778 0.009081 2.005009 
0.152670 0.283221 0.978572 0.016871 2.001456 
0.008871 0.776907 1.192269 0.009055 1.995750 
0.199634 0.015375 1.764884 0.006563 2.017387 
0.008123 0.386841 1.745661 0.013212 1.998909 
0.008216 0.009458 3.462324 0.011883 3.016344 
0.586307 0.014547 0.007818 0.781188 2.015338 
0.405572 0.392566 0.037083 0.858632 1.916140 
0.146716 0.661943 0.016215 0.615293 2.011894 
0.007132 1.185922 0.010662 0.808197 2.035786 
0.367539 0.029922 0.555588 0.819791 1.804259 
0.167914 0.333070 0.488039 0.674911 1.698043 
0.020148 0.777749 0.568228 0.796811 1.809519 
0.213902 0.024731 1.035905 0.811942 1.811121 
0.050004 0.322220 1.065718 0.764245 1.671254 
0.011625 0.014275 1.754513 0.791404 2.003529 
0.383412 0.009099 0.006704 1.518268 1.993892 
0.155039 0.281966 0.005864 1.310901 1.996491 
0.007271 0.753468 0.005373 1.559028 2.002380 
0.162677 0.040345 0.463376 1.335391 2.039345 
0.009127 0.299627 0.433053 1.313167 1.998384 
0.005622 0.010145 1.130117 1.574650 1.994412 
0.187871 0.007369 0.017457 2.329760 1.991702 
0.005274 0.379602 0.017526 2.329820 1.991761 
0.007504 0.011585 0.590167 2.328425 1.993543 
0.006886 0.004575 0.009815 4.706448 2.994324 
0.770952 0.006439 0.005595 0.006428 3.988437 
0.467766 0.468318 0.016763 0.010776 3.609912 
0.252257 1.001321 0.012347 0.010473 3.852380 
0.005878 1.535500 0.005612 0.006445 3.988454 
0.473172 0.018000 0.710792 0.007253 3.523785 
0.184187 0.361505 0.558335 0.012956 2.874055 
0.009312 0.913947 0.699626 0.011930 3.515408 
0.231388 0.022117 1.379049 0.008098 3.553454 
0.011207 0.455646 1.366234 0.011560 3.538711 
0.004013 0.007077 2.261601 0.004835 3.992199 
0.460442 0.013578 0.013672 0.895322 3.417412 
0.192796 0.364330 0.007873 0.744695 2.800058 
0.007822 0.963981 0.004687 0.981640 3.732755 
0.189044 0.007808 0.560325 0.719060 2.733731 
0.008347 0.346674 0.564360 0.719271 2.727839 
0.011404 0.013656 1.339837 0.898029 3.412762 
0.227064 0.012457 0.007543 1.943794 3.717624 
0.008499 0.474574 0.008000 1.901998 3.696457 
0.010353 0.010014 0.697083 1.914581 3.611595 
0.004369 0.006387 0.005214 3.092535 3.987553 
0.526280 0.013060 0.007019 0.054677 5.317375 
0.225373 0.445493 0.006730 0.006934 4.609465 
0.006808 1.074204 0.013498 0.045976 5.483732 
0.207319 0.009604 0.623556 0.008856 4.383875 
0.005747 0.433512 0.661547 0.009633 4.452109 
0.006548 0.004679 1.697880 0.052814 5.537629 
0.221520 0.007840 0.005825 0.873754 4.499403 
0.006523 0.418904 0.004458 0.847976 4.394860 
0.005053 0.007438 0.634962 0.851467 4.275134 
0.021107 0.037678 0.054645 1.600711 4.055912 
0.291960 0.006689 0.005850 0.008774 7.075371 
0.006671 0.530325 0.004699 0.008395 6.862774 
0.004940 0.015879 0.763289 0.007472 6.722410 
0.008868 0.012950 0.015845 0.968291 6.055786 
0.004476 0.004715 0.004389 0.004916 9.828384 
