2.065500 0.482718 0.176823 0.155091 0.078833 0.250656 0.754101 0.094787 0.177925 0.093387 
1.858314 1.841544 0.620583 0.130147 0.217361 0.144522 0.182872 1.347292 0.157738 0.240440 
0.843513 3.763539 0.530332 0.250626 0.119588 0.377137 0.167740 0.210395 0.253423 0.101230 
1.822668 0.334908 3.100868 0.283798 0.344386 0.494613 0.145871 0.341752 0.142888 0.168816 
1.107167 2.898298 3.098481 0.277578 0.341040 0.391050 0.142445 0.191228 0.166052 0.125055 
0.988524 0.214833 5.416975 0.214435 0.214729 0.201381 0.223097 0.086658 0.343859 0.318757 
0.264792 2.734591 4.555394 0.227811 0.150867 0.313249 0.203134 0.304966 0.892877 0.196360 
1.779250 0.304740 0.402773 4.359644 0.121436 0.165955 0.212559 0.333493 0.759528 0.231865 
0.229969 3.442023 0.127265 4.382564 0.365195 0.386909 0.133060 0.545796 0.659804 0.178471 
0.223238 2.067452 3.427058 5.410020 0.113746 0.324505 0.130844 0.307099 0.895010 0.198493 
1.058782 0.245940 0.146736 7.032424 0.079024 0.248497 0.754289 0.122469 0.178116 0.093577 
0.227586 2.029617 0.211593 7.044675 0.083223 0.252908 0.160544 0.097812 0.176034 0.097568 
0.093529 0.382977 2.616961 7.293146 0.146080 0.431987 0.190860 0.319999 0.391551 0.254740 
1.864309 0.268283 0.157547 0.097699 4.451947 0.191929 0.759169 0.078938 0.247361 0.077986 
0.230301 3.650841 0.165006 0.310861 4.436689 0.621070 0.739704 0.099060 0.101997 0.081862 
0.351902 2.118082 3.830028 0.775418 5.793291 0.189480 0.710887 0.381315 0.502810 0.211430 
0.116987 0.411164 4.735782 0.317968 6.371522 0.165380 0.139566 0.641614 0.306868 0.670060 
0.104290 0.360473 3.714759 4.325431 5.970462 0.542993 0.316885 0.405474 0.636673 0.127756 
0.163810 0.240498 0.083071 7.219007 4.531258 0.250001 0.187614 0.188070 0.186431 0.081368 
0.085328 0.320564 3.492627 0.072126 8.253968 0.212051 0.490403 0.142476 0.109456 0.117831 
0.159433 0.088621 0.247006 3.177364 9.260686 0.239542 0.096192 0.401432 0.277764 0.113343 
0.711992 3.320915 0.475247 0.240839 0.155096 5.964139 0.582241 0.213221 0.256249 0.104056 
0.279972 3.480995 0.195731 0.151001 0.215181 6.287549 0.550286 0.098259 0.349582 0.657746 
1.323325 0.228910 3.722447 0.318008 0.165517 6.128809 0.714305 0.101205 0.184245 0.114686 
0.224342 2.164876 3.863889 0.386968 0.206254 6.952065 0.127405 0.364181 0.407172 0.211230 
0.253614 0.123987 5.195105 0.152839 0.098776 6.294271 0.317698 0.101569 0.349552 0.141447 
0.242162 2.637485 0.297301 4.655745 0.117396 6.280944 0.137252 0.313491 0.938152 0.209412 
0.125663 0.483537 4.427823 3.107115 0.310169 6.988752 0.405464 0.422906 0.791158 0.161267 
0.083591 0.337539 0.123392 6.886381 0.086728 6.229536 0.251608 0.590174 1.331687 0.252647 
1.201300 0.334624 0.159327 0.129927 6.546789 6.294065 0.317493 0.101363 0.349346 0.141241 
0.153977 1.695882 1.378463 0.114939 5.475395 8.539893 0.227180 0.419900 0.660781 0.176672 
0.098421 0.270390 0.126115 5.186594 5.770221 6.249463 0.271765 0.610102 1.351615 0.272576 
0.265004 2.275670 0.264613 0.175566 0.159217 10.029001 0.164362 0.094138 0.229375 0.286118 
0.179203 0.125262 2.702905 0.105834 0.091921 10.609245 2.772216 0.180080 0.688436 0.175641 
0.097434 0.098083 0.097531 3.185450 0.102522 11.136634 0.286666 0.221149 1.295552 0.230285 
0.190803 0.097736 0.498136 0.086751 4.383848 10.607057 2.770030 0.177894 0.686250 0.174433 
0.116592 0.564745 0.164670 0.103462 0.095991 11.968322 0.711741 0.327084 0.671074 0.149611 
1.663132 0.246943 0.274416 0.142116 0.108326 0.230355 8.659425 0.267239 0.888338 0.172818 
0.386055 3.545706 0.771183 0.246596 0.181571 0.237848 6.516745 0.316599 0.157375 0.150132 
1.214989 0.244111 4.203053 0.205689 0.128192 0.186681 6.858371 0.193954 0.448523 0.190519 
0.193315 1.838159 2.666484 0.738706 0.151509 0.488530 11.110580 0.572981 0.328802 0.110581 
0.112399 0.466089 5.342507 0.166591 0.214809 0.206050 6.679425 0.195267 0.122446 0.131663 
0.924997 0.212014 0.230907 5.208657 0.662833 0.125175 8.871289 1.493244 0.242324 0.234344 
0.190894 1.828145 0.156016 5.440557 0.676343 0.724207 8.370048 1.411790 0.161703 0.289693 
0.188624 0.103853 3.218398 4.573847 0.153530 0.136109 8.871959 1.588440 0.253888 1.899218 
1.352328 0.297589 0.310878 0.627189 4.515653 0.175271 8.798558 1.501288 0.263434 1.833250 
0.166295 0.233671 0.095360 6.418752 4.032462 0.294593 6.571642 0.203267 0.544126 0.224572 
0.311549 0.107245 0.130481 0.092134 7.894060 0.226713 8.656010 0.219696 0.884692 0.169172 
1.089285 0.329323 0.111822 0.132352 0.160772 4.077931 11.158304 0.220072 0.849282 2.066060 
0.119158 0.389702 3.932020 0.126608 0.253617 8.082440 5.396803 0.457454 0.650590 0.196537 
0.117344 0.493506 0.112412 3.450338 0.121518 5.863561 10.746205 0.138268 0.157534 0.223405 
0.089371 0.362206 0.092750 0.081714 6.693772 7.783179 5.393202 0.326005 0.177467 0.229890 
0.083889 0.148401 0.096163 0.082222 0.082802 10.641726 6.712169 0.531704 0.160377 0.196700 
1.133335 0.337953 0.110315 0.131802 0.161405 3.608413 11.155435 0.375308 0.846784 2.063562 
0.214853 1.874538 0.394815 0.168080 0.131422 0.118642 12.527084 0.326285 0.791480 0.152762 
0.086238 0.070010 0.340212 4.809719 0.126564 0.218392 11.274752 1.230145 0.384555 0.153580 
0.105220 0.416496 0.423677 0.079871 5.750551 0.365290 11.485281 0.346174 0.601233 0.129750 
0.088611 0.293372 0.110597 0.082579 0.078052 5.504877 12.515844 0.316014 0.781209 0.142491 
1.855133 0.375786 0.171162 0.737912 0.383733 0.162506 0.648174 7.332130 0.298418 0.111693 
0.940641 1.702068 0.184130 0.121857 0.528108 0.177957 0.216043 12.948472 0.343633 0.122631 
1.154342 0.215278 3.214585 0.232766 0.160279 5.279627 0.648017 8.302553 0.151177 0.119319 
0.120442 0.752774 4.847161 0.142817 0.700276 0.222986 1.006688 9.336551 0.351436 0.311579 
1.194335 0.146989 0.164043 4.611784 0.155640 0.195308 0.270271 9.814369 0.132202 0.130173 
0.231546 0.115390 3.978519 4.547878 0.200447 0.230830 0.518389 8.286473 0.142318 0.141082 
0.994595 0.292655 0.150678 0.126868 5.324021 5.231151 0.279902 9.367138 0.354494 0.135578 
0.233282 2.365214 0.175343 0.137725 5.908949 0.169213 0.904283 9.313567 0.822907 0.294811 
0.094804 0.107669 0.092358 4.359686 5.947297 0.160161 0.875135 9.813966 0.183753 0.287681 
1.456988 0.278384 0.182221 0.220808 0.599612 5.061648 0.280201 9.693707 0.357359 0.152955 
0.087523 0.326407 4.823774 0.313253 0.079329 5.769193 0.292598 6.129980 0.347680 0.254211 
0.089895 0.101148 0.113699 0.400945 7.640899 5.688829 0.649030 7.357338 0.663895 0.768714 
0.115858 0.385479 0.122168 0.107936 0.104248 9.895430 0.662028 9.215168 0.171801 0.644957 
0.347257 2.608342 0.344110 0.132435 0.187748 0.128790 7.291116 9.220830 0.222078 0.650744 
0.211947 0.122109 2.925199 1.984627 0.191337 0.191423 9.573448 8.303407 0.155293 0.155603 
0.098733 0.107371 0.235206 1.342662 5.874995 0.143061 7.195207 10.017371 0.262863 0.258770 
0.100180 0.559056 0.109600 0.167468 0.118342 0.088174 12.444297 7.322286 0.171012 0.101451 
1.161953 0.308827 0.177601 0.146062 0.143931 0.128216 0.371350 13.259504 3.369933 0.180584 
0.184438 1.590418 0.167520 0.273305 0.088683 2.778691 0.856025 14.067409 3.506689 0.186925 
0.081516 0.191598 0.095613 4.164094 0.080292 0.109064 3.770322 13.153143 0.405581 0.131942 
0.085723 0.089554 0.141174 0.096826 4.763537 0.193723 0.282253 14.213975 0.666174 0.133660 
0.091865 0.094783 0.127592 0.099040 3.111709 4.258701 0.378069 14.283209 0.672409 0.139895 
0.073811 0.076479 0.073700 0.205656 0.544744 0.076893 6.646281 14.177417 0.154047 0.239677 
1.817767 0.331990 0.343338 0.228919 0.113629 0.306209 0.159989 0.281662 8.940507 0.098510 
1.267533 2.153037 0.670244 0.195563 0.173935 0.232471 0.359513 0.216104 11.134555 0.175815 
1.037833 0.197967 2.878948 0.266342 0.149319 4.725618 0.570135 0.099965 11.635769 0.115024 
1.347085 0.244255 0.268842 4.831333 0.108872 0.301438 0.171172 0.292677 8.935358 0.268637 
0.142561 0.198453 3.603517 3.994416 0.126609 0.207169 0.163671 0.236547 11.605023 0.248668 
1.546341 0.242072 0.154284 0.271881 3.646953 0.526721 0.624175 0.082357 10.445196 0.087308 
0.164204 2.046994 1.685986 0.116685 6.686744 0.397486 0.202544 1.342988 8.883083 0.131013 
0.132909 0.108096 0.702102 3.755959 6.797584 0.544736 0.647744 0.331878 10.453427 0.162844 
0.110582 0.401839 0.109264 0.158976 9.103988 0.149740 0.994621 0.923266 7.627762 0.142160 
1.223862 0.255783 0.193733 0.148123 1.175912 6.567820 0.923906 0.159093 11.074419 1.674280 
0.194968 2.165534 0.119543 0.122129 0.233577 6.907543 0.584449 0.171135 11.619133 1.319186 
0.213936 0.114292 4.012476 0.271896 0.094917 4.860172 0.263301 0.097065 11.579209 0.661587 
0.104013 0.231904 0.094326 4.370932 0.128399 7.191394 0.341980 0.159922 10.884871 0.223357 
0.151651 1.275117 0.108650 0.110124 4.349702 6.911700 0.577950 0.317587 11.632837 0.162156 
0.110054 0.548150 0.174376 0.104474 0.101551 9.457304 0.359037 0.215628 11.134079 0.175339 
1.445601 0.223739 0.288571 0.133317 0.108451 0.262750 7.670031 0.244870 8.944369 0.173191 
0.252829 1.889677 0.247925 0.178732 0.356524 0.240822 9.131787 0.165851 10.952667 0.111967 
0.097946 0.316729 3.374789 0.381669 0.084348 0.123524 8.044404 0.428662 11.024488 0.184813 
0.080555 0.067432 0.287508 3.869363 0.112803 0.186469 8.817453 0.982247 11.137760 0.152341 
0.095208 0.305599 0.089298 0.076250 4.638901 0.274155 9.170254 0.186569 10.951109 0.110408 
0.407415 0.674687 0.182675 1.648283 0.090966 6.264894 6.930132 0.235640 11.489910 0.246527 
1.304280 0.348830 0.568639 0.170026 0.144389 0.218755 0.220970 7.757194 11.170844 0.130707 
0.194500 2.555124 0.169040 0.201942 0.546609 0.314329 0.230829 7.639623 11.352481 0.131932 
0.082034 0.308384 3.653409 0.250776 0.424350 0.287982 2.077302 7.586299 11.414530 0.266874 
0.078924 0.097532 0.077996 5.030407 0.444427 0.300070 0.467342 7.628039 11.340727 0.273817 
0.263689 0.117558 0.151177 0.090211 6.439789 0.222168 0.226008 7.521452 11.010643 0.131164 
0.171001 1.154947 1.008222 0.113413 0.273237 6.205882 0.705366 7.484283 11.864224 0.181503 
0.797305 0.230208 0.192099 0.115510 0.301384 0.833404 6.800669 7.443327 11.865169 0.180486 
0.095954 0.097398 0.119746 0.278393 1.102032 0.103407 0.186043 13.933382 8.937890 0.211693 
0.850287 0.220670 0.249922 1.936954 0.196356 0.197819 0.461366 0.119421 16.138389 0.168210 
0.237341 1.622661 0.274781 1.920558 0.213446 0.102912 0.479889 0.139548 16.177965 0.188515 
0.138852 0.499956 0.149326 0.578132 0.147365 0.185305 6.301515 0.157519 16.146461 0.206934 
0.156468 0.974468 0.131199 0.208115 0.117354 0.148606 0.216821 5.537949 16.542654 0.152403 
0.073784 0.073535 0.072593 0.195366 0.510856 0.075563 0.908383 0.166921 18.020059 0.238572 
0.926682 2.426946 0.230694 0.140670 0.168798 0.104108 0.116185 6.127016 0.210481 11.638859 
1.451528 0.284910 2.471992 0.682194 0.198944 0.235773 0.228044 0.446875 0.149106 12.251818 
0.210057 3.227630 3.092487 0.231976 0.204021 0.229848 0.120108 0.276357 0.265766 6.880210 
1.540945 0.267603 0.352261 3.769295 0.098856 0.140660 0.249297 1.294764 0.662499 10.060185 
0.110602 0.382190 3.929056 4.575052 0.614098 0.401294 0.292416 0.364950 0.657053 10.428659 
0.105378 0.134300 0.679281 7.445614 0.188800 0.746058 0.406871 0.117640 0.527844 7.701724 
1.002385 0.202088 0.225306 0.190977 5.432087 0.282424 0.245515 0.257836 0.133091 14.225457 
0.174027 2.080308 0.125804 0.115078 7.763402 0.169408 0.471971 0.090759 0.724971 7.910208 
0.065218 0.067040 0.066993 0.092736 9.464643 0.226683 0.091887 0.273190 0.262600 6.877044 
0.187093 2.549095 0.125221 0.099558 0.157223 6.159111 0.622791 0.216443 0.279316 12.057190 
0.100358 0.520375 3.179964 2.492052 0.119173 4.409525 0.277519 0.116100 0.177711 14.199437 
0.090558 0.131050 0.097077 3.063754 0.138560 8.462320 0.151785 0.500104 1.088894 12.268678 
0.093952 0.113292 0.365862 0.353030 0.127023 10.333353 0.292381 0.364914 0.657017 10.428624 
1.399465 0.260477 0.092812 0.124710 0.191644 0.104556 6.853382 0.336918 0.096461 11.635285 
0.316814 3.116206 0.560847 0.161018 0.203073 0.136485 5.844068 0.211950 0.122494 9.857151 
0.196773 0.100819 3.864355 0.437840 0.098421 0.156656 9.311451 0.494321 0.534523 8.246652 
1.052528 0.189941 0.137936 0.633054 0.125058 3.551548 0.441647 7.049453 0.878825 14.012722 
0.305658 2.923515 0.478295 0.143502 0.171556 0.103527 0.395039 6.116873 1.060655 11.641847 
0.659857 0.201126 0.097982 2.035022 7.060803 0.176783 0.438046 7.643623 0.144316 7.894577 
0.100988 0.129701 0.340108 0.121933 0.123848 0.102839 0.122079 13.804508 0.510323 10.377710 
0.272739 2.851484 0.121283 0.127298 0.520646 0.282429 0.212945 0.289227 11.023214 7.436264 
0.154824 0.800755 4.226517 0.503281 0.164967 0.159095 0.235239 0.130825 9.910554 8.982649 
0.093152 0.348743 0.093086 0.078747 1.104794 8.252368 1.748732 0.288316 11.022302 7.435353 
0.104559 0.090429 0.686947 0.142420 0.088957 0.109011 0.114476 0.116779 0.095373 19.987349 
2.042877 0.516463 0.252321 0.202188 1.902124 0.219996 0.648431 1.443414 0.489214 0.153468 
0.115860 0.593091 5.957425 1.289099 0.172266 0.115163 1.069271 0.099238 0.672370 0.112419 
0.186515 0.260806 4.409329 0.133609 7.029667 0.309676 0.349030 0.346166 0.252274 0.211502 
0.113215 0.104054 0.103261 5.476356 7.475354 0.188633 1.088875 0.202403 0.194511 0.298440 
0.274462 3.385148 0.543695 0.500375 0.168312 6.164615 2.914581 1.282251 0.702597 0.285583 
0.140990 0.723849 0.133348 5.305430 0.147457 8.974149 0.411814 0.184226 0.154743 0.228607 
0.500574 0.427194 0.170031 1.632056 8.166272 6.284223 0.140527 0.316766 0.941427 0.210786 
0.936680 0.234684 0.243387 2.919970 3.918975 4.913764 8.869505 0.304971 0.268604 0.166268 
0.183607 0.980867 0.227277 6.008583 0.116469 0.156550 9.017098 0.383084 0.479229 0.267227 
0.099772 0.160858 1.045943 0.225914 7.649157 0.169363 8.969579 0.384349 0.246649 0.250753 
0.804612 0.264261 1.313289 0.608082 0.079043 7.533220 7.906525 5.545026 0.173767 0.232408 
0.079265 0.089122 0.079787 0.604030 1.984084 0.091880 13.566179 2.904618 0.159235 0.247200 
0.236842 3.237673 0.087184 0.100542 0.547328 0.468295 0.576919 9.738404 0.237667 0.273076 
0.144444 1.199014 2.184005 0.126202 4.658902 0.193038 4.924124 9.440127 0.757479 7.139408 
0.325166 3.139337 0.094265 2.150121 0.141557 0.109178 0.437878 0.336801 1.050405 11.635705 
0.164002 1.587905 0.166514 1.812442 4.327309 4.409611 0.296113 0.119480 0.165155 14.202818 
0.124132 0.514838 2.418483 0.319923 3.896240 1.261340 0.648964 6.966285 9.866869 9.096290 
