1.946695 0.006380 0.006875 0.007223 0.006620 
1.075284 0.428969 0.006112 0.007165 0.009689 
0.782551 0.767026 0.008082 0.007430 0.006969 
0.583558 1.141984 0.009984 0.009302 0.009956 
0.394199 1.539981 0.010106 0.010808 0.009947 
0.222225 2.139006 0.010750 0.010496 0.010724 
0.006125 3.788513 0.007168 0.008370 0.006258 
1.047035 0.009162 0.613176 0.010269 0.008587 
0.635351 0.310938 0.471407 0.009846 0.020423 
0.444420 0.582752 0.436001 0.010140 0.009644 
0.294488 0.863210 0.425566 0.010159 0.011177 
0.161750 1.234782 0.456933 0.008840 0.006955 
0.010780 2.132700 0.644234 0.011866 0.019249 
0.783880 0.010572 1.131962 0.006839 0.009408 
0.458821 0.300925 0.885616 0.008869 0.008887 
0.287870 0.562507 0.848304 0.010519 0.011388 
0.151771 0.879989 0.862242 0.008153 0.006279 
0.006895 1.572007 1.165100 0.008077 0.008006 
0.588114 0.007511 1.696208 0.007798 0.007241 
0.308939 0.303534 1.317239 0.009084 0.009356 
0.159424 0.595585 1.310645 0.006671 0.006770 
0.009549 1.104740 1.626000 0.007797 0.020618 
0.390696 0.012685 2.215243 0.007620 0.007014 
0.162468 0.314803 1.874222 0.009396 0.009294 
0.009925 0.736185 2.180290 0.013510 0.007813 
0.228181 0.010016 3.224267 0.009929 0.009849 
0.019281 0.386229 2.850481 0.010924 0.007757 
0.005536 0.007690 5.663935 0.007899 0.005787 
1.028178 0.011324 0.006413 0.827605 0.010613 
0.588361 0.284711 0.027259 0.586002 0.018042 
0.432732 0.569358 0.018643 0.587205 0.018489 
0.293740 0.856833 0.027951 0.481059 0.010161 
0.138203 1.096762 0.051234 0.596083 0.007002 
0.010666 2.041403 0.009457 0.865362 0.023134 
0.592665 0.020024 0.438824 0.574631 0.010414 
0.389673 0.241883 0.379351 0.496979 0.019903 
0.242016 0.456658 0.355202 0.476085 0.012506 
0.129948 0.725159 0.357726 0.503173 0.010392 
0.014643 1.147319 0.439149 0.584721 0.008124 
0.418544 0.018782 0.828970 0.575415 0.012945 
0.244324 0.243347 0.694465 0.446258 0.007936 
0.120554 0.474347 0.690984 0.486460 0.011131 
0.012296 0.816693 0.826831 0.573158 0.008558 
0.296997 0.014418 1.223192 0.578633 0.008915 
0.129187 0.241691 1.072997 0.503076 0.010314 
0.013783 0.548415 1.222328 0.577910 0.009810 
0.162795 0.015353 1.784370 0.583362 0.017356 
0.012369 0.306459 1.770454 0.588245 0.008772 
0.011917 0.008827 3.084404 0.837339 0.010108 
0.739692 0.018735 0.012184 1.466937 0.013302 
0.424077 0.307028 0.021949 1.074125 0.010422 
0.277709 0.532429 0.020088 1.075443 0.007642 
0.137210 0.823428 0.024896 1.137717 0.006797 
0.014218 1.371313 0.018476 1.449296 0.012897 
0.418458 0.019930 0.418611 1.089944 0.007480 
0.243511 0.247041 0.355823 0.893876 0.007165 
0.119099 0.466538 0.353338 1.004833 0.013686 
0.013733 0.867458 0.401258 1.202636 0.021484 
0.281081 0.010784 0.800737 1.132735 0.019459 
0.124180 0.233959 0.690788 0.963514 0.034791 
0.008208 0.540364 0.830497 1.121714 0.014257 
0.156479 0.008679 1.272698 1.221346 0.009280 
0.009551 0.275841 1.306503 1.220726 0.010426 
0.009904 0.007955 2.230973 1.594062 0.028689 
0.565716 0.015144 0.012659 2.303662 0.031375 
0.284458 0.278119 0.014415 1.786472 0.010028 
0.154253 0.579371 0.010211 1.851542 0.015782 
0.010194 1.084338 0.007647 2.292265 0.018660 
0.296265 0.015467 0.430267 1.754526 0.013075 
0.116012 0.225629 0.341723 1.679150 0.006727 
0.013103 0.556662 0.433122 1.717018 0.010567 
0.154076 0.010617 0.846979 1.771701 0.008896 
0.011872 0.291068 0.848144 1.753464 0.015778 
0.007119 0.009983 1.654032 2.307492 0.027873 
0.381748 0.013209 0.009703 3.109181 0.011014 
0.144610 0.280226 0.044113 2.375229 0.010043 
0.008883 0.728459 0.026440 2.983720 0.017263 
0.172140 0.011157 0.473652 2.381226 0.012334 
0.013286 0.299875 0.487549 2.353654 0.015602 
0.007993 0.007662 1.153562 3.197019 0.016522 
0.207749 0.012388 0.009579 4.112181 0.009459 
0.009306 0.405054 0.010626 4.149522 0.008529 
0.011627 0.029183 0.611872 3.972379 0.012051 
0.005897 0.005811 0.006042 7.871157 0.006348 
1.526816 0.028252 0.012173 0.023767 1.518940 
0.833549 0.428013 0.031572 0.033520 1.060520 
0.639606 0.836585 0.031919 0.016221 1.064019 
0.444484 1.287012 0.016248 0.012080 1.102771 
0.241515 1.856232 0.012156 0.010004 1.188319 
0.013187 2.979389 0.027993 0.037601 1.562236 
0.895276 0.023629 0.624972 0.020849 1.103589 
0.530540 0.347160 0.534875 0.011776 0.890237 
0.336811 0.660988 0.488064 0.012500 0.784078 
0.172848 1.014052 0.496054 0.022077 0.858416 
0.017475 1.767383 0.636074 0.008160 1.157175 
0.647177 0.025133 1.260869 0.010884 1.060277 
0.343880 0.341702 0.988831 0.012513 0.849796 
0.169340 0.650061 0.967015 0.021528 0.830253 
0.012977 1.248061 1.243720 0.025861 1.017645 
0.429800 0.017565 1.875102 0.013331 1.074607 
0.181804 0.345967 1.572554 0.012064 0.909428 
0.014520 0.850970 1.842489 0.012870 1.097677 
0.231532 0.015152 2.669650 0.014224 1.110257 
0.020781 0.459918 2.496966 0.036094 1.110917 
0.016492 0.020580 4.828871 0.009428 1.633106 
0.897017 0.007857 0.022656 0.927035 1.112145 
0.524915 0.348092 0.034918 0.550152 0.945330 
0.332587 0.630029 0.019948 0.655718 0.850541 
0.168804 0.992820 0.018927 0.699466 0.835195 
0.013759 1.801687 0.007976 0.937014 1.118510 
0.502158 0.016470 0.497281 0.695098 0.875600 
0.290999 0.295989 0.456163 0.441105 0.725384 
0.148992 0.564293 0.359685 0.574993 0.762507 
0.018653 1.041850 0.499961 0.734257 0.876888 
0.331395 0.010432 0.972215 0.672146 0.849418 
0.152819 0.297267 0.834747 0.463010 0.655115 
0.016150 0.667888 0.979765 0.679696 0.856969 
0.180317 0.011410 1.536750 0.729107 0.869597 
0.010596 0.346724 1.507143 0.690912 0.849307 
0.011867 0.025836 2.556131 0.919195 1.081548 
0.615667 0.015711 0.017993 1.650802 1.051777 
0.335950 0.341450 0.038545 1.367041 0.852031 
0.167303 0.642620 0.016231 1.314610 0.782798 
0.021475 1.230823 0.009785 1.650712 1.061564 
0.318407 0.024104 0.456838 1.336506 0.829537 
0.148475 0.268927 0.393286 1.140146 0.646051 
0.012697 0.646438 0.476506 1.319796 0.826328 
0.168926 0.013946 0.943412 1.332794 0.826859 
0.025414 0.365995 1.003524 1.236716 0.867514 
0.010695 0.027561 1.739708 1.613875 1.037552 
0.392304 0.019350 0.038274 2.382556 1.095170 
0.185506 0.353771 0.007869 2.156054 0.881566 
0.021296 0.742820 0.040981 2.342239 1.097352 
0.188073 0.006653 0.486065 2.188316 0.869992 
0.010826 0.346052 0.485351 2.088099 0.871917 
0.008534 0.014352 1.278732 2.538772 1.084401 
0.229103 0.015855 0.012662 3.613067 1.103940 
0.012657 0.462484 0.008316 3.729589 1.141527 
0.008174 0.008654 0.701133 3.868816 1.141011 
0.008591 0.008602 0.008588 7.633382 1.916425 
1.216034 0.007354 0.011474 0.009083 3.052665 
0.599511 0.410241 0.012065 0.016618 1.998180 
0.395400 0.779428 0.011775 0.011009 1.998016 
0.210715 1.191988 0.010012 0.011077 2.051838 
0.010012 2.352707 0.009900 0.020643 3.023073 
0.602148 0.013115 0.590639 0.007621 1.994084 
0.390531 0.386901 0.599496 0.095856 1.859157 
0.198276 0.758119 0.598133 0.033619 1.871255 
0.013759 1.188047 0.603469 0.010785 2.037248 
0.406272 0.012032 1.209136 0.012993 1.999893 
0.151779 0.313720 1.021612 0.018247 2.008952 
0.005813 0.792386 1.159597 0.006719 2.023765 
0.201893 0.008106 1.733752 0.039009 2.008317 
0.008927 0.385917 1.749966 0.026391 2.024149 
0.012990 0.015676 3.306263 0.009133 2.924751 
0.593467 0.014071 0.030985 0.762067 2.012191 
0.360134 0.374303 0.065055 0.743063 1.917232 
0.190514 0.769930 0.050806 0.739802 1.918527 
0.010218 1.181533 0.009409 0.854516 2.035019 
0.382112 0.021429 0.600610 0.800436 1.832288 
0.179803 0.342850 0.500703 0.604741 1.652253 
0.010165 0.839767 0.611536 0.870864 1.928437 
0.197558 0.025525 1.178897 0.759650 1.934494 
0.019996 0.382888 1.131168 0.790678 1.935438 
0.013405 0.017450 1.747952 0.780321 2.005413 
0.400634 0.021494 0.018843 1.611524 2.006518 
0.150544 0.280559 0.020665 1.443058 2.008241 
0.008128 0.790359 0.007740 1.616471 2.006323 
0.221437 0.020166 0.615821 1.677703 1.841743 
0.025686 0.262568 0.383171 1.634360 2.024211 
0.008489 0.009267 1.539334 2.185265 2.715121 
0.200455 0.018078 0.012379 2.330456 1.999987 
0.009059 0.411900 0.008445 2.496369 2.011838 
0.007040 0.008286 0.598223 2.480505 2.093295 
0.006074 0.006159 0.006118 5.176626 3.197724 
0.786362 0.008419 0.007987 0.007704 3.991428 
0.466461 0.458939 0.027831 0.011109 3.499415 
0.221445 0.871274 0.044616 0.013578 3.364148 
0.008307 1.556327 0.009007 0.008160 3.992020 
0.435182 0.021941 0.636457 0.047447 3.253197 
0.191836 0.368715 0.540761 0.017223 2.793192 
0.011654 0.942388 0.674982 0.016798 3.589059 
0.238560 0.026813 1.395844 0.013409 3.500053 
0.020287 0.452991 1.347193 0.008906 3.480007 
0.007327 0.007704 2.322677 0.007825 4.028261 
0.430544 0.022529 0.039743 0.799386 3.163219 
0.195369 0.376772 0.012767 0.734402 2.930770 
0.019609 0.875459 0.031710 0.808999 3.125140 
0.186816 0.011818 0.563726 0.699934 2.829717 
0.012101 0.350762 0.531376 0.733235 2.761445 
0.015482 0.016034 1.332319 0.838494 3.316828 
0.241943 0.030575 0.022314 1.597709 3.046126 
0.011066 0.445608 0.023539 1.840433 3.407858 
0.009094 0.021136 0.646226 1.870715 3.406649 
0.009275 0.009413 0.009270 3.113429 3.992801 
0.445514 0.015452 0.015679 0.156714 4.477286 
0.217744 0.417510 0.008332 0.027789 4.198694 
0.008641 1.132499 0.029624 0.014232 5.817366 
0.215126 0.014807 0.615530 0.014744 4.293264 
0.014010 0.423560 0.647855 0.011183 4.250984 
0.016209 0.025861 1.601760 0.008016 5.559458 
0.225286 0.010080 0.006577 0.848731 4.475452 
0.015092 0.388377 0.006110 0.855645 4.155260 
0.011070 0.034688 0.596328 0.796493 4.017308 
0.007920 0.035357 0.051517 1.984733 4.887295 
0.258241 0.007437 0.032401 0.009823 6.389015 
0.011885 0.489688 0.035598 0.013985 6.096918 
0.013662 0.011295 0.739621 0.007835 6.387403 
0.010425 0.021366 0.022359 1.029316 6.418665 
0.005532 0.006022 0.006595 0.006507 9.771738 
