2.052847 0.053488 0.055336 0.055279 0.059098 
2.015843 0.846354 0.058275 0.056737 0.059932 
1.842462 1.841315 0.054136 0.053911 0.057976 
1.467211 2.884954 0.054908 0.054487 0.055654 
0.947593 3.631759 0.054366 0.053935 0.056383 
0.444489 3.976348 0.056728 0.055910 0.059677 
0.053734 4.053370 0.053739 0.054127 0.060592 
2.014135 0.053894 1.229199 0.053645 0.055311 
1.937658 0.997592 1.462800 0.052273 0.052964 
1.662609 2.191635 1.665542 0.062099 0.063478 
1.121821 3.266229 1.647876 0.055708 0.056753 
0.523955 3.825844 1.466657 0.056487 0.059167 
0.053067 3.976001 1.223813 0.053931 0.057456 
1.842891 0.055492 2.736385 0.056651 0.058476 
1.658320 1.122763 3.256321 0.055386 0.056545 
1.204596 2.373246 3.522822 0.056086 0.057374 
0.585701 3.263035 3.261315 0.054394 0.061148 
0.053878 3.633025 2.732602 0.055476 0.054420 
1.468168 0.054096 4.294089 0.054365 0.055874 
1.119332 1.128598 4.867672 0.058577 0.060644 
0.585405 2.196398 4.865776 0.056193 0.059363 
0.052494 2.883703 4.290201 0.058989 0.052804 
0.948176 0.053790 5.420277 0.056557 0.058311 
0.522724 0.996512 5.712403 0.054966 0.056674 
0.053703 1.842555 5.420215 0.054714 0.058401 
0.442746 0.056813 5.942452 0.057003 0.062441 
0.054422 0.846341 5.935292 0.059769 0.056998 
0.052736 0.052072 6.052067 0.053459 0.054780 
2.012954 0.056390 0.055604 1.629279 0.055103 
1.939213 0.992318 0.053952 1.941047 0.054856 
1.655095 2.196678 0.053817 2.192239 0.059700 
1.115176 3.273356 0.055513 2.181982 0.055772 
0.526412 3.824757 0.055613 1.949170 0.061099 
0.053331 3.976721 0.055442 1.611274 0.059826 
1.941115 0.055589 1.460550 1.942295 0.059433 
1.787321 1.213113 1.781719 2.356799 0.061079 
1.313547 2.595852 1.953086 2.583047 0.061480 
0.621576 3.533444 1.759890 2.344556 0.056864 
0.054306 3.826661 1.458632 1.940417 0.057956 
1.657180 0.054071 3.258387 2.187773 0.057522 
1.319755 1.318811 3.850501 2.591750 0.061741 
0.683609 2.585925 3.849666 2.590915 0.059093 
0.055106 3.260101 3.266061 2.187344 0.058679 
1.120676 0.054393 4.868612 2.196683 0.058788 
0.627870 1.209445 5.248032 2.388022 0.058881 
0.055472 2.194431 4.863377 2.195301 0.059317 
0.524958 0.054662 5.711804 1.941071 0.055994 
0.053863 0.994905 5.711082 1.940396 0.055318 
0.052424 0.052342 5.934465 1.629335 0.055105 
1.841612 0.054479 0.055629 3.644614 0.059064 
1.655570 1.115189 0.055745 4.347069 0.056944 
1.206334 2.366925 0.053375 4.668743 0.056149 
0.582323 3.264182 0.052990 4.324875 0.054342 
0.054406 3.633436 0.055922 3.621060 0.057890 
1.654798 0.053153 1.650596 4.340378 0.059646 
1.317531 1.318814 1.952468 5.111308 0.054779 
0.685210 2.585263 1.948483 5.129347 0.058089 
0.057044 3.260543 1.657516 4.343240 0.060995 
1.206744 0.053674 3.523232 4.671078 0.056514 
0.683345 1.318064 3.846477 5.133676 0.057633 
0.055638 2.369939 3.519666 4.664466 0.060295 
0.585161 0.054673 4.866381 4.334950 0.060815 
0.055766 1.116110 4.866492 4.336373 0.061804 
0.053835 0.053982 5.420652 3.630351 0.056062 
1.464235 0.054004 0.055621 5.722935 0.054657 
1.119247 1.118101 0.055937 6.481344 0.054494 
0.584193 2.187594 0.056993 6.481953 0.054849 
0.053965 2.888528 0.055381 5.698265 0.055392 
1.122905 0.055359 1.650233 6.474423 0.059358 
0.625782 1.209579 1.771551 6.989758 0.053856 
0.053783 2.194132 1.658936 6.464179 0.060578 
0.585418 0.053699 3.259879 6.471615 0.055170 
0.053165 1.120528 3.252476 6.474654 0.057401 
0.052459 0.052584 4.293136 5.711490 0.055452 
0.951210 0.054673 0.055998 7.205289 0.057468 
0.521664 0.990956 0.055625 7.606510 0.057101 
0.054922 1.846841 0.054904 7.204194 0.058397 
0.523736 0.053434 1.471640 7.595578 0.056229 
0.054617 0.996881 1.465085 7.598567 0.057699 
0.054505 0.054407 2.734758 7.211773 0.056786 
0.443620 0.053805 0.054139 7.899899 0.058149 
0.054998 0.834909 0.054907 7.901107 0.059362 
0.053974 0.056596 1.224211 7.900334 0.056757 
0.052301 0.052304 0.055270 8.052297 0.056890 
2.014307 0.054728 0.055755 0.056782 2.019588 
1.940453 0.983293 0.053847 0.056858 2.400951 
1.655336 2.195030 0.054252 0.054050 2.725431 
1.114736 3.271136 0.056472 0.057653 2.725297 
0.519225 3.826052 0.053926 0.054044 2.412401 
0.052956 3.975419 0.052961 0.053341 2.007540 
1.938493 0.052280 1.461826 0.053471 2.401648 
1.789576 1.211301 1.789362 0.059882 2.951917 
1.320541 2.589839 1.979112 0.062182 3.235435 
0.626316 3.528545 1.781545 0.060837 2.938943 
0.054577 3.828113 1.462142 0.055744 2.399361 
1.659711 0.058966 3.260550 0.056439 2.742715 
1.318475 1.310225 3.852594 0.055711 3.220121 
0.687854 2.587471 3.845054 0.057667 3.226709 
0.055651 3.265557 3.257412 0.054813 2.714453 
1.123685 0.055859 4.863517 0.059507 2.728405 
0.628945 1.203173 5.260998 0.056111 2.929122 
0.055114 2.199932 4.862530 0.056852 2.709796 
0.522495 0.052305 5.708769 0.055026 2.417430 
0.055765 0.999014 5.710162 0.055521 2.415375 
0.052533 0.052592 5.935894 0.053606 2.012981 
1.938218 0.052781 0.054514 1.948640 2.394295 
1.788808 1.210978 0.057738 2.368948 2.938184 
1.317466 2.583120 0.056808 2.604645 3.217617 
0.628292 3.523441 0.056811 2.349350 2.957327 
0.053783 3.824858 0.055455 1.949572 2.395444 
1.784785 0.053640 1.780452 2.358776 2.951474 
1.471584 1.472604 2.173716 2.916903 3.579329 
0.757988 2.898954 2.165403 2.870414 3.582659 
0.057655 3.518844 1.765837 2.382698 2.954485 
1.315957 0.052674 3.849549 2.583220 3.222027 
0.757418 1.478995 4.295136 2.879617 3.593606 
0.055506 2.591623 3.841456 2.578200 3.217961 
0.627778 0.054526 5.253175 2.367907 2.939447 
0.053433 1.209250 5.247454 2.363534 2.938174 
0.054216 0.053647 5.708634 1.951598 2.407336 
1.656106 0.054825 0.054675 4.343316 2.723257 
1.315544 1.319856 0.055490 5.120856 3.222981 
0.685312 2.584629 0.054874 5.113703 3.221256 
0.054103 3.262059 0.055329 4.331726 2.716673 
1.317318 0.055170 1.950237 5.122039 3.225871 
0.755363 1.469071 2.172205 5.719674 3.590609 
0.054705 2.583509 1.957380 5.108631 3.219452 
0.686571 0.053448 3.848028 5.112624 3.212018 
0.055326 1.322454 3.844339 5.111073 3.218460 
0.053968 0.053935 4.862179 4.336349 2.722659 
1.121458 0.053854 0.053391 6.466323 2.730903 
0.624351 1.205556 0.055341 6.993635 2.936031 
0.053812 2.196937 0.054774 6.461790 2.720278 
0.627894 0.056052 1.780801 6.995486 2.937122 
0.054604 1.209232 1.775451 6.991386 2.924845 
0.053300 0.053392 3.261766 6.465295 2.729290 
0.524343 0.053705 0.054768 7.596331 2.408118 
0.052713 0.990914 0.052604 7.596762 2.410792 
0.053754 0.053686 1.463140 7.597905 2.409867 
0.053592 0.054097 0.055086 7.898451 2.009763 
1.841398 0.055122 0.055540 0.056160 4.542954 
1.655981 1.120614 0.053535 0.053737 5.403523 
1.209680 2.367626 0.056847 0.058028 5.827264 
0.579735 3.268443 0.056247 0.055791 5.392974 
0.054892 3.635349 0.056184 0.060037 4.510995 
1.655445 0.052503 1.654340 0.052594 5.396771 
1.320653 1.320801 1.949272 0.061012 6.384980 
0.685366 2.589615 1.948886 0.058142 6.380064 
0.055197 3.257483 1.662684 0.052678 5.396936 
1.208112 0.053738 3.515973 0.053821 5.823611 
0.680551 1.313413 3.845508 0.056280 6.400779 
0.056327 2.374442 3.518343 0.058581 5.806788 
0.591294 0.057403 4.864197 0.058234 5.413775 
0.054126 1.121664 4.860645 0.054668 5.410223 
0.053144 0.053309 5.419818 0.053891 4.522755 
1.656394 0.052468 0.053805 2.195781 5.390495 
1.317557 1.323836 0.057034 2.587889 6.381373 
0.681862 2.593563 0.054839 2.574852 6.373180 
0.056512 3.264278 0.056904 2.195108 5.393695 
1.318223 0.054544 1.946914 2.582035 6.390301 
0.757081 1.470844 2.172480 2.873025 7.136149 
0.054606 2.588386 1.953418 2.582063 6.367099 
0.684637 0.054093 3.846176 2.584578 6.385503 
0.056889 1.322634 3.844942 2.582535 6.392345 
0.052772 0.052723 4.862039 2.183714 5.405365 
1.209140 0.053541 0.053350 4.669336 5.821539 
0.682730 1.322080 0.054347 5.114238 6.378566 
0.053355 2.369633 0.053767 4.664210 5.819247 
0.687030 0.055453 1.944074 5.126871 6.370170 
0.054535 1.318550 1.945549 5.127889 6.367274 
0.054862 0.056033 3.518115 4.668939 5.831058 
0.588299 0.054813 0.054228 6.468010 5.398336 
0.053889 1.122869 0.055954 6.467922 5.398248 
0.053904 0.054083 1.657788 6.468179 5.398505 
0.052906 0.052333 0.054362 7.214755 4.506912 
1.468398 0.055012 0.053824 0.055339 7.115603 
1.121363 1.120539 0.053836 0.055968 8.075872 
0.587223 2.200082 0.062202 0.056570 8.058405 
0.052991 2.883011 0.054245 0.052990 7.119906 
1.121820 0.054582 1.660177 0.058728 8.076986 
0.627498 1.207296 1.777751 0.055705 8.730821 
0.055067 2.200588 1.656626 0.054941 8.059259 
0.587664 0.053849 3.261784 0.053829 8.070728 
0.054517 1.125596 3.260043 0.058934 8.071359 
0.053962 0.053558 4.300085 0.055257 7.118108 
1.125002 0.057887 0.058989 2.181720 8.086312 
0.629355 1.207507 0.056644 2.357536 8.725252 
0.054347 2.206151 0.055253 2.198710 8.044488 
0.630988 0.055092 1.790834 2.365551 8.709864 
0.054023 1.212588 1.774741 2.357465 8.717875 
0.053319 0.056406 3.263919 2.191099 8.067314 
0.584949 0.053973 0.053907 4.320382 8.083935 
0.052845 1.115832 0.052923 4.319747 8.083299 
0.055032 0.055116 1.655736 4.338612 8.068041 
0.053016 0.052982 0.055480 5.707945 7.126375 
0.947554 0.054231 0.054318 0.054935 9.000387 
0.522254 0.990638 0.054684 0.055984 9.491662 
0.055383 1.848146 0.056041 0.055538 8.994700 
0.523900 0.053449 1.470963 0.054886 9.480922 
0.053040 0.998544 1.471183 0.053863 9.477796 
0.052658 0.053267 2.732805 0.053510 8.998492 
0.521053 0.054090 0.053829 1.933025 9.487982 
0.054843 1.000827 0.054799 1.950032 9.476723 
0.052242 0.052283 1.464824 1.937282 9.481083 
0.053522 0.055389 0.052877 3.627165 8.999282 
0.445033 0.053538 0.053455 0.053280 9.858723 
0.052633 0.829926 0.052804 0.052900 9.861729 
0.054387 0.054266 1.228574 0.054739 9.860868 
0.053615 0.053616 0.054045 1.612670 9.861817 
0.051927 0.051515 0.051520 0.056182 10.051508 
