1.887232 0.004724 0.004730 0.004819 0.005953 0.005565 0.005795 0.010533 
0.748001 0.728766 0.005823 0.008068 0.010245 0.006376 0.005982 0.005937 
0.356480 1.363291 0.007317 0.007698 0.022317 0.005089 0.008625 0.010392 
0.003970 3.726740 0.004060 0.004477 0.003969 0.005716 0.007174 0.008359 
0.746606 0.007250 1.084177 0.008943 0.007460 0.007183 0.009111 0.006840 
0.280499 0.541953 0.811017 0.006385 0.007414 0.007921 0.008301 0.030844 
0.007306 1.399740 1.045244 0.010013 0.010772 0.006988 0.012417 0.006362 
0.385423 0.005270 2.215843 0.006395 0.007022 0.006454 0.006493 0.006806 
0.010614 0.590194 1.769608 0.018557 0.060318 0.019117 0.064209 0.014891 
0.005179 0.004934 5.605968 0.004828 0.004775 0.007064 0.006482 0.010452 
0.704514 0.005451 0.013528 1.359782 0.012832 0.007108 0.005093 0.005248 
0.266583 0.511891 0.010797 1.040146 0.027412 0.010577 0.010632 0.014002 
0.009351 1.335386 0.016286 1.349496 0.017765 0.008740 0.010070 0.015022 
0.252851 0.009120 0.764355 1.007413 0.026084 0.023930 0.009917 0.013377 
0.005538 0.542118 0.805044 1.075312 0.010137 0.006177 0.005576 0.029894 
0.006596 0.007720 2.117351 1.421354 0.005051 0.006077 0.012753 0.022078 
0.371430 0.009699 0.009230 2.877364 0.009217 0.011535 0.036196 0.016694 
0.010420 0.756407 0.010121 3.052732 0.010109 0.010465 0.014573 0.017569 
0.007269 0.008448 1.033445 2.782138 0.008084 0.006475 0.011882 0.009659 
0.004220 0.004245 0.004821 7.436384 0.005959 0.005782 0.005467 0.004356 
0.715453 0.008163 0.012530 0.009086 1.784178 0.017021 0.011980 0.014123 
0.274055 0.489689 0.006703 0.021321 1.263864 0.007412 0.006842 0.029917 
0.006706 1.441821 0.011176 0.006879 1.831645 0.015671 0.007018 0.007044 
0.252942 0.011212 0.746616 0.018995 1.274900 0.007947 0.014913 0.010973 
0.006563 0.505789 0.757472 0.016645 1.293554 0.005255 0.006766 0.005298 
0.008157 0.008828 2.165859 0.007698 1.848070 0.008201 0.007752 0.011375 
0.266382 0.007477 0.010121 1.023724 1.294126 0.011031 0.014592 0.007715 
0.005283 0.518493 0.007979 1.026557 1.328131 0.006056 0.012910 0.007181 
0.006776 0.007670 0.775899 1.056984 1.315455 0.006484 0.005815 0.009642 
0.006624 0.008745 0.014941 2.627224 1.677119 0.005608 0.015709 0.008415 
0.355677 0.016320 0.005571 0.005877 3.533173 0.006532 0.005015 0.010085 
0.005658 0.667361 0.023132 0.011424 3.393335 0.007184 0.004952 0.009926 
0.006380 0.013720 1.050031 0.007549 3.563376 0.007599 0.013516 0.028737 
0.006257 0.008227 0.008851 1.382369 3.524876 0.006303 0.005226 0.008177 
0.003981 0.004147 0.004109 0.003981 9.618238 0.005603 0.004357 0.007290 
0.532943 0.020192 0.036625 0.044727 0.025599 1.572588 0.015792 0.009766 
0.219151 0.390859 0.027459 0.045930 0.035421 1.220746 0.025132 0.030454 
0.009419 1.056281 0.041872 0.033128 0.040785 1.633052 0.012887 0.029407 
0.235090 0.007163 0.653140 0.034917 0.039129 1.338963 0.020465 0.010634 
0.010491 0.483618 0.748495 0.024782 0.005510 1.402534 0.010465 0.024272 
0.010793 0.024468 1.585850 0.044484 0.033390 1.638415 0.009582 0.012932 
0.235626 0.012277 0.007808 0.925002 0.097250 1.321652 0.010370 0.011089 
0.007431 0.450187 0.033815 0.875005 0.037324 1.290332 0.012621 0.008607 
0.009134 0.018172 0.651866 0.864635 0.066545 1.309683 0.013631 0.009048 
0.009512 0.023555 0.026775 2.136707 0.032436 1.682248 0.023878 0.010531 
0.265404 0.011034 0.011263 0.022770 1.332233 1.568208 0.015677 0.023994 
0.006291 0.471137 0.018975 0.022531 1.187400 1.432515 0.013725 0.007954 
0.007812 0.006404 0.769932 0.007951 1.356314 1.585381 0.011251 0.012331 
0.008795 0.012901 0.017473 0.919019 1.175856 1.418933 0.011926 0.011024 
0.010142 0.016649 0.025855 0.036633 2.979899 1.850985 0.008190 0.026233 
0.311687 0.014635 0.027890 0.026595 0.029841 3.723704 0.017468 0.031531 
0.007561 0.632137 0.022582 0.021364 0.010865 3.719336 0.011174 0.025051 
0.009133 0.006546 0.949104 0.020066 0.020914 3.897313 0.006587 0.010638 
0.005401 0.006397 0.006759 1.436686 0.009914 4.387811 0.011945 0.007620 
0.007762 0.014025 0.028572 0.010501 1.532754 3.829035 0.004533 0.018620 
0.004086 0.004079 0.004092 0.004079 0.004720 11.644929 0.005633 0.006302 
0.560771 0.015067 0.034160 0.039410 0.036521 0.007492 2.001495 0.020713 
0.207658 0.398547 0.038510 0.015941 0.044609 0.061082 1.429652 0.010865 
0.008212 1.213441 0.010101 0.046839 0.031953 0.008110 2.210070 0.014881 
0.240385 0.013016 0.705514 0.012318 0.049577 0.007820 1.688666 0.010201 
0.009028 0.440086 0.666361 0.006738 0.043943 0.043080 1.603867 0.007896 
0.010422 0.005570 1.917710 0.015199 0.032781 0.006299 2.324654 0.008769 
0.222317 0.011971 0.018809 0.842002 0.030380 0.059419 1.560172 0.013440 
0.010029 0.462929 0.020108 0.879680 0.044283 0.008678 1.679202 0.011255 
0.009442 0.009508 0.627188 0.892959 0.077542 0.023136 1.500418 0.042560 
0.007804 0.011483 0.019475 2.424822 0.036887 0.006807 2.215467 0.023707 
0.236539 0.010719 0.023022 0.016765 1.158685 0.005923 1.685762 0.017632 
0.007775 0.475083 0.023902 0.020099 1.152546 0.006671 1.694677 0.008359 
0.015215 0.017561 0.686550 0.020611 1.175297 0.057033 1.577574 0.018307 
0.007307 0.012896 0.025001 0.849533 1.116160 0.030393 1.566822 0.017018 
0.009031 0.018242 0.038487 0.026447 2.537798 0.050157 1.845626 0.016714 
0.221543 0.005712 0.033185 0.045055 0.031546 1.299992 1.455891 0.011330 
0.006391 0.417818 0.033402 0.045671 0.031800 1.300020 1.455891 0.013758 
0.006805 0.012330 0.678715 0.018011 0.013852 1.416469 1.698551 0.008059 
0.008559 0.012470 0.008967 0.935916 0.018912 1.395829 1.678089 0.010588 
0.007593 0.009972 0.011727 0.016005 1.191754 1.454739 1.671043 0.021386 
0.022863 0.036877 0.081013 0.088856 0.046911 2.307418 1.423010 0.027042 
0.334681 0.005740 0.023401 0.010919 0.006193 0.014204 4.806558 0.008749 
0.006589 0.665687 0.021523 0.014949 0.005756 0.005850 4.926587 0.008067 
0.007006 0.006262 1.019844 0.006486 0.035375 0.005480 4.937213 0.009390 
0.010214 0.014620 0.018459 1.145943 0.007105 0.095049 4.277160 0.012698 
0.012176 0.014438 0.023040 0.018662 1.505261 0.031786 4.317772 0.011700 
0.016071 0.026186 0.037682 0.053463 0.072248 1.328135 3.238205 0.031066 
0.004252 0.004253 0.004265 0.004834 0.004297 0.004272 13.758679 0.005846 
0.910395 0.022710 0.028151 0.063083 0.012655 0.012312 0.018018 3.709459 
0.395257 0.767335 0.008134 0.006303 0.006389 0.006930 0.006671 3.199598 
0.006890 1.906381 0.011510 0.055698 0.005505 0.011360 0.010326 4.093513 
0.402146 0.017793 1.129408 0.018166 0.017719 0.024334 0.018319 3.202301 
0.010352 0.739732 1.105527 0.012125 0.007722 0.007716 0.008302 3.229126 
0.008002 0.016554 2.779966 0.020945 0.019646 0.006660 0.007612 3.912200 
0.392360 0.005723 0.010101 1.491114 0.006049 0.005734 0.008442 3.282185 
0.005625 0.763773 0.005395 1.492702 0.005851 0.005987 0.008714 3.224937 
0.004752 0.004745 1.151982 1.551901 0.005187 0.006372 0.006496 3.189123 
0.005969 0.006864 0.010757 4.103335 0.012174 0.006331 0.016896 4.253781 
0.365766 0.013880 0.011193 0.009777 1.818874 0.010046 0.009467 3.202673 
0.011397 0.887888 0.012943 0.036845 2.179843 0.008363 0.005922 3.664929 
0.006964 0.008590 1.311871 0.041682 2.195860 0.010191 0.008369 3.651497 
0.005908 0.005125 0.013700 1.451659 1.733562 0.007075 0.005688 3.215700 
0.010462 0.019119 0.023331 0.035423 4.045660 0.014565 0.032805 3.260583 
0.380406 0.027976 0.030111 0.025503 0.025404 2.133711 0.029760 3.210878 
0.006634 0.683696 0.017854 0.005649 0.005303 2.171794 0.005282 3.185733 
0.005341 0.008649 1.122293 0.006679 0.005484 2.245939 0.006165 3.216235 
0.006151 0.005969 0.027194 1.389028 0.006134 2.198225 0.006665 3.187694 
0.006064 0.011394 0.010890 0.006373 1.762616 2.195411 0.007329 3.199238 
0.011133 0.004877 0.024210 0.068249 0.094141 4.705892 0.005722 3.190743 
0.471666 0.006106 0.011132 0.037917 0.005737 0.008668 3.322867 3.744837 
0.005919 0.897793 0.015284 0.061728 0.005885 0.006033 3.322713 3.756611 
0.005450 0.018737 1.345595 0.034566 0.005437 0.005934 3.375303 3.743841 
0.007063 0.008547 0.011387 1.457077 0.006347 0.006299 2.576829 3.236371 
0.012205 0.013191 0.012998 0.012751 1.895892 0.012431 2.686701 3.192087 
0.006597 0.006610 0.006988 0.006607 0.006598 2.411331 2.748669 3.250279 
0.004787 0.009109 0.007288 0.005042 0.006852 0.017100 7.819488 4.474991 
0.430235 0.012379 0.029242 0.031468 0.012692 0.005509 0.030979 6.892536 
0.005722 0.859806 0.006941 0.034258 0.018824 0.011082 0.080605 7.302742 
0.009219 0.015195 1.289439 0.039501 0.016339 0.013019 0.011573 7.303480 
0.008450 0.011266 0.039989 1.558482 0.032223 0.005643 0.084821 6.446795 
0.009812 0.015928 0.031921 0.028617 2.083524 0.006412 0.028222 6.934325 
0.029907 0.052992 0.031234 0.089691 0.055663 2.703188 0.005920 7.611862 
0.012314 0.018264 0.011953 0.055699 0.018744 0.019217 2.826890 6.452680 
0.003860 0.003811 0.003963 0.003842 0.003822 0.003798 0.003846 15.786722 
0.318029 0.075752 0.111559 0.158446 0.195509 0.186279 0.251065 0.299050 
0.170711 0.323760 0.123052 0.113038 0.183977 0.192791 0.227612 0.265262 
0.052393 0.627147 0.113401 0.141187 0.166754 0.211608 0.206191 0.317321 
0.174820 0.060253 0.497201 0.146117 0.185926 0.218445 0.209347 0.298813 
0.038751 0.349815 0.505265 0.148282 0.177494 0.221676 0.216152 0.283627 
0.039572 0.073155 0.922272 0.153939 0.182693 0.256996 0.272725 0.302919 
0.168852 0.062454 0.096892 0.691431 0.165270 0.186312 0.252519 0.274251 
0.031996 0.343960 0.097385 0.691513 0.166173 0.186800 0.252974 0.296046 
0.047139 0.069661 0.542247 0.697318 0.225004 0.202809 0.287581 0.319150 
0.047318 0.080228 0.113130 1.369741 0.200560 0.205714 0.267560 0.297509 
0.172547 0.074432 0.113195 0.152379 0.863138 0.182514 0.211696 0.287864 
0.036732 0.316411 0.115554 0.144189 0.827781 0.208176 0.220006 0.290654 
0.039969 0.076985 0.517696 0.170310 0.902226 0.208439 0.179380 0.302066 
0.036968 0.065741 0.095774 0.675342 0.882564 0.196305 0.262007 0.296463 
0.041831 0.076094 0.126587 0.154358 1.646150 0.240274 0.209586 0.270417 
0.183063 0.077941 0.128002 0.170548 0.128233 1.013541 0.267138 0.328242 
0.037393 0.330836 0.097929 0.153502 0.162761 1.017836 0.228284 0.285963 
0.041256 0.071392 0.487378 0.154433 0.160098 0.977721 0.255110 0.304874 
0.039172 0.076115 0.110148 0.640427 0.206157 0.979397 0.193055 0.289678 
0.039407 0.063543 0.122530 0.142719 0.895538 0.933016 0.196139 0.271195 
0.038754 0.072865 0.127479 0.161738 0.149817 2.111639 0.243369 0.295866 
0.176631 0.055739 0.100666 0.164091 0.168257 0.155853 1.221814 0.298554 
0.030653 0.336631 0.097916 0.164084 0.179507 0.189416 1.216210 0.285175 
0.033205 0.075303 0.574272 0.167072 0.174924 0.166941 1.228794 0.305534 
0.037222 0.062936 0.136429 0.676566 0.219201 0.178905 1.299618 0.301845 
0.035192 0.081322 0.097443 0.139605 0.956132 0.224915 1.398671 0.299954 
0.040444 0.071155 0.095347 0.154308 0.220024 0.954200 1.135629 0.310382 
0.045487 0.085234 0.116373 0.182627 0.166262 0.170136 2.240523 0.274338 
0.228389 0.080055 0.137802 0.186276 0.257930 0.262445 0.259061 1.849636 
0.056013 0.433104 0.151032 0.194676 0.266595 0.271929 0.232563 1.855199 
0.035278 0.092907 0.735799 0.208793 0.210581 0.271616 0.283766 2.078742 
0.044051 0.096347 0.133495 0.954665 0.272464 0.218837 0.213785 2.052933 
0.054161 0.089252 0.141200 0.209992 1.178862 0.301246 0.278858 1.922203 
0.052204 0.090608 0.140689 0.209246 0.221308 1.276165 0.268833 1.980058 
0.045350 0.084088 0.139069 0.222270 0.242136 0.196581 1.531737 1.723295 
0.052259 0.094186 0.146353 0.204451 0.217653 0.222473 0.286688 3.484002 
