1.878703 0.007674 0.010367 0.010801 0.007927 
1.054549 0.414672 0.009570 0.011222 0.014558 
0.789239 0.757413 0.011361 0.011850 0.014027 
0.555923 1.096428 0.029619 0.033956 0.031292 
0.391498 1.530545 0.012473 0.009842 0.012516 
0.225882 2.111650 0.007704 0.009726 0.010173 
0.007560 3.655306 0.009461 0.009894 0.014264 
1.054499 0.010493 0.622444 0.011605 0.010516 
0.639723 0.309965 0.462265 0.015017 0.013603 
0.442752 0.560668 0.423220 0.013498 0.010036 
0.305471 0.863634 0.438507 0.012110 0.010897 
0.170777 1.195195 0.467550 0.010578 0.017050 
0.009403 2.096620 0.638438 0.012359 0.015792 
0.749679 0.021040 1.069431 0.012398 0.018196 
0.448294 0.293750 0.844898 0.014181 0.010529 
0.294433 0.554840 0.823150 0.012747 0.012031 
0.153861 0.863389 0.869889 0.011542 0.013427 
0.008457 1.513055 1.150402 0.013568 0.012722 
0.563723 0.019699 1.672146 0.021606 0.018877 
0.306863 0.288389 1.304497 0.011701 0.014812 
0.160324 0.562497 1.266289 0.015856 0.008792 
0.013430 1.048916 1.576323 0.014145 0.009715 
0.377331 0.011631 2.146306 0.023621 0.014827 
0.167030 0.313224 1.843538 0.010584 0.008596 
0.014818 0.731229 2.166926 0.015477 0.014050 
0.214900 0.014299 3.098459 0.007339 0.013540 
0.009785 0.430332 3.173732 0.012593 0.012923 
0.007874 0.008460 5.466916 0.009792 0.009731 
1.065562 0.008745 0.008996 0.882241 0.009122 
0.632565 0.306118 0.011094 0.628427 0.012695 
0.445336 0.555693 0.009381 0.626707 0.010977 
0.302776 0.867533 0.010242 0.604370 0.010321 
0.159868 1.216829 0.009733 0.668398 0.012487 
0.009810 2.023403 0.011427 0.882501 0.011789 
0.617702 0.015320 0.455361 0.633283 0.014868 
0.374077 0.240841 0.361287 0.486117 0.009480 
0.245228 0.472084 0.362129 0.490752 0.018650 
0.130516 0.702572 0.355544 0.519019 0.018123 
0.009405 1.233721 0.459178 0.664259 0.014269 
0.436766 0.014035 0.832030 0.604129 0.012629 
0.243972 0.233527 0.674901 0.515884 0.011918 
0.125974 0.471067 0.708637 0.480664 0.013019 
0.009585 0.834444 0.835775 0.635926 0.015834 
0.294088 0.009135 1.273089 0.610246 0.012306 
0.130690 0.238918 1.068800 0.521964 0.008956 
0.009754 0.583329 1.325367 0.624265 0.011235 
0.165017 0.012210 1.800818 0.647618 0.010906 
0.009630 0.312835 1.832548 0.663978 0.012909 
0.010346 0.024518 2.928472 0.832112 0.024129 
0.680017 0.021697 0.022090 1.422561 0.020681 
0.420565 0.263103 0.021096 1.170482 0.010527 
0.290504 0.563467 0.008898 1.169722 0.009037 
0.148856 0.823848 0.016742 1.195048 0.012750 
0.018540 1.293370 0.022170 1.429322 0.011517 
0.446972 0.010281 0.413910 1.223190 0.013307 
0.244402 0.234914 0.357909 0.933226 0.011560 
0.132889 0.440722 0.363616 0.937367 0.031121 
0.016365 0.804365 0.431918 1.123785 0.013669 
0.276334 0.015037 0.794048 1.130386 0.012822 
0.120852 0.236192 0.692969 0.988985 0.014210 
0.014574 0.536041 0.799531 1.136939 0.013431 
0.144894 0.021669 1.216165 1.152534 0.009339 
0.013223 0.279949 1.227613 1.187102 0.015863 
0.007342 0.007601 2.230033 1.639926 0.014593 
0.537421 0.009589 0.015147 2.258767 0.011522 
0.284856 0.279644 0.017382 1.733930 0.014143 
0.155746 0.566811 0.009043 1.842534 0.011991 
0.012836 1.062925 0.013377 2.242252 0.015578 
0.277376 0.013181 0.439859 1.806703 0.012543 
0.135106 0.244576 0.362261 1.474997 0.009861 
0.010646 0.562605 0.439847 1.806604 0.013027 
0.148272 0.010388 0.851383 1.826433 0.009125 
0.012087 0.276911 0.846880 1.828288 0.010649 
0.010027 0.010765 1.604373 2.340239 0.009842 
0.372240 0.010946 0.017591 3.041090 0.012149 
0.160397 0.299375 0.012820 2.545121 0.010840 
0.017169 0.669249 0.018815 2.948963 0.013426 
0.164503 0.011152 0.450680 2.506434 0.015496 
0.012796 0.292681 0.441507 2.482405 0.011910 
0.008304 0.009047 1.121631 3.106222 0.012080 
0.207577 0.010535 0.011319 4.246684 0.010087 
0.015017 0.368714 0.015945 4.024593 0.041029 
0.010269 0.007657 0.584823 4.240973 0.012374 
0.006197 0.006441 0.006396 7.855528 0.012602 
1.742299 0.011224 0.010150 0.018262 1.813533 
0.878686 0.417720 0.025017 0.024372 1.128129 
0.668739 0.886336 0.011544 0.014766 1.167328 
0.429610 1.237171 0.012360 0.040767 1.093601 
0.220958 1.717799 0.021835 0.041280 1.157704 
0.009166 3.290045 0.010235 0.026259 1.792526 
0.868493 0.024916 0.626829 0.015338 1.115965 
0.527802 0.337992 0.498299 0.019962 0.883225 
0.346815 0.663325 0.507529 0.007366 0.887396 
0.179118 1.008744 0.493306 0.019592 0.883794 
0.019983 1.686122 0.643959 0.015096 1.126246 
0.631747 0.025189 1.192910 0.014590 1.079469 
0.339191 0.334994 1.004687 0.015053 0.876627 
0.187819 0.675027 0.956576 0.007159 0.902277 
0.021371 1.165989 1.155030 0.022267 1.063577 
0.437950 0.011056 1.859363 0.017268 1.126028 
0.181774 0.347733 1.538064 0.020321 0.920973 
0.010500 0.837238 1.880511 0.017556 1.127479 
0.231979 0.022731 2.607499 0.012863 1.158410 
0.018024 0.435118 2.653246 0.017036 1.201208 
0.009207 0.010337 5.135554 0.011343 1.838826 
0.863325 0.023501 0.031824 0.878077 1.132155 
0.501516 0.329097 0.027665 0.691409 0.909501 
0.327516 0.625707 0.029993 0.675094 0.861904 
0.178785 0.963675 0.023510 0.668886 0.858014 
0.016249 1.657307 0.026152 0.869382 1.127232 
0.512884 0.015449 0.489303 0.685719 0.901015 
0.282341 0.271017 0.408075 0.597237 0.742954 
0.145511 0.539065 0.406379 0.600906 0.742475 
0.016293 0.987425 0.510697 0.689364 0.901196 
0.336125 0.009882 0.958553 0.702039 0.841025 
0.145013 0.269165 0.796526 0.616552 0.716811 
0.013314 0.636305 0.955611 0.666120 0.873666 
0.175669 0.016676 1.468712 0.765320 0.928089 
0.011762 0.339989 1.473550 0.704766 0.866423 
0.017171 0.024202 2.423442 0.891181 1.063466 
0.614062 0.013667 0.021301 1.685202 1.090172 
0.344024 0.299392 0.018991 1.378997 0.863796 
0.170634 0.610074 0.024945 1.319669 0.807663 
0.013267 1.151695 0.019630 1.684903 1.088508 
0.343400 0.025851 0.511491 1.387709 0.869004 
0.144864 0.277548 0.394061 1.143859 0.703743 
0.017409 0.606256 0.497743 1.343890 0.827228 
0.179701 0.011732 0.960651 1.381770 0.847173 
0.010648 0.311118 0.961410 1.370222 0.866029 
0.017524 0.016957 1.736726 1.686320 1.074663 
0.372637 0.013003 0.074326 2.285512 0.974854 
0.179618 0.343912 0.010999 2.250587 0.909838 
0.012273 0.748913 0.074559 2.406344 0.992564 
0.178255 0.010680 0.499755 2.196830 0.899075 
0.009816 0.339395 0.499417 2.195204 0.898510 
0.011501 0.030038 1.129219 2.468232 0.931143 
0.229368 0.016789 0.014175 3.605088 1.125854 
0.010765 0.439557 0.012462 3.721625 1.089056 
0.010209 0.013024 0.663016 3.837434 1.207505 
0.006841 0.007372 0.006844 7.534173 1.883273 
1.175161 0.014966 0.009950 0.016052 2.979842 
0.588561 0.380663 0.013466 0.024120 2.038043 
0.394025 0.750054 0.010672 0.017791 1.997721 
0.212046 1.179636 0.013645 0.015150 2.104400 
0.009207 2.156044 0.026592 0.016365 2.893028 
0.608759 0.011906 0.580457 0.009932 2.066614 
0.419601 0.405269 0.608653 0.053646 2.063399 
0.134839 0.718910 0.364673 0.015564 2.008352 
0.012583 1.143373 0.599652 0.011260 2.122423 
0.400840 0.010438 1.135879 0.010395 2.004882 
0.152791 0.292126 0.976571 0.009348 1.996845 
0.010821 0.752388 1.128380 0.009360 1.996541 
0.198017 0.012139 1.670838 0.025668 2.009456 
0.009942 0.382718 1.707696 0.028547 2.030980 
0.013283 0.015836 3.196232 0.011140 2.843493 
0.605202 0.010900 0.010773 0.827445 2.082781 
0.387129 0.366774 0.040729 0.780030 1.980335 
0.213689 0.725053 0.025025 0.849755 1.909021 
0.014701 1.147271 0.013560 0.815486 2.085137 
0.394886 0.021128 0.561044 0.852440 1.883117 
0.177455 0.318719 0.475209 0.705519 1.730712 
0.020180 0.750931 0.575581 0.797609 1.942178 
0.216604 0.019376 1.185112 0.821924 1.925809 
0.012953 0.394953 1.156613 0.809365 1.945317 
0.009821 0.012641 1.669872 0.806997 1.994350 
0.391782 0.011154 0.011251 1.606587 2.002581 
0.160674 0.296201 0.014746 1.297049 2.001925 
0.010862 0.731738 0.012536 1.591589 2.023353 
0.168352 0.013768 0.419996 1.284823 2.001044 
0.013640 0.285400 0.416568 1.309576 1.999829 
0.008590 0.011868 1.110923 1.621608 2.001882 
0.200677 0.015052 0.012864 2.414160 2.001963 
0.014207 0.361898 0.012076 2.413294 2.001097 
0.013129 0.008671 0.572516 2.418900 2.004834 
0.009706 0.009905 0.009417 5.122573 2.792922 
0.782178 0.009423 0.010359 0.011198 4.010137 
0.469645 0.465104 0.022036 0.014558 3.569467 
0.235810 0.866423 0.036674 0.017220 3.522363 
0.008858 1.516408 0.008984 0.009817 4.059353 
0.462145 0.022229 0.660935 0.014110 3.552983 
0.187245 0.347400 0.564164 0.029765 2.845923 
0.015885 0.917449 0.683075 0.009137 3.703368 
0.231952 0.022375 1.296017 0.027673 3.508351 
0.013322 0.461819 1.368391 0.021913 3.675740 
0.008246 0.008207 2.224534 0.024899 3.993516 
0.447359 0.022308 0.023940 0.911478 3.355418 
0.191705 0.365668 0.010752 0.784063 2.926356 
0.015706 0.869720 0.017315 0.909673 3.588775 
0.191534 0.012961 0.540225 0.786830 2.953736 
0.009635 0.361849 0.548709 0.785335 2.893479 
0.015538 0.022366 1.254524 0.890354 3.297687 
0.240487 0.016270 0.017969 1.927056 3.560561 
0.022902 0.446490 0.024388 1.933489 3.566994 
0.015874 0.018965 0.668541 1.934030 3.561469 
0.009770 0.009417 0.009415 3.225437 3.995118 
0.572955 0.017085 0.024693 0.015496 5.926169 
0.228037 0.432574 0.021170 0.014213 4.177184 
0.011682 1.124959 0.017804 0.012839 6.213562 
0.222049 0.008865 0.614909 0.010347 4.383667 
0.010521 0.422831 0.626877 0.011813 4.460564 
0.017298 0.033497 1.431926 0.014944 5.150977 
0.206329 0.011122 0.021328 0.843518 4.110635 
0.014282 0.386138 0.011640 0.827505 4.095775 
0.009722 0.019146 0.588459 0.822748 4.152428 
0.015457 0.021558 0.040597 1.881168 4.753265 
0.258423 0.009941 0.012538 0.012215 6.661127 
0.015335 0.486876 0.016343 0.016413 6.430180 
0.011866 0.014585 0.719386 0.014777 6.448936 
0.012647 0.010483 0.027848 1.005562 6.113928 
0.006662 0.007000 0.006301 0.006295 9.800465 
