1.904111 0.003512 0.003679 0.004288 0.004296 0.003690 0.004177 0.005737 
0.749367 0.743044 0.004138 0.005061 0.004121 0.015999 0.004778 0.006350 
0.352375 1.369951 0.010948 0.008808 0.010062 0.005455 0.014442 0.006170 
0.003802 3.730733 0.003611 0.003882 0.004378 0.006076 0.004264 0.005813 
0.726874 0.007970 1.077112 0.004091 0.004229 0.004102 0.014735 0.005060 
0.267814 0.525470 0.805669 0.009808 0.009402 0.011825 0.013503 0.008803 
0.005674 1.482064 1.092044 0.005932 0.004234 0.004533 0.005712 0.005818 
0.337650 0.004560 1.972089 0.004531 0.019534 0.014949 0.009630 0.004609 
0.006669 0.716287 2.148444 0.006592 0.007544 0.004978 0.006453 0.005299 
0.003364 0.003246 5.663795 0.004790 0.003310 0.003610 0.004788 0.004895 
0.755157 0.005974 0.005883 1.482189 0.009294 0.006079 0.007590 0.007868 
0.278421 0.544400 0.004652 1.096085 0.004994 0.007622 0.004910 0.005699 
0.006953 1.448982 0.007850 1.449290 0.006149 0.006355 0.011725 0.006677 
0.260709 0.011764 0.767124 1.064490 0.007477 0.006901 0.016312 0.048004 
0.010464 0.502901 0.754843 0.997210 0.007520 0.005819 0.005228 0.004666 
0.007122 0.005710 2.118546 1.434527 0.007286 0.009299 0.006022 0.005809 
0.372747 0.007305 0.017511 2.949277 0.006966 0.006736 0.006750 0.008941 
0.007055 0.700086 0.007230 2.785758 0.004073 0.004715 0.010255 0.004809 
0.005578 0.006491 1.030256 2.782939 0.013416 0.006943 0.006850 0.015261 
0.003336 0.004038 0.003023 7.445064 0.003324 0.005807 0.003125 0.004995 
0.751407 0.006210 0.005156 0.005734 1.875929 0.007452 0.005043 0.011406 
0.255780 0.514767 0.013534 0.006371 1.271566 0.007673 0.010405 0.009355 
0.010055 1.396020 0.004292 0.004747 1.764070 0.004440 0.014981 0.007965 
0.279402 0.008102 0.805080 0.007189 1.366174 0.007989 0.009055 0.009279 
0.006767 0.525730 0.784701 0.008048 1.339156 0.005778 0.008302 0.014567 
0.004611 0.010762 2.136059 0.004901 1.784639 0.004924 0.014550 0.009111 
0.257196 0.012810 0.005916 1.000279 1.267625 0.007966 0.010920 0.009287 
0.007476 0.509911 0.007591 1.016002 1.287692 0.005096 0.009892 0.008808 
0.007616 0.009595 0.763233 1.024098 1.282978 0.009703 0.006495 0.006477 
0.003684 0.004294 0.003400 2.967329 1.863267 0.003217 0.005834 0.011917 
0.325475 0.021543 0.008028 0.023129 3.231473 0.004511 0.006083 0.006590 
0.004909 0.752997 0.004282 0.004638 3.798841 0.004652 0.006194 0.006536 
0.003970 0.005036 1.102097 0.004679 3.726532 0.008179 0.005918 0.006228 
0.005948 0.006995 0.004953 1.449903 3.647685 0.009686 0.005589 0.006353 
0.003254 0.003142 0.003482 0.003142 9.515733 0.003518 0.006163 0.004068 
0.701159 0.012031 0.012230 0.012902 0.030135 2.083351 0.012486 0.021380 
0.232825 0.456465 0.025656 0.012440 0.035178 1.317313 0.021119 0.009697 
0.009704 1.491336 0.011770 0.009527 0.009162 2.257482 0.009702 0.026051 
0.271983 0.012197 0.785539 0.008949 0.008432 1.555080 0.013012 0.012212 
0.003866 0.504238 0.740364 0.004111 0.023661 1.550304 0.008235 0.007435 
0.006896 0.008416 2.138554 0.006191 0.006016 2.182563 0.005583 0.008173 
0.250135 0.010224 0.004540 0.974565 0.025129 1.476615 0.009029 0.005910 
0.006145 0.502415 0.006650 1.027144 0.006398 1.504184 0.008254 0.005334 
0.004591 0.016773 0.749515 1.001509 0.008095 1.523408 0.008036 0.008614 
0.003676 0.003676 0.005449 3.077792 0.003701 2.302190 0.005218 0.005326 
0.226351 0.009836 0.057436 0.031376 1.060390 1.299493 0.010173 0.011255 
0.008535 0.466374 0.056932 0.020600 1.118068 1.291263 0.006932 0.007810 
0.008292 0.011897 0.732881 0.004412 1.232901 1.488736 0.005839 0.004409 
0.004761 0.021154 0.015614 0.925314 1.181348 1.383454 0.010360 0.012921 
0.004325 0.004321 0.004333 0.004351 3.918393 2.329022 0.007015 0.005678 
0.336819 0.010093 0.006964 0.022712 0.016806 3.973858 0.011700 0.007906 
0.004546 0.647270 0.006538 0.020302 0.013669 3.962028 0.007906 0.004849 
0.015963 0.027724 0.804151 0.003446 0.079079 3.163230 0.008176 0.004881 
0.004092 0.005532 0.005047 1.338416 0.070276 3.937580 0.009806 0.005175 
0.015276 0.024236 0.037818 0.028798 1.257354 2.908250 0.051611 0.014556 
0.003789 0.004114 0.003642 0.005753 0.003645 11.314722 0.004640 0.006582 
0.714323 0.021977 0.004558 0.005281 0.004556 0.004638 2.530994 0.005969 
0.261024 0.532282 0.015031 0.015634 0.020222 0.035164 1.831228 0.017254 
0.004386 1.427809 0.007463 0.008773 0.004817 0.004280 2.540293 0.004491 
0.252360 0.006988 0.759240 0.005536 0.025898 0.005712 1.768237 0.006098 
0.003951 0.504985 0.741303 0.004338 0.023810 0.010150 1.759770 0.008994 
0.008763 0.010302 2.131249 0.007300 0.006254 0.006262 2.513902 0.007431 
0.236113 0.008393 0.010950 0.924189 0.037182 0.032410 1.638393 0.032402 
0.006731 0.506646 0.009217 1.007797 0.006979 0.012493 1.811634 0.015408 
0.007095 0.007565 0.699828 0.955958 0.029398 0.013805 1.702411 0.014478 
0.008659 0.009461 0.013329 2.876895 0.008867 0.008174 2.555928 0.008540 
0.249348 0.006500 0.007943 0.020408 1.256036 0.005984 1.768265 0.006252 
0.006557 0.492866 0.008734 0.023385 1.255623 0.012903 1.759821 0.014356 
0.004802 0.011542 0.732505 0.013883 1.292472 0.004968 1.767572 0.008656 
0.007916 0.009756 0.011395 0.982774 1.246644 0.013246 1.767508 0.007151 
0.005888 0.004347 0.006201 0.018301 3.525679 0.004356 2.524691 0.005725 
0.221950 0.009719 0.004959 0.025759 0.060874 1.296696 1.622127 0.023920 
0.012279 0.469939 0.005875 0.019024 0.017422 1.330060 1.664458 0.037749 
0.005636 0.006786 0.677870 0.019410 0.064973 1.301261 1.575452 0.013843 
0.016148 0.010021 0.010090 0.941589 0.058679 1.392520 1.747787 0.018029 
0.008198 0.011809 0.008226 0.017340 1.160525 1.358572 1.700406 0.010650 
0.005343 0.006452 0.004377 0.012831 0.008181 4.235526 2.495987 0.015979 
0.345652 0.011058 0.006005 0.027476 0.006013 0.006698 4.881381 0.049443 
0.003486 0.698955 0.003319 0.019995 0.003905 0.012311 5.026731 0.005481 
0.007396 0.010070 1.022814 0.012448 0.011147 0.016384 5.029289 0.012979 
0.010363 0.014019 0.013222 1.228618 0.006053 0.056695 4.330792 0.007054 
0.005989 0.007289 0.015970 0.031722 1.467134 0.064434 4.184314 0.012948 
0.011882 0.015698 0.035017 0.005590 0.079378 1.620822 3.890860 0.006078 
0.003146 0.003063 0.003094 0.003094 0.004580 0.003204 13.538328 0.004959 
1.186620 0.004285 0.004984 0.004927 0.005900 0.006009 0.007202 4.946841 
0.380308 0.753405 0.007726 0.004798 0.004700 0.005306 0.005884 3.185231 
0.012718 1.660300 0.010117 0.050287 0.027313 0.010802 0.012580 3.498920 
0.354544 0.022709 1.069915 0.006414 0.005650 0.005815 0.006019 3.185574 
0.006016 0.762072 1.121173 0.005605 0.009080 0.005693 0.005509 3.186138 
0.007789 0.007228 3.502355 0.007349 0.010736 0.007460 0.014161 5.003675 
0.378104 0.005323 0.005882 1.484199 0.010373 0.004751 0.004926 3.185411 
0.005728 0.738715 0.006507 1.490357 0.008809 0.005423 0.005239 3.185867 
0.004520 0.005135 1.136394 1.509165 0.006501 0.004771 0.006431 3.187981 
0.008434 0.012294 0.012197 3.239821 0.036950 0.062332 0.009168 3.384693 
0.370401 0.013540 0.013420 0.013746 1.921374 0.016548 0.013460 3.201905 
0.011561 0.746146 0.012025 0.012349 1.916059 0.015106 0.012072 3.215261 
0.004805 0.004636 1.080218 0.031215 1.786786 0.004654 0.005293 3.186435 
0.006133 0.006657 0.007706 1.478614 1.869142 0.005370 0.005357 3.186571 
0.010685 0.021184 0.027249 0.017193 4.259126 0.004717 0.016398 3.610323 
0.381700 0.007555 0.006382 0.005564 0.005769 2.187592 0.005567 3.199882 
0.008022 0.752983 0.007197 0.006825 0.006664 2.159471 0.006567 3.201547 
0.010272 0.010383 1.110498 0.010186 0.018334 2.319105 0.010741 3.211892 
0.006133 0.006508 0.004956 1.456981 0.009073 2.156464 0.006111 3.186278 
0.003720 0.003125 0.003242 0.003115 1.922147 2.262895 0.005683 3.191284 
0.010425 0.016207 0.031698 0.020119 0.037874 4.703658 0.008966 3.264616 
0.374736 0.014359 0.011197 0.010183 0.010309 0.010219 2.635565 3.213871 
0.009100 0.770236 0.009432 0.009255 0.009119 0.009578 2.786194 3.212801 
0.003593 0.004998 1.132741 0.004333 0.003869 0.004135 2.668832 3.214136 
0.005696 0.008661 0.005690 1.514676 0.006324 0.006090 2.699862 3.194509 
0.004658 0.005193 0.004139 0.004678 1.900049 0.004225 2.694658 3.183954 
0.004405 0.004409 0.004401 0.006894 0.004516 2.396882 2.794685 3.343087 
0.009243 0.018426 0.026962 0.030853 0.036786 0.031061 5.253318 3.195333 
0.635692 0.010546 0.007827 0.007864 0.009670 0.007950 0.008456 10.684701 
0.010925 1.191462 0.010905 0.019353 0.012699 0.012006 0.017167 10.200296 
0.009330 0.010906 1.255199 0.051668 0.027712 0.006132 0.025251 7.232129 
0.006239 0.008569 0.024039 2.136913 0.004003 0.004030 0.005245 9.019869 
0.004450 0.004683 0.005604 0.004346 3.051455 0.005059 0.019589 10.215690 
0.007939 0.005700 0.005673 0.005803 0.006100 3.632497 0.018726 9.945809 
0.007290 0.013964 0.019153 0.022505 0.007878 0.019306 3.000053 7.048251 
0.003098 0.003127 0.003393 0.003109 0.003102 0.003097 0.003957 15.768547 
0.340443 0.072736 0.118394 0.119534 0.179314 0.216244 0.234215 0.322758 
0.166435 0.341739 0.092331 0.120154 0.171366 0.218480 0.235133 0.302431 
0.036688 0.660195 0.112589 0.157106 0.157365 0.229148 0.296896 0.313902 
0.169059 0.064534 0.487809 0.151960 0.179612 0.220840 0.281278 0.298266 
0.040597 0.335904 0.517797 0.159372 0.187131 0.166504 0.247224 0.328980 
0.042622 0.078368 0.995760 0.134627 0.198040 0.203734 0.300688 0.329943 
0.182464 0.076149 0.090717 0.723081 0.186120 0.184047 0.257214 0.327615 
0.041060 0.352119 0.098778 0.672149 0.180319 0.186853 0.255409 0.314240 
0.037043 0.056612 0.551203 0.741230 0.177350 0.185105 0.283719 0.338632 
0.041832 0.085479 0.104105 1.456414 0.212140 0.220534 0.307869 0.327739 
0.200554 0.072809 0.093664 0.131243 0.957603 0.199337 0.261965 0.382714 
0.043497 0.336473 0.097601 0.105923 0.879362 0.178458 0.276105 0.232609 
0.031796 0.054969 0.523017 0.141156 0.933116 0.182038 0.248228 0.138904 
0.036451 0.069775 0.096857 0.682743 0.869992 0.204856 0.278735 0.303249 
0.043892 0.076491 0.114081 0.143967 1.679882 0.203279 0.257792 0.290893 
0.171876 0.078000 0.099744 0.128116 0.136649 0.982578 0.282638 0.278751 
0.019112 0.362698 0.118526 0.131560 0.160366 1.195842 0.311695 0.284551 
0.059307 0.078864 0.554348 0.157740 0.165466 1.172866 0.324624 0.319882 
0.040121 0.073319 0.106601 0.649914 0.135220 0.979987 0.276355 0.271384 
0.036994 0.059094 0.093789 0.068582 1.001870 1.237855 0.292741 0.327502 
0.039768 0.070338 0.121481 0.171121 0.201787 1.801522 0.274929 0.324106 
0.183605 0.084181 0.107876 0.136680 0.155175 0.118502 1.374964 0.283774 
0.046808 0.355907 0.083521 0.115393 0.139735 0.165353 1.364748 0.310297 
0.034773 0.057909 0.500242 0.153933 0.127547 0.238676 1.228549 0.278531 
0.037641 0.072713 0.105427 0.659757 0.155923 0.227682 1.256047 0.302824 
0.034949 0.065572 0.090224 0.128174 0.864881 0.201782 1.251796 0.288117 
0.043491 0.093057 0.118490 0.149140 0.134474 1.140764 1.400749 0.287176 
0.036868 0.084099 0.111088 0.161745 0.216937 0.215556 2.494762 0.340683 
0.233556 0.093071 0.132964 0.179718 0.228009 0.210483 0.293182 2.018460 
0.050343 0.462150 0.120486 0.183636 0.209178 0.194125 0.291335 2.014499 
0.049698 0.078260 0.678762 0.187601 0.349756 0.202780 0.362524 1.956314 
0.053031 0.086773 0.137753 0.920550 0.275876 0.224566 0.291044 2.038751 
0.047797 0.086390 0.130152 0.178147 1.145568 0.276106 0.305004 1.930400 
0.052225 0.086834 0.134731 0.187902 0.225517 1.370182 0.315975 1.972549 
0.047974 0.077171 0.133184 0.199130 0.232780 0.239120 1.736966 1.903053 
0.052110 0.089637 0.137632 0.172166 0.220170 0.219011 0.314229 3.331732 
