2.051367 0.053274 0.052357 0.054160 0.054744 
2.014636 0.838640 0.053633 0.053767 0.056021 
1.840044 1.842437 0.052128 0.054529 0.052878 
1.465376 2.879690 0.051504 0.052746 0.053245 
0.946343 3.632095 0.053487 0.057710 0.054699 
0.445108 3.974439 0.052779 0.053215 0.052396 
0.052082 4.051696 0.054491 0.051782 0.052749 
2.012414 0.052799 1.228381 0.052386 0.051817 
1.937143 0.991534 1.470865 0.053215 0.051917 
1.656200 2.191448 1.669388 0.059200 0.060785 
1.123440 3.258215 1.662773 0.055020 0.059053 
0.516796 3.826312 1.472983 0.052655 0.053754 
0.052747 3.974216 1.232936 0.053146 0.052896 
1.841223 0.053306 2.731356 0.052592 0.052648 
1.655180 1.118332 3.262415 0.053508 0.053603 
1.207251 2.362053 3.516030 0.054573 0.055058 
0.587935 3.257557 3.262792 0.054084 0.052801 
0.051996 3.627713 2.740981 0.056017 0.052822 
1.464574 0.053823 4.300593 0.053820 0.052617 
1.118566 1.123124 4.874191 0.056859 0.054252 
0.584096 2.186502 4.873687 0.056452 0.053790 
0.052898 2.877266 4.300786 0.054321 0.057873 
0.941991 0.052483 5.423824 0.052918 0.054244 
0.519873 0.987714 5.714223 0.053529 0.054820 
0.051684 1.838231 5.419653 0.053138 0.053337 
0.441854 0.052633 5.936718 0.052718 0.053590 
0.051585 0.831351 5.936242 0.052242 0.054724 
0.052284 0.052066 6.051633 0.056802 0.052396 
2.012603 0.054013 0.054315 1.617627 0.054207 
1.936084 0.998141 0.052565 1.954379 0.056280 
1.656571 2.194843 0.055751 2.204404 0.054898 
1.120895 3.267069 0.055991 2.190843 0.056041 
0.523868 3.822891 0.056315 1.934060 0.053628 
0.052442 3.974586 0.052858 1.618992 0.056563 
1.937654 0.052634 1.461162 1.939519 0.053039 
1.782436 1.214480 1.784191 2.355165 0.062377 
1.315081 2.583987 1.956883 2.579734 0.054500 
0.631459 3.521238 1.770702 2.365488 0.058946 
0.052128 3.822084 1.475818 1.931722 0.054954 
1.652666 0.052488 3.268610 2.195573 0.054898 
1.313850 1.333342 3.850224 2.593283 0.059606 
0.679144 2.577328 3.860942 2.585133 0.055549 
0.052221 3.259473 3.260376 2.183888 0.052964 
1.119577 0.054019 4.866805 2.187929 0.053916 
0.623866 1.196967 5.261282 2.348797 0.053871 
0.052248 2.185799 4.866222 2.194556 0.059405 
0.522148 0.053623 5.712132 1.936976 0.064356 
0.051686 0.989794 5.711997 1.927093 0.054185 
0.051847 0.051227 5.935101 1.617540 0.054121 
1.841688 0.052993 0.052994 3.624953 0.058085 
1.660572 1.126183 0.057806 4.326970 0.060772 
1.205893 2.365549 0.056972 4.665997 0.053360 
0.587459 3.258865 0.052691 4.324853 0.052151 
0.053901 3.631842 0.053255 3.625633 0.058001 
1.657510 0.056258 1.659049 4.327793 0.054059 
1.316732 1.316689 1.961817 5.126083 0.055698 
0.681732 2.586552 1.950810 5.122852 0.057606 
0.055647 3.255591 1.669130 4.326691 0.054733 
1.208973 0.055157 3.519073 4.670587 0.054841 
0.683891 1.320843 3.852109 5.107952 0.054143 
0.052748 2.359394 3.521976 4.669035 0.057784 
0.586218 0.052742 4.867412 4.320515 0.054964 
0.052221 1.119691 4.866898 4.320001 0.054450 
0.051985 0.051423 5.421676 3.619093 0.054251 
1.466675 0.052931 0.052003 5.703906 0.054274 
1.122506 1.123745 0.054839 6.463210 0.056397 
0.585980 2.192153 0.052328 6.463550 0.052712 
0.051510 2.882001 0.052035 5.703944 0.054611 
1.121679 0.053230 1.661052 6.464410 0.053039 
0.630817 1.208820 1.793948 6.984453 0.059856 
0.052175 2.190246 1.660492 6.463851 0.052480 
0.586538 0.054447 3.269002 6.463004 0.055262 
0.054901 1.122304 3.265841 6.461797 0.055502 
0.052469 0.052862 4.297967 5.704616 0.052486 
0.947707 0.053797 0.052209 7.205169 0.055276 
0.523735 0.995295 0.052698 7.595306 0.057671 
0.052316 1.850308 0.053134 7.197875 0.054776 
0.523717 0.053787 1.468867 7.595447 0.053349 
0.051666 0.991569 1.464689 7.595497 0.051598 
0.051683 0.051387 2.741827 7.202024 0.051642 
0.442473 0.052831 0.052726 7.898911 0.053540 
0.052265 0.832223 0.052332 7.898668 0.056065 
0.053308 0.054426 1.232941 7.897078 0.053677 
0.052045 0.051719 0.051719 8.051719 0.052404 
2.013348 0.052234 0.052519 0.053639 2.013131 
1.938972 0.980528 0.053570 0.052970 2.412309 
1.654921 2.189607 0.052001 0.054391 2.715347 
1.118577 3.262753 0.053202 0.053847 2.728763 
0.522767 3.824711 0.054247 0.053028 2.407666 
0.053388 3.975409 0.056354 0.056710 2.016304 
1.937230 0.053298 1.469417 0.054295 2.402303 
1.783127 1.211667 1.794459 0.053825 2.936248 
1.317431 2.584567 1.948294 0.054144 3.209417 
0.628095 3.518248 1.788482 0.052468 2.924879 
0.053046 3.823958 1.470513 0.055391 2.403399 
1.655344 0.053478 3.263922 0.053813 2.719589 
1.313781 1.314044 3.863772 0.053864 3.214930 
0.683629 2.580138 3.866833 0.064928 3.214885 
0.054775 3.259695 3.262850 0.061826 2.729656 
1.121031 0.055226 4.866963 0.054432 2.722095 
0.621083 1.208735 5.264989 0.056646 2.935840 
0.054999 2.188444 4.869720 0.056135 2.728689 
0.523209 0.052922 5.710471 0.054836 2.401595 
0.053243 0.992678 5.713046 0.057131 2.398235 
0.052471 0.053580 5.936728 0.055310 2.006035 
1.937607 0.053496 0.052911 1.940997 2.401259 
1.788967 1.207765 0.059990 2.365230 2.939898 
1.318921 2.588669 0.056933 2.596216 3.210728 
0.627843 3.517625 0.051670 2.357301 2.930524 
0.053504 3.823192 0.062004 1.947898 2.403724 
1.782912 0.054745 1.790134 2.362305 2.952804 
1.468648 1.469434 2.168871 2.881420 3.591403 
0.753259 2.894077 2.174699 2.861596 3.583820 
0.052392 3.513862 1.797756 2.354636 2.942389 
1.317193 0.053183 3.852141 2.567196 3.207215 
0.751731 1.461658 4.309974 2.882844 3.582992 
0.052728 2.581605 3.856023 2.568111 3.208130 
0.631921 0.054638 5.253387 2.349942 2.943177 
0.052412 1.214576 5.245814 2.354936 2.942068 
0.052309 0.053184 5.709923 1.933256 2.407439 
1.655010 0.051713 0.052766 4.327072 2.728689 
1.318960 1.320909 0.055586 5.120230 3.214231 
0.684092 2.580369 0.052930 5.122751 3.204928 
0.054141 3.260724 0.056659 4.326757 2.735163 
1.316641 0.052874 1.949883 5.117962 3.201065 
0.759025 1.464816 2.183424 5.723602 3.593425 
0.052531 2.583474 1.957114 5.111076 3.199833 
0.677004 0.052103 3.854048 5.114463 3.211831 
0.053572 1.313846 3.867945 5.088936 3.219474 
0.052505 0.055806 4.866730 4.322740 2.722282 
1.117471 0.054277 0.053693 6.478575 2.730216 
0.627332 1.205219 0.053541 6.986330 2.941708 
0.053495 2.192194 0.054885 6.464398 2.732956 
0.629669 0.054107 1.795093 6.976569 2.941496 
0.053963 1.210960 1.790601 6.980113 2.924027 
0.053332 0.056392 3.275212 6.453445 2.718580 
0.520447 0.053763 0.052937 7.597497 2.410511 
0.052797 0.989345 0.053558 7.598118 2.411132 
0.052126 0.053514 1.474242 7.591340 2.407922 
0.051798 0.051551 0.051539 7.897278 2.005235 
1.841618 0.054054 0.052886 0.054107 4.522634 
1.656217 1.119747 0.052329 0.052771 5.389112 
1.206425 2.364581 0.051971 0.055314 5.815864 
0.583315 3.255954 0.053483 0.055146 5.418820 
0.052464 3.630126 0.052631 0.057011 4.523956 
1.655602 0.054104 1.654863 0.058022 5.400594 
1.317221 1.323892 1.944561 0.055808 6.390154 
0.682441 2.580288 1.952638 0.054617 6.386380 
0.052331 3.259670 1.657316 0.053742 5.395596 
1.206133 0.053390 3.522786 0.054549 5.819099 
0.681459 1.316814 3.865403 0.055941 6.371955 
0.052145 2.359710 3.522481 0.056154 5.818794 
0.586719 0.055079 4.872108 0.055338 5.388625 
0.052819 1.115932 4.865194 0.054008 5.401030 
0.052753 0.052160 5.423091 0.053464 4.509622 
1.654653 0.056711 0.054303 2.189225 5.401607 
1.315666 1.317458 0.054195 2.583460 6.392396 
0.681410 2.579786 0.053387 2.589906 6.389878 
0.053117 3.259783 0.055711 2.186153 5.403046 
1.318617 0.055178 1.957277 2.580413 6.377366 
0.765347 1.474354 2.183684 2.888986 7.118789 
0.054250 2.580971 1.955626 2.578282 6.386418 
0.677540 0.054112 3.864493 2.580809 6.373593 
0.053554 1.307923 3.867223 2.569130 6.366621 
0.056527 0.055296 4.869229 2.191785 5.388526 
1.209561 0.052703 0.051577 4.662603 5.816784 
0.677630 1.324731 0.052681 5.118125 6.378323 
0.052607 2.364474 0.053249 4.663530 5.829347 
0.684968 0.055150 1.953901 5.109243 6.371504 
0.052280 1.315907 1.954522 5.110548 6.375902 
0.051776 0.052509 3.528329 4.672150 5.802480 
0.586823 0.053030 0.051817 6.456324 5.412230 
0.052851 1.129564 0.053531 6.458725 5.404117 
0.054319 0.054148 1.668862 6.459566 5.405341 
0.052390 0.052273 0.053308 7.208122 4.523329 
1.466840 0.052265 0.051949 0.052263 7.118326 
1.121626 1.123147 0.053804 0.054448 8.074103 
0.586755 2.194133 0.053430 0.054278 8.066356 
0.052642 2.882504 0.052840 0.053123 7.119971 
1.121733 0.053609 1.661218 0.053037 8.066728 
0.625892 1.201092 1.781009 0.056954 8.741312 
0.051960 2.188647 1.658186 0.052683 8.070061 
0.585014 0.052439 3.266320 0.052265 8.065250 
0.055803 1.119858 3.264402 0.052968 8.065048 
0.052333 0.052709 4.300480 0.053014 7.113204 
1.120082 0.052624 0.052709 2.195355 8.070623 
0.630970 1.203188 0.058222 2.346471 8.742323 
0.051740 2.186156 0.051909 2.183245 8.078418 
0.629978 0.053090 1.786484 2.362002 8.711827 
0.052134 1.206913 1.785243 2.361246 8.711070 
0.052122 0.052783 3.265989 2.184440 8.064848 
0.587826 0.052507 0.052253 4.328384 8.068167 
0.052610 1.122771 0.052790 4.326655 8.071079 
0.051606 0.051439 1.664180 4.323718 8.067413 
0.052069 0.052408 0.052608 5.704359 7.128826 
0.946118 0.052896 0.052487 0.053293 8.997200 
0.525009 0.997030 0.054858 0.053165 9.477274 
0.052144 1.831443 0.052310 0.054211 9.008291 
0.522887 0.052756 1.473149 0.056396 9.479407 
0.051698 0.992936 1.471302 0.052253 9.478515 
0.052066 0.052010 2.740660 0.054012 8.991448 
0.522376 0.053195 0.053542 1.926261 9.486306 
0.053441 0.991863 0.053639 1.928804 9.487273 
0.051940 0.051940 1.464622 1.920911 9.485501 
0.052970 0.051730 0.051971 3.627529 8.997139 
0.443129 0.053250 0.053388 0.053324 9.860948 
0.053837 0.839094 0.052073 0.054037 9.856291 
0.052673 0.052538 1.233705 0.053671 9.856834 
0.051874 0.052014 0.051787 1.602246 9.862115 
0.051561 0.051358 0.051365 0.051380 10.051357 
