2.085799 0.150080 0.124911 0.122610 0.241456 0.106227 0.100490 0.108324 2.085721 0.138893 
0.668977 3.933801 0.442182 0.200733 0.107271 0.276680 0.115631 0.427189 0.278039 0.117343 
0.133162 4.103198 0.206999 0.118926 0.144514 0.185821 0.482461 0.149954 0.482597 0.199204 
1.767010 0.130599 3.223167 0.111010 0.992360 0.094730 0.088995 0.118543 2.122220 0.125211 
1.094910 2.551108 3.222615 2.308683 0.329259 0.725041 0.105635 0.135794 3.200348 0.713883 
0.169176 3.330349 3.501861 0.244790 0.190983 1.268875 0.318342 0.134048 0.440703 0.155530 
0.591897 0.133144 5.916841 0.155707 0.315851 0.103135 0.102982 0.137670 0.149204 0.133310 
0.096174 2.451786 4.915003 0.272930 0.303888 0.088300 0.573755 0.203374 0.133531 0.090358 
0.074485 0.156652 6.060772 0.116553 0.218862 0.117554 0.072579 0.104279 0.259031 0.196943 
1.907584 0.293075 0.256338 2.948242 0.234311 1.142702 1.069341 0.969041 2.026544 1.453477 
0.111185 3.848555 0.495716 2.742448 0.128795 0.166128 0.575925 0.131072 0.105556 0.221113 
1.074565 0.115742 3.202212 5.691690 0.555804 0.225198 0.504073 0.127979 0.297683 0.166801 
0.150961 2.666401 2.464789 5.347796 0.194630 0.186585 0.594261 1.348236 0.484985 0.250302 
0.092713 0.521346 5.708697 2.744311 0.130613 0.124408 0.577743 0.132890 0.107495 0.222931 
0.195373 1.181463 0.485334 7.740982 0.114904 0.251815 1.099563 0.102256 1.215167 0.285790 
0.112225 0.192418 0.135283 8.084157 0.114715 0.255878 0.288576 0.460407 1.242745 0.289533 
0.856604 1.755004 0.318721 0.103496 8.295802 0.289661 0.085235 0.123194 0.114917 0.121643 
0.219589 3.521102 0.576979 0.182904 5.274038 0.489945 0.342409 1.744079 0.138748 0.297745 
1.326128 0.323372 3.588431 0.340351 5.226368 0.160900 0.082374 0.159610 0.273073 0.211893 
0.401953 2.562053 3.646863 0.105830 5.122352 0.196612 0.107124 0.106895 0.297822 0.237766 
0.096582 0.674976 3.720354 4.864334 5.160459 0.273586 0.149822 0.196571 0.255691 0.276030 
0.149049 0.465032 0.255548 6.694269 5.613197 0.511119 0.979946 0.198516 0.329823 0.839802 
0.894692 0.555403 1.950886 0.102139 8.546015 0.236589 0.090574 0.121058 2.124735 0.127726 
0.081910 2.351106 0.376242 0.097547 8.291025 0.080440 0.079415 0.117243 0.108965 0.145938 
0.096811 0.227723 2.722957 1.201537 8.972277 0.243018 0.134657 0.107853 0.164358 0.163148 
0.093445 0.124398 0.714383 3.680996 8.969688 0.240401 0.132031 0.105226 0.137013 0.160916 
0.124998 0.497104 0.165024 0.121873 10.047305 0.289275 0.103086 0.299213 0.543969 0.300442 
1.779227 1.101475 0.102686 0.084280 0.217871 5.593707 0.079051 0.096867 0.338617 0.198049 
0.219926 3.954338 0.208209 0.156573 0.503968 3.235692 0.317370 0.136176 0.109031 0.196246 
0.148149 0.564762 5.421902 0.152853 0.143489 5.393010 0.585774 0.175673 0.444028 0.264567 
1.027505 0.539423 0.414128 4.772598 0.171244 7.492013 0.177463 4.020350 0.141725 0.205089 
0.132480 2.237622 0.316143 5.311820 0.236727 6.568248 0.105057 0.200873 0.364623 0.224055 
0.099778 0.210668 2.964546 3.442904 0.183743 9.313231 0.144876 0.221363 0.283690 0.597418 
1.013023 0.987103 0.974323 0.301577 6.847412 6.322397 0.481985 0.247237 0.345359 0.147938 
0.377484 2.288364 0.645206 1.770584 6.586021 5.496495 0.185061 0.139479 0.264304 1.741530 
0.250395 0.111329 0.219672 4.973224 6.527376 5.638485 0.109604 0.451228 0.114180 0.153375 
0.104569 0.492224 0.113652 0.108716 8.368125 6.635393 0.183108 0.498591 0.195365 2.148232 
0.637854 1.498297 0.174698 0.122989 1.637883 10.725621 0.114540 0.110648 0.108520 0.145028 
0.099071 0.298188 2.720379 1.205818 0.311520 10.742529 0.136895 0.110125 0.098528 0.165387 
0.097846 0.112987 0.489003 4.325266 0.178379 10.239637 0.155875 0.129315 0.625455 0.608437 
0.137845 0.104759 0.134771 0.292958 4.480891 10.841311 0.103588 1.409218 0.104197 0.310999 
0.115077 0.385816 0.114228 0.110484 0.135670 12.075713 0.316050 0.150550 0.186061 0.172451 
1.756085 1.096249 0.390151 0.182970 0.099750 0.248782 7.090670 0.149872 0.273092 0.160771 
1.365423 2.344841 0.582707 0.204497 0.171495 0.286668 6.581367 2.709843 0.311284 4.213013 
0.136225 3.538586 0.191256 0.119921 0.149899 0.183023 7.345332 0.158176 0.491159 0.248279 
0.384550 2.329362 3.884268 0.091674 0.227230 0.086706 7.238349 0.100110 0.131264 0.116182 
0.143856 0.961714 5.494022 0.935000 0.505897 1.288046 5.209196 0.210354 0.271540 0.869854 
0.407203 2.447347 0.433097 4.760303 0.156102 0.268310 6.922140 0.426457 0.292718 4.194447 
0.144311 0.198172 3.377033 5.631924 0.109872 0.214677 6.592872 0.096374 0.128161 0.152063 
1.545646 0.387185 1.469664 0.131575 4.534516 0.143360 7.104616 0.146656 0.153600 0.136103 
1.329104 0.162175 1.131898 0.182748 0.219446 5.262611 7.180589 6.691340 0.507173 0.189692 
0.343284 1.711379 0.449016 3.073495 0.173157 8.226214 6.951665 0.474276 0.329011 0.205924 
0.246809 1.652360 0.482288 2.883171 4.963708 5.713537 7.339360 0.119842 0.239627 0.218760 
0.151627 0.183654 0.100700 0.176592 0.100920 9.860630 7.439826 4.030841 0.140870 0.184489 
0.313247 1.717323 0.530343 0.555980 0.172068 1.581361 12.633482 0.431688 0.291163 0.252773 
0.116031 0.190868 3.629512 0.737918 0.205814 0.118389 11.379118 0.438099 0.166492 0.259167 
0.177886 1.576523 0.180748 3.576169 0.506833 0.673787 11.822555 0.301337 0.365362 0.299384 
0.172214 0.253662 0.106853 0.267582 0.118610 0.164235 13.935841 0.985597 2.043205 1.440899 
1.538501 0.613057 3.039937 0.887984 0.103211 0.444652 0.439073 7.366781 0.279860 0.176527 
0.381525 2.096019 3.003673 0.102691 4.212464 0.177314 0.103750 9.276080 0.294884 0.235030 
1.186369 0.127821 1.019557 5.244881 0.121520 0.120203 0.463962 8.589960 0.319503 0.208124 
0.197233 2.367643 0.359576 4.293471 0.290161 0.131773 0.131199 8.856709 6.240697 0.262157 
0.208747 1.922460 0.892391 0.286834 6.717205 0.941560 0.412649 9.297711 0.344383 0.146962 
0.211320 0.117972 0.202646 0.648949 8.316179 0.201762 0.114153 9.142557 0.838980 0.321683 
1.314279 0.534414 1.979498 0.188928 0.228690 5.693028 0.347249 9.205113 0.508243 0.190762 
0.217880 2.354399 1.563265 0.798157 0.406693 6.665965 0.340509 8.774935 0.501053 3.466776 
0.093702 0.462521 4.062678 0.122088 0.619376 5.294326 0.093453 9.063779 1.026217 4.367463 
0.133597 0.233877 0.194130 0.186199 6.847514 5.642815 0.137567 9.402228 0.326997 0.195812 
0.111143 0.904934 0.922808 0.275287 0.129164 9.720548 0.344376 8.850720 0.176004 0.245173 
1.578650 0.192230 1.327015 0.229654 0.217771 1.961207 7.203004 6.713755 0.529588 0.212864 
0.181669 2.433955 0.155852 0.169854 0.299175 0.391968 10.721800 5.299958 0.342889 0.287559 
0.528258 0.147278 4.406465 0.218658 0.872340 2.031219 7.192587 6.703338 0.519172 0.203214 
0.142676 0.137321 0.258485 0.135047 6.356050 0.138958 9.113316 7.044146 0.148760 2.541585 
0.117903 0.265965 1.195131 0.101342 1.292352 6.757953 8.579479 8.443530 0.239657 0.224562 
0.939867 0.206821 0.199154 0.124056 0.358467 0.463046 0.210019 14.594907 0.261698 0.264281 
0.109101 0.170670 2.534296 0.126742 0.126654 0.109324 0.312184 14.738314 0.122235 0.275589 
0.092108 0.086375 0.084272 0.444649 0.105835 0.122340 5.980009 14.575045 0.244151 0.247759 
1.341521 2.041769 0.593185 2.087103 0.192113 0.175784 3.153838 1.255074 9.312485 0.270864 
0.526571 3.710130 1.546992 0.134189 0.331304 0.134631 0.129423 0.162007 5.882136 0.261419 
1.292953 0.126049 2.301276 0.110370 0.737272 0.539924 0.094713 0.116039 12.810208 0.131521 
0.164754 0.494599 5.442214 0.223313 0.168714 1.737542 0.335476 0.179229 8.045489 0.149345 
1.262716 0.193977 0.224617 4.069109 0.695377 0.098002 0.829432 0.113181 11.470935 0.112612 
0.122337 1.811518 0.360563 4.385297 2.035913 0.143695 0.372878 3.060980 12.190002 0.217973 
0.143225 0.354374 3.521567 5.681202 0.199069 0.179756 0.128078 0.157300 8.067630 0.139620 
0.244150 0.113751 0.230106 6.578026 0.475422 0.111056 0.881392 0.127043 10.508792 0.178238 
0.183856 1.710276 1.764507 1.637795 5.821723 0.111966 0.168547 0.141385 11.320851 1.715883 
0.098062 0.267160 3.490215 1.525020 6.252171 0.244141 0.130035 0.107092 9.404665 0.164118 
0.114278 0.108516 1.348781 0.616805 8.341032 0.187211 0.118023 0.095108 9.424280 0.152147 
0.111025 0.152251 0.373043 3.860139 0.186425 6.113977 0.303292 0.603506 9.778800 9.828891 
0.128538 0.720497 0.142248 0.134707 7.277261 6.713316 0.199688 0.489548 7.430703 0.207428 
1.265377 0.109714 0.308556 1.376643 0.205783 0.131356 5.604749 4.459394 11.406805 0.180028 
0.178873 0.134589 3.665822 1.401845 0.211105 0.135735 5.517599 4.331948 11.410633 0.183857 
0.437379 0.210166 0.118107 4.952463 0.208587 0.507235 5.287619 0.256571 12.467806 0.157480 
0.122041 0.289472 1.112365 0.114564 6.106243 0.561275 8.277812 0.514266 9.378486 0.252803 
0.111783 3.075850 0.764392 0.123091 0.221560 1.048653 0.292688 6.657346 9.302980 0.171199 
0.230181 0.188920 3.372626 1.315931 0.229467 0.160698 5.071257 6.514528 11.439507 0.212692 
0.473888 0.175868 0.388355 5.296448 0.112862 0.113915 1.016087 7.332653 10.566185 0.179210 
0.105103 0.120128 0.289528 0.180223 7.477868 0.186898 0.125946 6.979789 9.437720 0.230079 
0.131855 0.124926 0.331867 0.478426 0.360008 8.120675 0.189864 7.711121 10.418181 0.243119 
0.118989 0.128513 0.118180 0.203354 0.121132 0.124692 3.788609 0.166702 17.478027 0.715012 
0.130404 0.136067 0.132448 0.174635 1.824459 0.154562 0.132388 0.135220 17.868949 0.207284 
1.731309 0.512007 0.391017 0.129148 0.207672 0.209526 0.282670 0.148770 0.148515 11.816981 
0.565778 3.470159 0.768813 0.122172 0.254198 0.185704 0.335479 1.468037 0.559226 9.623888 
0.970855 1.212863 1.974308 0.125620 0.232498 0.127401 0.123878 0.164627 0.196430 16.087061 
0.182053 1.898541 1.978337 0.283423 0.122002 0.142803 0.275489 0.124178 0.125563 16.800585 
0.361183 0.146353 5.545561 0.140206 0.276763 0.970645 0.362260 0.176474 2.319719 7.965563 
1.041661 0.153824 0.206944 3.164237 0.588647 0.179817 0.117153 5.358062 1.934191 14.547146 
0.369977 2.113272 0.278442 5.183011 0.217124 0.373636 0.256042 0.136808 0.236125 11.500114 
0.113193 0.274198 1.137767 6.685490 2.430604 0.107458 0.695222 0.239537 1.593819 9.587715 
1.449382 0.430473 0.330626 0.160187 4.201820 0.191286 0.262298 0.132103 0.131774 12.334924 
0.100365 0.180371 3.202408 0.665609 6.435675 0.536476 0.366135 0.337026 0.254926 11.422864 
0.105857 0.107962 0.177283 2.680652 7.585907 0.386320 2.019833 0.122879 0.130226 11.373844 
0.112196 0.251743 0.121310 0.140456 8.514042 0.266242 0.107405 0.272534 0.478607 10.899405 
0.085477 0.129397 3.309786 0.101270 0.163013 7.863816 0.085034 0.194745 0.246608 10.830801 
0.130346 0.340794 2.562480 0.410605 1.038893 0.301800 9.386750 0.385154 0.247805 12.523372 
0.084363 0.084605 0.303669 3.037955 0.903281 0.089531 8.507776 0.599786 0.141409 14.121190 
0.298674 0.247696 0.102059 1.284882 1.215847 0.104674 12.192678 0.380745 0.860095 9.120337 
1.127366 0.142529 0.201768 0.179109 0.505773 0.155638 0.101970 5.973076 0.548641 15.584025 
0.162778 2.331571 0.146766 0.625518 0.159854 0.220271 1.669648 6.629624 0.273906 14.337907 
0.115313 0.313418 3.390840 1.282532 0.169067 0.230080 0.993776 6.625876 1.044671 14.336397 
0.110612 0.526603 0.217662 0.107378 3.757433 0.262258 0.702587 11.759278 0.240448 11.456661 
0.113724 0.132202 1.015428 0.457253 0.128987 6.313282 0.266776 5.752347 0.217009 15.398443 
0.094379 0.094918 0.102808 0.132296 0.227524 0.100282 7.527322 10.158308 0.231087 11.447300 
0.113895 0.097865 0.334472 1.619497 0.633934 0.095821 0.231965 13.794279 0.322337 9.586324 
1.211924 0.560002 0.253166 0.603162 0.148325 0.185740 1.680003 0.180676 9.493167 12.605610 
0.231220 1.861097 0.721132 1.184602 0.328978 0.149729 0.340594 0.151035 7.835013 15.511393 
0.167056 0.530303 3.919276 1.502832 0.222361 0.763080 0.299874 0.320418 10.181876 9.830516 
0.352851 0.095519 0.272849 0.408132 4.968540 0.097164 0.338974 0.162460 8.375913 14.678180 
0.103483 0.103639 0.178550 0.841930 0.252182 6.582380 1.283644 0.505147 7.898394 14.306658 
0.085495 0.085627 0.206505 1.715257 0.542546 2.752918 6.861458 0.500120 8.131837 13.823530 
0.103528 0.197425 1.389099 0.562510 0.204823 0.245156 0.103582 8.233234 7.853765 14.335265 
0.157618 0.728294 0.193902 0.272365 0.468487 0.164657 0.161757 0.752268 15.019681 10.927937 
0.208814 2.289805 0.391943 0.292684 0.131263 0.152064 0.284751 0.133439 0.134824 16.809847 
0.535599 3.774626 0.659686 2.369384 0.336547 0.334889 0.131549 0.163231 0.246530 4.234122 
1.453156 0.096624 0.516630 5.478346 2.811092 0.091114 0.496359 0.120265 0.289969 0.159087 
0.171736 1.099622 0.436946 7.589433 0.105817 0.243120 0.275202 3.713652 1.234078 0.280865 
1.024646 1.407332 0.429011 0.319469 6.161186 0.296364 0.427724 6.639637 6.204842 4.165849 
0.133962 0.314934 4.363529 1.803827 6.806589 0.279903 0.145092 0.141071 0.320347 0.175315 
0.104942 0.597718 0.279965 5.734635 6.793130 0.685069 0.156462 0.101299 3.590531 0.285026 
1.594335 0.186524 0.267846 0.134302 0.209456 7.847833 0.349468 2.044355 0.252799 0.255920 
0.105939 0.531444 4.713831 0.136046 0.713746 6.667546 0.102820 3.527136 1.043099 4.376590 
0.408750 0.576652 0.107059 0.110288 0.141275 11.496261 0.232845 4.039510 0.149539 0.193158 
1.583731 0.537207 1.434912 0.152100 0.151035 0.192778 6.513772 5.328178 6.141361 0.292478 
0.236251 2.681757 0.275549 0.514320 0.177401 2.454400 10.364836 0.197194 0.333608 0.114109 
0.122791 0.290004 1.188019 0.554633 6.799909 0.100435 9.052553 4.849830 1.981357 1.384290 
0.123615 0.297602 1.324465 0.103482 1.437328 7.558409 9.598387 4.829328 0.240334 0.225239 
0.117382 0.604575 0.112963 1.309391 1.382164 0.320807 13.695701 0.238988 1.233738 0.237123 
0.462523 0.599239 0.140187 6.056875 0.299832 0.141458 0.281743 8.866394 6.250382 0.271842 
0.410172 0.104446 0.145866 1.386000 7.896574 1.168855 0.103994 9.278372 0.393212 0.623301 
0.899832 0.534316 1.499283 0.118396 3.141603 2.153015 8.620132 8.441807 0.239892 0.222847 
0.197248 0.804332 0.767818 1.568055 0.137535 0.135456 0.248614 15.413680 0.488289 1.972559 
1.419009 0.777493 0.277176 1.712529 2.112133 0.206807 0.392136 0.198396 12.043286 2.493234 
0.445732 3.064386 1.846772 2.151699 0.453341 0.630649 0.099014 0.109582 9.370307 0.164834 
0.163964 0.483470 4.414062 0.618780 1.726897 0.426879 2.903075 0.370481 0.235699 12.876000 
0.397699 0.257777 1.117853 0.641719 6.506633 0.157974 0.438505 0.195712 0.919149 14.687636 
0.176112 0.496042 2.326741 0.864173 0.986744 1.038273 5.842832 0.544202 4.720055 15.636719 
