1.876468 0.004831 0.004608 0.004543 0.005213 0.004658 0.004580 0.006473 
0.721053 0.708505 0.005357 0.010970 0.010869 0.006170 0.010512 0.007356 
0.374557 1.460244 0.012114 0.010821 0.014791 0.011481 0.014781 0.011152 
0.005263 3.479464 0.005853 0.009957 0.004967 0.009084 0.008631 0.008522 
0.702731 0.005878 1.076535 0.011782 0.008879 0.009010 0.008561 0.009703 
0.247739 0.496387 0.747701 0.010555 0.011973 0.029965 0.016236 0.008967 
0.007038 1.415575 1.092225 0.005283 0.013091 0.005043 0.006023 0.016036 
0.361995 0.005177 2.207461 0.005044 0.009209 0.013327 0.006046 0.007224 
0.005277 0.657865 2.009875 0.010841 0.010095 0.017629 0.009560 0.004701 
0.004278 0.004388 5.622861 0.004324 0.008457 0.005131 0.005288 0.005316 
0.736648 0.004626 0.008117 1.548865 0.004271 0.004490 0.004928 0.004535 
0.262308 0.522729 0.014496 1.113316 0.005379 0.005614 0.005712 0.049380 
0.006569 1.323543 0.007423 1.423493 0.010062 0.017958 0.005451 0.005288 
0.255320 0.007744 0.806287 1.127422 0.010083 0.010527 0.007794 0.009212 
0.006473 0.490797 0.749074 1.056156 0.016803 0.019687 0.006117 0.008243 
0.004843 0.009434 2.131651 1.480711 0.004825 0.005623 0.014317 0.012428 
0.339882 0.010307 0.006829 2.896559 0.006793 0.005894 0.025442 0.008106 
0.009690 0.670059 0.006705 2.872925 0.010795 0.005282 0.006103 0.005347 
0.005760 0.007172 1.026525 2.845001 0.008165 0.004740 0.010321 0.006492 
0.003278 0.003278 0.003320 7.516741 0.006814 0.003463 0.007701 0.005566 
0.682948 0.011994 0.015391 0.008947 1.704322 0.010107 0.006381 0.008518 
0.256886 0.495108 0.011735 0.006688 1.308706 0.015093 0.004383 0.005837 
0.007910 1.345094 0.012237 0.007633 1.756444 0.008841 0.005115 0.007252 
0.237538 0.010831 0.752036 0.033342 1.282920 0.020824 0.014536 0.018660 
0.005272 0.526867 0.798569 0.008823 1.357032 0.004564 0.004295 0.005749 
0.008057 0.009970 2.008644 0.007899 1.727105 0.015084 0.005437 0.022792 
0.246824 0.009330 0.010561 1.040337 1.266173 0.012714 0.005668 0.005572 
0.007732 0.498596 0.008816 1.070054 1.316824 0.007554 0.005405 0.005562 
0.005235 0.005752 0.732585 1.025479 1.242148 0.021289 0.014000 0.006867 
0.005047 0.005968 0.007031 2.774406 1.690789 0.010400 0.013506 0.004856 
0.336932 0.010055 0.012129 0.007109 3.427423 0.012075 0.006107 0.008784 
0.006841 0.650668 0.014109 0.014377 3.395902 0.015290 0.005383 0.007735 
0.006976 0.010343 1.009811 0.013584 3.445423 0.013831 0.009385 0.008742 
0.006003 0.006607 0.005441 1.500607 3.661108 0.009876 0.006010 0.006905 
0.003847 0.003584 0.003857 0.003586 9.620210 0.003928 0.003872 0.004568 
0.749688 0.005707 0.005383 0.006691 0.006592 2.303362 0.006316 0.009124 
0.251307 0.499598 0.014983 0.008196 0.006460 1.612102 0.011314 0.010746 
0.004956 1.454951 0.005159 0.007225 0.006466 2.325680 0.005837 0.007053 
0.255908 0.011744 0.781693 0.011189 0.007084 1.623099 0.008885 0.019398 
0.006866 0.508119 0.801766 0.010155 0.005997 1.672038 0.005691 0.006976 
0.009211 0.011986 1.998182 0.007033 0.009687 2.084362 0.006161 0.007776 
0.256114 0.008767 0.017836 1.081524 0.010954 1.595068 0.010340 0.012552 
0.008418 0.486059 0.005860 1.039846 0.011205 1.542786 0.016856 0.006201 
0.004946 0.008126 0.746638 1.043438 0.009801 1.543023 0.015739 0.007292 
0.004594 0.004219 0.004764 3.041967 0.005816 2.251779 0.004727 0.004321 
0.258724 0.006332 0.009591 0.007279 1.291319 1.585563 0.005454 0.010098 
0.006807 0.478650 0.008135 0.007197 1.264714 1.542493 0.014170 0.010821 
0.005788 0.008818 0.752263 0.004035 1.275185 1.552963 0.010837 0.004302 
0.004904 0.006250 0.008007 1.074874 1.307751 1.585195 0.005215 0.006829 
0.005051 0.005383 0.004748 0.004759 3.702129 2.268306 0.013903 0.006936 
0.370923 0.006119 0.006055 0.007807 0.006494 4.584372 0.011904 0.007961 
0.005564 0.740809 0.005324 0.005338 0.006541 4.730189 0.005428 0.023565 
0.005088 0.005614 1.136726 0.005091 0.006278 4.704891 0.005236 0.023372 
0.004285 0.005044 0.004316 1.555599 0.005065 4.564838 0.004934 0.009600 
0.005222 0.005231 0.005222 0.007374 1.919931 4.708866 0.005527 0.006093 
0.003331 0.003370 0.003412 0.003296 0.003296 11.703175 0.003854 0.003573 
0.715766 0.006862 0.005908 0.007041 0.006129 0.014420 2.636783 0.006830 
0.244382 0.481947 0.007224 0.016202 0.010705 0.025664 1.810461 0.006761 
0.006121 1.407705 0.005956 0.005358 0.007004 0.014250 2.656065 0.011556 
0.244510 0.007554 0.760632 0.011549 0.011659 0.016701 1.888558 0.007714 
0.005959 0.505218 0.767846 0.007247 0.007834 0.018816 1.878810 0.007954 
0.004894 0.005518 2.151395 0.006001 0.006598 0.013851 2.637134 0.006465 
0.244007 0.005760 0.003962 1.034154 0.012196 0.018779 1.808725 0.009248 
0.004838 0.494037 0.007140 1.081445 0.010118 0.007951 1.844247 0.004798 
0.004009 0.003644 0.751771 1.033857 0.011899 0.018482 1.808428 0.008951 
0.004395 0.006086 0.005572 2.891892 0.007542 0.009671 2.537126 0.005927 
0.243857 0.006694 0.011209 0.007709 1.245206 0.020839 1.787763 0.007601 
0.005989 0.473979 0.010987 0.008692 1.244796 0.020856 1.787679 0.007476 
0.008325 0.009621 0.736880 0.009880 1.250629 0.021525 1.789303 0.011763 
0.005370 0.006746 0.008606 1.078041 1.311124 0.005131 1.883600 0.014029 
0.004536 0.004692 0.004807 0.004537 3.851793 0.005905 2.746904 0.004635 
0.260465 0.006108 0.006052 0.004983 0.007561 1.603894 1.890436 0.008459 
0.005527 0.507763 0.007294 0.006128 0.006051 1.604126 1.890583 0.008613 
0.006722 0.007653 0.750724 0.011265 0.007159 1.544711 1.833410 0.007820 
0.004567 0.005007 0.005144 1.072434 0.005530 1.590717 1.868150 0.004330 
0.004751 0.004945 0.005015 0.013194 1.316510 1.585935 1.873752 0.005270 
0.004682 0.004684 0.005966 0.005631 0.004707 4.623216 2.713448 0.011430 
0.326977 0.009890 0.013694 0.008517 0.021482 0.011536 4.784254 0.007012 
0.008906 0.642126 0.014565 0.007707 0.025678 0.011450 4.795973 0.007399 
0.005953 0.007184 0.995181 0.015522 0.013933 0.005292 4.801303 0.011316 
0.006603 0.007714 0.009186 1.410374 0.005856 0.009396 4.925351 0.007064 
0.005876 0.006877 0.011052 0.019910 1.653419 0.008625 4.713657 0.009517 
0.015441 0.026518 0.033410 0.030451 0.047570 1.478426 3.440534 0.005034 
0.003708 0.003731 0.003927 0.003687 0.003684 0.003684 13.759341 0.003798 
1.209082 0.005482 0.005094 0.005123 0.008675 0.005004 0.005602 5.119965 
0.380833 0.739437 0.006655 0.009372 0.010544 0.011226 0.006648 3.235472 
0.007433 2.426330 0.006395 0.006360 0.008347 0.006513 0.006376 5.263152 
0.365095 0.012013 1.100122 0.009598 0.007160 0.007179 0.008490 3.191825 
0.005829 0.742365 1.140178 0.009155 0.007420 0.005547 0.005605 3.192680 
0.009932 0.015463 2.904852 0.013990 0.005723 0.012645 0.014024 4.110607 
0.382925 0.005846 0.005750 1.592855 0.005949 0.008614 0.005768 3.187166 
0.006644 0.726506 0.005939 1.593119 0.006136 0.008803 0.005924 3.193403 
0.004787 0.004896 1.129316 1.547803 0.006619 0.005090 0.004834 3.236499 
0.005050 0.006127 0.005555 4.565065 0.009011 0.015515 0.005318 4.606287 
0.365304 0.007816 0.007036 0.008056 1.931424 0.014452 0.007259 3.190632 
0.005026 0.736856 0.004749 0.006600 1.941231 0.005629 0.005130 3.227020 
0.005083 0.005093 1.131793 0.006112 1.928068 0.012466 0.005273 3.188336 
0.004433 0.004433 0.004483 1.591475 1.947508 0.007149 0.004544 3.184276 
0.005308 0.006429 0.013594 0.011340 5.586966 0.005194 0.005499 4.604480 
0.382226 0.010915 0.010823 0.012065 0.012926 2.351686 0.012935 3.236438 
0.006598 0.744155 0.005469 0.005802 0.005861 2.375301 0.005595 3.202868 
0.005625 0.005548 1.122024 0.005835 0.006766 2.329230 0.009278 3.190641 
0.005983 0.006103 0.005983 1.594694 0.007570 2.367114 0.006024 3.193155 
0.004612 0.004626 0.004598 0.004774 1.936614 2.343436 0.011348 3.198975 
0.005315 0.004586 0.004249 0.005053 0.004266 6.857210 0.028734 4.610669 
0.375319 0.005129 0.005020 0.005435 0.007244 0.006012 2.777837 3.184847 
0.007029 0.752468 0.007050 0.007128 0.009329 0.007051 2.832459 3.270098 
0.004537 0.004541 1.118524 0.005652 0.005088 0.008596 2.754447 3.188633 
0.005717 0.005590 0.005843 1.590105 0.005656 0.006460 2.730374 3.193192 
0.004856 0.005014 0.004966 0.004858 1.941394 0.008574 2.754794 3.188995 
0.005007 0.005007 0.006916 0.005236 0.005022 2.352567 2.770409 3.188346 
0.004179 0.004197 0.012638 0.005401 0.010541 0.019175 7.733095 4.514600 
0.721190 0.006335 0.037068 0.011663 0.007183 0.006490 0.011300 12.274231 
0.010287 1.203184 0.034132 0.012440 0.008950 0.011019 0.005262 10.427681 
0.009864 0.013615 2.045557 0.005408 0.008565 0.021185 0.006464 11.540438 
0.005742 0.006363 0.006369 3.498763 0.007945 0.016557 0.005812 14.107422 
0.021113 0.040110 0.057018 0.090589 1.035045 0.370477 0.254635 3.208898 
0.004582 0.004751 0.004702 0.005551 0.008382 5.587925 0.009723 15.167927 
0.005286 0.009215 0.004987 0.006506 0.006259 0.004988 4.358295 10.056437 
0.003431 0.003432 0.003432 0.003431 0.003431 0.003431 0.003436 15.980805 
0.312284 0.086424 0.092639 0.151249 0.172539 0.228737 0.266272 0.279973 
0.161474 0.302349 0.089860 0.147521 0.172553 0.219950 0.282973 0.281961 
0.037539 0.665919 0.102407 0.152452 0.169400 0.249337 0.282178 0.267180 
0.156855 0.064181 0.495695 0.136339 0.168850 0.227389 0.231765 0.275982 
0.029667 0.367906 0.505950 0.157430 0.179581 0.241487 0.235427 0.295292 
0.043078 0.077662 1.070442 0.162184 0.204913 0.242087 0.280641 0.304115 
0.161953 0.056057 0.097976 0.688530 0.227665 0.216425 0.263952 0.322516 
0.033275 0.341657 0.103402 0.721894 0.160618 0.215478 0.294310 0.323954 
0.031434 0.074208 0.464132 0.767216 0.168917 0.216810 0.274255 0.285821 
0.037667 0.073274 0.096331 1.365713 0.180684 0.219683 0.259390 0.305428 
0.161881 0.051786 0.085290 0.151260 0.871122 0.231507 0.282480 0.285507 
0.028861 0.338690 0.095430 0.118358 0.865033 0.232301 0.260080 0.290129 
0.034534 0.072759 0.505217 0.120408 0.875545 0.215559 0.271401 0.287846 
0.033856 0.058573 0.088081 0.682814 0.895315 0.230527 0.279355 0.285963 
0.037372 0.066887 0.114753 0.156230 1.686664 0.232621 0.286727 0.279567 
0.162329 0.053997 0.102500 0.158204 0.166975 0.998794 0.264034 0.286543 
0.027265 0.320250 0.102352 0.157028 0.164490 1.033060 0.263716 0.286225 
0.031820 0.067205 0.499058 0.150656 0.145850 1.041985 0.260224 0.286830 
0.038824 0.066095 0.100636 0.709647 0.158935 1.045081 0.266670 0.290917 
0.025117 0.051643 0.137977 0.067495 1.046409 1.208569 0.267898 0.289117 
0.039862 0.066247 0.103880 0.174239 0.189920 2.092513 0.283819 0.310196 
0.169293 0.052999 0.096148 0.115154 0.146638 0.263679 1.306660 0.285043 
0.032697 0.316292 0.115606 0.116434 0.154580 0.235365 1.224063 0.258030 
0.038181 0.070773 0.503408 0.193614 0.156768 0.212627 1.302686 0.293580 
0.036734 0.073214 0.100671 0.723208 0.165422 0.248348 1.231194 0.265778 
0.037076 0.066151 0.109591 0.161109 0.793068 0.192481 1.192856 0.281699 
0.035196 0.064484 0.108866 0.147785 0.170588 1.038279 1.224186 0.284928 
0.033255 0.060987 0.109053 0.169377 0.182210 0.260668 2.507713 0.330915 
0.228212 0.085010 0.148008 0.212460 0.228055 0.253414 0.269642 1.892754 
0.048046 0.430078 0.147812 0.223097 0.197471 0.336480 0.309913 1.848544 
0.050069 0.088598 0.709403 0.158361 0.225586 0.224941 0.327407 1.913030 
0.044931 0.084299 0.135058 0.897969 0.213217 0.320054 0.288566 1.804123 
0.046994 0.086178 0.142485 0.201172 1.074728 0.260875 0.280619 1.785509 
0.048421 0.098874 0.146193 0.122964 0.220966 1.368522 0.292982 1.807469 
0.039349 0.071887 0.108658 0.162072 0.229033 0.387051 1.786462 2.111407 
0.040759 0.088997 0.125929 0.195421 0.222202 0.315917 0.254785 3.208271 
