2.053462 0.053936 0.053555 0.054998 0.059972 
2.015658 0.835305 0.054633 0.056320 0.059267 
1.844764 1.841872 0.055381 0.055797 0.060413 
1.466765 2.887831 0.055198 0.057810 0.055217 
0.948087 3.633826 0.055551 0.056772 0.056869 
0.445003 3.981686 0.058857 0.061597 0.061965 
0.053854 4.052966 0.055077 0.057182 0.055314 
2.016178 0.056846 1.230264 0.059171 0.059972 
1.943974 0.994626 1.453037 0.057666 0.056959 
1.659647 2.191892 1.657920 0.059718 0.057969 
1.125013 3.261759 1.667274 0.061220 0.056687 
0.515206 3.833512 1.468184 0.056548 0.056618 
0.057541 3.978580 1.231290 0.056596 0.057731 
1.843488 0.055613 2.737267 0.058813 0.056490 
1.660659 1.116205 3.254615 0.056651 0.058096 
1.209473 2.363513 3.524228 0.057560 0.059199 
0.587465 3.267541 3.251227 0.056188 0.056315 
0.055894 3.631965 2.740812 0.057355 0.060261 
1.466731 0.055831 4.299314 0.053924 0.054829 
1.118810 1.117088 4.873878 0.053825 0.058440 
0.588009 2.191079 4.868850 0.057697 0.054972 
0.054144 2.876486 4.305515 0.056614 0.055551 
0.944163 0.054396 5.426503 0.054774 0.053953 
0.524866 0.992900 5.713481 0.057416 0.061938 
0.053764 1.843476 5.418448 0.057954 0.060424 
0.443400 0.056291 5.938120 0.056952 0.059997 
0.053510 0.833594 5.938250 0.056093 0.055172 
0.052862 0.053804 6.052695 0.054232 0.059214 
2.013115 0.053501 0.053505 1.636630 0.055412 
1.940365 0.996442 0.055655 1.943938 0.059835 
1.658079 2.191857 0.055076 2.178454 0.054716 
1.118894 3.270463 0.056508 2.182343 0.054953 
0.525073 3.830305 0.057104 1.931783 0.056834 
0.054459 3.977816 0.055652 1.603342 0.055936 
1.937680 0.053323 1.471454 1.944357 0.053005 
1.787985 1.203068 1.784791 2.369294 0.055825 
1.319833 2.593511 1.949080 2.577461 0.058185 
0.627084 3.528073 1.777034 2.347347 0.055306 
0.055585 3.825129 1.478253 1.938616 0.059889 
1.657371 0.053231 3.260832 2.182676 0.053804 
1.319246 1.319842 3.861499 2.587620 0.057618 
0.686306 2.590471 3.866319 2.576448 0.060274 
0.053959 3.261822 3.261110 2.186623 0.054460 
1.121211 0.055110 4.870487 2.193101 0.058247 
0.628576 1.201817 5.257864 2.358302 0.054947 
0.052769 2.188364 4.868662 2.175605 0.058730 
0.523054 0.057618 5.718085 1.940527 0.062348 
0.056398 0.988070 5.717922 1.932759 0.060407 
0.054500 0.053934 5.940212 1.604110 0.060443 
1.842689 0.055690 0.055646 3.627165 0.056825 
1.657767 1.124723 0.056699 4.325189 0.053790 
1.206932 2.372988 0.060312 4.684350 0.059382 
0.588528 3.265208 0.057514 4.335290 0.059033 
0.056026 3.634514 0.059018 3.629650 0.058176 
1.657011 0.053191 1.653595 4.323498 0.052947 
1.318702 1.323233 1.959368 5.114925 0.058027 
0.685438 2.587672 1.953311 5.150663 0.062269 
0.055774 3.260151 1.664559 4.324251 0.057891 
1.209402 0.056586 3.518464 4.679104 0.056196 
0.684047 1.317017 3.856079 5.105401 0.054422 
0.053710 2.366276 3.510763 4.674952 0.056533 
0.586543 0.054409 4.867757 4.328288 0.054175 
0.054533 1.118402 4.866966 4.328170 0.053936 
0.054649 0.057723 5.421835 3.630279 0.060347 
1.466797 0.055064 0.054617 5.709796 0.055829 
1.124684 1.125396 0.055153 6.463613 0.055500 
0.586264 2.190069 0.055494 6.473469 0.053974 
0.054863 2.884109 0.056665 5.709645 0.058149 
1.120333 0.055234 1.656039 6.478232 0.057741 
0.631360 1.209427 1.789321 6.982210 0.058201 
0.053047 2.198066 1.659545 6.455954 0.055811 
0.587698 0.055185 3.269859 6.464238 0.055556 
0.054860 1.119254 3.255335 6.477983 0.057087 
0.053418 0.053172 4.300819 5.703308 0.054475 
0.946156 0.056737 0.054336 7.211488 0.055764 
0.523647 0.988330 0.055339 7.605425 0.067785 
0.052734 1.834222 0.052597 7.214719 0.054530 
0.524742 0.053931 1.463188 7.597549 0.055266 
0.054347 0.996472 1.463638 7.597999 0.055898 
0.054146 0.054029 2.745458 7.204003 0.056735 
0.444038 0.054779 0.054765 7.901486 0.054620 
0.053920 0.829255 0.054889 7.902114 0.054343 
0.053159 0.053520 1.233886 7.896569 0.055049 
0.054090 0.055677 0.052823 8.052806 0.053235 
2.013929 0.054587 0.053726 0.057927 2.019738 
1.939817 0.994567 0.052479 0.055345 2.374273 
1.660485 2.188861 0.058581 0.057011 2.739869 
1.126867 3.268621 0.060852 0.062633 2.758110 
0.519683 3.829740 0.055263 0.057861 2.408688 
0.053413 3.974317 0.054906 0.055497 2.016602 
1.940048 0.054697 1.470231 0.055324 2.413972 
1.787835 1.206622 1.785524 0.057336 2.936692 
1.317947 2.582794 1.960693 0.060593 3.216465 
0.627877 3.546226 1.722802 0.069258 2.931367 
0.054233 3.825948 1.468594 0.056680 2.403777 
1.657243 0.055133 3.257636 0.059049 2.739515 
1.322417 1.326737 3.865308 0.068345 3.246546 
0.685539 2.576332 3.855166 0.058168 3.236843 
0.053349 3.259933 3.256897 0.056723 2.733269 
1.122641 0.055528 4.866789 0.055090 2.728385 
0.628492 1.203516 5.253319 0.058220 2.955966 
0.055514 2.191825 4.864247 0.057047 2.731241 
0.521819 0.053776 5.711073 0.054080 2.421919 
0.054669 0.995684 5.710677 0.058080 2.413570 
0.053828 0.051896 5.935166 0.056059 2.014781 
1.939249 0.055408 0.054247 1.942334 2.400334 
1.790276 1.212096 0.058622 2.356407 2.961016 
1.320775 2.585637 0.057445 2.594174 3.224308 
0.628955 3.524314 0.056905 2.369363 2.932100 
0.054148 3.823091 0.053721 1.937862 2.426347 
1.783446 0.053867 1.779254 2.364864 2.958797 
1.469356 1.465691 2.181367 2.878269 3.600051 
0.762882 2.881285 2.173312 2.880245 3.599187 
0.054673 3.516112 1.776660 2.371667 2.960147 
1.317672 0.056968 3.858324 2.584925 3.217844 
0.761939 1.485398 4.296599 2.882535 3.575975 
0.053981 2.574521 3.856753 2.591085 3.221832 
0.624738 0.056612 5.259019 2.369822 2.932982 
0.058462 1.215257 5.257741 2.350820 2.940580 
0.053005 0.052671 5.711695 1.923284 2.413888 
1.658079 0.054831 0.057506 4.321308 2.736623 
1.317759 1.330178 0.058075 5.112340 3.245424 
0.683442 2.599492 0.061946 5.122704 3.228316 
0.054011 3.261849 0.056428 4.318632 2.735545 
1.317535 0.054536 1.952149 5.113817 3.235953 
0.760472 1.469764 2.187172 5.718635 3.592246 
0.055310 2.580231 1.950819 5.113239 3.235374 
0.683749 0.053534 3.851905 5.100372 3.238367 
0.055925 1.318134 3.857098 5.106418 3.221635 
0.054391 0.053582 4.866514 4.318404 2.743298 
1.123048 0.058093 0.059162 6.474928 2.725656 
0.632424 1.217225 0.056291 6.983491 2.920774 
0.055265 2.188873 0.055485 6.471090 2.743337 
0.628049 0.054467 1.782374 6.984927 2.952099 
0.054437 1.202217 1.782406 6.984959 2.952132 
0.058858 0.054720 3.271989 6.454150 2.737960 
0.525879 0.054278 0.054023 7.594186 2.417629 
0.053834 1.002065 0.055331 7.592428 2.415600 
0.053017 0.053135 1.473430 7.592857 2.412830 
0.053489 0.053997 0.054323 7.897094 2.020622 
1.840504 0.054173 0.052686 0.054827 4.533876 
1.654348 1.127554 0.054656 0.054313 5.418355 
1.208068 2.361341 0.054788 0.055983 5.834904 
0.584807 3.260854 0.056561 0.056185 5.414630 
0.055804 3.631885 0.057461 0.060352 4.533708 
1.654375 0.054105 1.648673 0.053715 5.423943 
1.319852 1.305003 1.941895 0.056510 6.402029 
0.689555 2.589273 1.956792 0.054116 6.351170 
0.054887 3.260668 1.658332 0.057210 5.405095 
1.207466 0.055961 3.520280 0.057322 5.831909 
0.682716 1.317981 3.860966 0.056663 6.382843 
0.054399 2.360279 3.520073 0.056455 5.829093 
0.585757 0.054586 4.863079 0.056213 5.410282 
0.053697 1.118024 4.866889 0.053242 5.395167 
0.054009 0.052268 5.420944 0.054818 4.517235 
1.653602 0.055265 0.053691 2.189504 5.423990 
1.321251 1.304654 0.054037 2.581254 6.384428 
0.679439 2.581099 0.053854 2.575462 6.404916 
0.055688 3.257939 0.059567 2.186820 5.411956 
1.317720 0.055257 1.953464 2.581244 6.390736 
0.761939 1.457968 2.179102 2.871344 7.148119 
0.054395 2.582212 1.954491 2.568278 6.389939 
0.684531 0.056984 3.850949 2.576052 6.397964 
0.056449 1.310253 3.851140 2.577975 6.397523 
0.053696 0.056323 4.864753 2.192631 5.395859 
1.209268 0.058311 0.057126 4.671302 5.836497 
0.686961 1.316429 0.055500 5.117716 6.379848 
0.055234 2.362828 0.056954 4.670967 5.836162 
0.686662 0.055635 1.965641 5.109216 6.377682 
0.054821 1.312649 1.957507 5.088741 6.414138 
0.054287 0.054586 3.519852 4.663300 5.837157 
0.589441 0.059049 0.057379 6.469801 5.407321 
0.056618 1.124196 0.057413 6.477113 5.391955 
0.053284 0.053199 1.653127 6.470603 5.395545 
0.053401 0.056347 0.053988 7.201505 4.542522 
1.465879 0.054852 0.055484 0.055403 7.137958 
1.120266 1.119622 0.053649 0.054110 8.080556 
0.587532 2.196909 0.060494 0.057409 8.074625 
0.055415 2.878250 0.058152 0.055192 7.139123 
1.119412 0.056591 1.673585 0.055424 8.079163 
0.628233 1.204277 1.781077 0.054607 8.727118 
0.056556 2.182853 1.652982 0.057425 8.096361 
0.587010 0.056570 3.261827 0.056272 8.080011 
0.056028 1.115222 3.263785 0.058332 8.081263 
0.055295 0.053900 4.291757 0.055096 7.132926 
1.122487 0.053977 0.055383 2.190304 8.072592 
0.625125 1.203211 0.059578 2.354994 8.749861 
0.054413 2.192065 0.057944 2.191007 8.073294 
0.629016 0.055742 1.779145 2.360180 8.727824 
0.057262 1.208540 1.786034 2.368455 8.714816 
0.055997 0.057883 3.256620 2.189819 8.082781 
0.586800 0.054497 0.056520 4.322870 8.082069 
0.053456 1.117513 0.055403 4.313756 8.088559 
0.053363 0.053852 1.652656 4.335160 8.068482 
0.053559 0.052931 0.055564 5.703270 7.131513 
0.948941 0.053643 0.056328 0.054936 8.993727 
0.523287 0.987981 0.053862 0.054672 9.487412 
0.054024 1.844367 0.055885 0.054493 8.993284 
0.522576 0.057542 1.464566 0.057884 9.496417 
0.054094 0.985286 1.459248 0.055287 9.492867 
0.055076 0.054786 2.726514 0.056682 9.007654 
0.526885 0.056668 0.057574 1.939214 9.485930 
0.054975 0.996354 0.056330 1.937970 9.484685 
0.054556 0.054161 1.456049 1.929778 9.490445 
0.052843 0.052836 0.052875 3.622853 9.001908 
0.444816 0.052623 0.052656 0.053132 9.858190 
0.052332 0.833945 0.052603 0.052647 9.859227 
0.053111 0.052875 1.227602 0.055500 9.859199 
0.053677 0.053660 0.054541 1.619969 9.859954 
0.053354 0.053544 0.055731 0.053251 10.053219 
