2.094330 0.445566 0.277424 0.124368 0.278526 0.239630 0.262195 0.227405 0.131333 0.117130 
1.740635 2.379506 0.683994 0.132238 0.251523 0.118338 0.148235 0.767283 0.119922 0.244221 
0.553154 3.974372 0.155367 0.133624 0.542143 0.100009 0.714714 0.096900 0.798606 0.101129 
0.209551 4.082237 0.100453 0.101598 0.782383 0.208270 0.532539 0.196293 0.250747 0.121350 
1.785121 0.656918 3.158096 0.115869 0.178270 0.124546 0.108276 0.529468 0.103620 0.639406 
1.136449 2.610351 3.044981 0.429640 0.123678 3.640692 2.028746 0.309125 0.357667 0.137508 
0.224103 1.908384 5.378461 0.598970 0.204206 0.529421 0.084651 0.450334 0.253832 0.109335 
0.094683 0.257502 6.074476 0.161143 0.395779 0.273368 0.604191 0.882855 0.189700 0.103694 
1.776852 0.580431 0.499387 3.898348 1.118408 0.063591 0.266772 0.723908 0.235667 0.090374 
0.191070 3.684431 0.912363 3.324291 1.219929 0.099248 0.147561 0.100202 0.269260 0.125715 
0.781327 0.287372 4.248855 5.047838 0.197215 0.074691 0.277992 0.441625 0.246767 0.101473 
0.148365 2.085275 4.094809 4.628525 0.194527 0.135229 0.736054 0.209128 0.779777 1.014241 
0.109682 0.158132 5.571522 3.338845 0.163151 0.382938 0.553705 0.467917 0.266213 0.123365 
1.192062 0.291509 0.494080 6.784666 0.279855 0.241024 0.263523 0.228734 0.133151 0.116777 
0.123682 1.983910 0.973540 7.089107 0.208551 0.220399 0.138725 0.905125 0.851684 0.128152 
0.095689 0.380190 2.994300 7.048652 0.392952 0.198224 0.604691 0.883178 0.744060 0.103270 
0.102500 0.099401 1.177269 7.960795 0.184654 0.130930 0.114660 0.535853 0.109999 0.642981 
0.160157 3.345558 1.345781 0.908018 5.453005 0.407181 0.483891 0.208415 0.106986 0.101119 
0.293922 1.984691 3.852889 1.224426 5.882418 0.367520 0.253396 0.444301 0.086317 0.326867 
0.150425 0.310342 5.628426 0.734840 3.759829 0.180073 0.244538 0.732223 0.254732 0.119421 
0.115175 2.531422 0.167329 4.579503 5.600105 0.103419 0.492163 0.185914 0.338523 0.642181 
0.092752 0.118785 4.963179 3.663853 3.763539 0.173071 0.439112 0.726852 0.085950 0.110565 
0.760016 0.211870 0.072462 0.103756 9.439149 0.270807 0.416902 0.072509 0.096958 0.433178 
0.331556 1.898309 0.137183 0.506028 9.040503 0.251255 0.175669 0.163288 0.142638 0.194139 
0.167056 0.166995 0.187830 3.791762 8.903603 0.273906 0.179929 2.931872 0.186144 0.925173 
0.115006 0.110609 0.109752 0.398104 10.071206 0.730384 0.674003 0.123756 0.432230 0.128927 
1.909078 1.201090 0.401737 0.378331 0.299482 4.181299 0.517081 1.250876 0.143142 0.124985 
0.157469 3.483386 0.707082 0.104344 0.697468 6.318493 0.256376 0.194324 0.184801 0.416271 
0.989201 0.235653 4.365361 0.313952 1.104398 6.283862 0.481583 0.090095 0.102827 0.084867 
0.109427 2.115247 4.195893 0.121889 0.120124 6.294958 0.711627 0.186956 0.788712 0.974827 
1.460658 0.315944 0.575914 3.888054 1.068612 6.294958 0.233084 0.084447 0.099838 0.391893 
0.328078 0.205885 2.477294 3.857720 0.142321 9.462645 0.143003 0.236803 0.110715 0.643480 
0.074913 0.083832 0.075884 6.866087 1.068672 6.297605 0.235724 0.087086 0.102478 0.393066 
1.257678 0.784041 0.231054 0.201263 6.150599 6.303287 0.709531 0.113082 0.125814 0.287044 
0.378066 2.655636 0.189807 0.139831 4.006115 8.080701 0.305815 0.152691 0.796485 0.454879 
0.140631 0.118745 3.272270 0.457816 5.318455 8.043648 0.696404 0.094226 0.111952 0.271900 
0.120903 0.500535 0.186137 4.258952 3.992579 9.137169 0.113476 0.516368 0.113365 0.641491 
0.091670 0.240183 0.074402 0.073458 8.620619 6.234598 0.696522 0.075385 0.777092 0.079615 
0.378978 2.050956 0.365047 0.837460 0.233489 10.220362 0.144653 2.699279 0.118642 0.131705 
0.104016 0.102241 0.101896 0.218245 4.121319 11.070746 0.500829 0.143252 0.127178 0.771581 
1.986563 0.124359 0.184130 0.113035 0.851713 0.210633 4.823995 0.205997 0.259820 0.132192 
0.983396 2.642188 0.513971 0.546365 1.028251 0.829550 9.000948 0.750830 0.215843 0.129325 
0.199357 3.844426 0.170678 0.099582 0.838261 0.197180 4.810543 0.192544 0.246368 0.117191 
0.092943 1.825156 4.203485 0.165412 0.089095 0.149350 8.211772 0.088010 0.474251 0.446470 
0.120921 0.299937 5.814928 0.737193 1.030145 0.192396 3.805925 0.216808 0.094064 0.407563 
0.543276 0.177419 3.203373 5.026646 0.186256 0.189848 7.739784 0.195472 1.422870 0.122763 
0.087297 0.143898 0.247190 7.739902 0.099413 0.179909 3.772812 0.094708 0.086105 2.240162 
1.490609 0.518382 0.160342 0.112462 4.787961 0.112317 7.637348 0.203671 0.108965 0.364477 
0.147285 2.476434 0.440148 0.716369 4.883722 0.266030 8.937304 0.091048 0.722878 0.137572 
0.133111 0.292274 0.157983 4.862907 4.062904 0.190783 9.885508 0.216036 0.379030 0.123460 
1.168203 0.467461 0.442369 0.220905 0.131025 9.029294 5.474191 0.229353 0.193245 0.621735 
0.411406 2.793412 0.493347 0.359155 0.145399 7.367229 5.767633 0.315862 0.849678 0.643176 
0.173050 0.263467 3.969373 0.339330 0.147859 6.949946 7.313624 0.316904 0.372653 0.657913 
0.120631 0.115818 0.316826 4.069753 0.115343 7.776297 8.343404 0.114683 0.190867 0.198009 
0.105222 0.260345 0.519266 0.084000 0.198998 9.611490 8.480112 0.085886 0.714757 0.394004 
0.642036 0.374512 0.596258 0.591530 0.188274 0.128563 13.396543 0.236756 0.117586 0.308962 
0.276350 1.945016 0.239500 0.538092 0.122643 0.154313 12.450869 1.045429 0.236591 1.107688 
0.126285 0.204591 2.808662 0.412452 1.893678 0.245049 12.291144 0.739948 0.262457 0.127146 
0.076678 0.076276 0.076110 2.543731 0.182130 0.127980 13.390401 0.230614 0.111444 0.302820 
0.098815 0.098700 0.110888 0.757167 2.702175 1.054804 13.514533 0.101609 0.126580 0.644593 
1.735162 0.366158 0.700251 0.773843 0.972113 0.135859 0.227510 8.678024 0.355724 0.640789 
1.064797 2.126197 0.955176 0.126854 1.402444 0.510643 0.217549 11.113886 0.258649 0.112126 
1.013934 0.258115 4.425138 0.340164 1.154315 0.112492 0.359220 8.207517 0.164349 0.419609 
1.280065 0.155381 0.236659 4.935031 2.740507 0.117469 0.260151 7.763626 0.287989 0.801727 
0.176856 2.940445 0.509284 4.712116 0.756897 0.156933 0.101656 6.117860 0.259339 1.121581 
0.130925 0.121127 0.137579 7.264812 0.338351 0.203879 0.888422 7.179935 0.172280 0.112344 
1.528670 0.350133 0.637744 0.701097 4.465132 0.174309 0.250456 8.700970 0.378671 0.663736 
0.417100 2.519785 0.477283 0.127587 6.242704 0.166470 0.327160 7.711838 0.104718 0.356853 
0.107282 0.174938 0.111105 5.261368 6.405529 0.166547 0.331433 6.971115 0.100118 0.100822 
0.822459 0.535312 0.140741 0.122021 0.184147 9.400310 0.629898 8.304325 0.179086 0.157309 
0.201784 2.052983 0.911931 0.108164 0.150172 8.723035 0.104107 7.683012 0.196238 0.614682 
0.090576 0.168928 3.265958 0.102788 0.900711 8.645644 0.094273 7.302774 0.210402 0.314877 
0.106263 0.127892 0.110471 4.096997 0.104829 8.477899 0.372224 8.310847 0.168268 0.192259 
0.092464 0.295630 0.148623 1.701877 0.087809 10.075390 0.356397 8.295024 0.149596 0.176431 
1.281198 0.329940 0.377329 0.642734 0.216443 0.139247 9.432348 6.606772 1.306885 0.092938 
0.377198 2.476520 0.540192 0.112412 0.110149 0.192585 8.748571 8.041894 0.140328 0.232179 
0.090160 0.115476 0.087183 4.665761 0.096662 2.236777 7.804232 9.352825 0.151586 0.630880 
0.111260 0.133354 0.244851 0.792126 7.414858 0.215368 6.576682 8.021940 0.166480 0.140145 
0.100349 0.356166 0.187433 2.173737 0.100325 0.191065 11.840404 7.688369 0.164995 0.184937 
0.134050 0.312662 0.541350 0.128144 3.154867 0.126661 0.178608 15.313172 0.193318 0.448485 
0.098839 0.094331 0.271242 1.383819 1.738221 3.997673 0.088037 14.738349 0.095785 0.112988 
0.153251 0.148890 0.230060 0.563556 1.184903 0.160710 6.410368 14.335480 0.166893 0.153802 
0.142589 0.243517 0.089730 1.618789 0.808752 0.198181 0.120463 15.728114 0.242668 0.095664 
1.221331 2.418579 1.909736 0.140988 0.255856 0.249705 0.238094 0.557733 9.257579 0.108682 
0.233709 3.663295 0.083786 0.674178 0.555806 0.080752 0.455005 0.096114 7.603487 0.386964 
1.239927 0.314299 3.360296 0.861042 0.284371 0.184193 2.272948 0.404429 10.176861 1.651674 
0.128676 2.151551 4.249889 0.114895 0.165007 0.113049 0.631419 0.541230 9.224918 0.993876 
0.628967 0.406538 5.005524 0.321381 0.263187 0.257035 0.245425 0.565064 9.264909 0.116013 
1.236778 0.751296 0.100042 4.890904 0.334611 0.532805 2.417314 0.879738 9.135006 0.425652 
1.192346 0.712721 0.198142 0.118689 4.341870 2.205417 0.119352 0.130315 12.363102 0.740488 
0.401981 2.272507 0.767209 0.135572 4.358753 2.222300 0.136235 0.147198 12.379985 0.757372 
0.268488 1.715095 3.313508 1.064619 5.049954 0.146971 0.234109 0.084197 9.407341 0.333901 
0.170139 0.786371 0.179958 5.461681 5.062031 0.159046 0.245883 0.096360 9.419416 0.345976 
0.337693 1.914752 0.591229 0.252590 0.133069 8.216621 0.092450 0.417478 10.089674 0.115658 
0.117239 0.107897 3.049927 0.507174 0.519379 8.014460 0.821563 0.375469 10.239544 0.303657 
0.108475 0.161170 0.311337 0.105318 7.211579 7.560537 0.739465 0.114827 5.947203 0.427760 
0.095160 0.420651 0.235240 0.083621 0.204068 9.770036 1.140127 0.087912 10.494475 0.397140 
1.171894 0.758030 0.368148 0.618267 0.218670 0.146308 8.857462 1.085404 9.402705 0.104500 
0.273945 0.184140 4.216014 0.160020 0.096139 0.146175 7.156929 0.093239 9.317640 0.454229 
0.098902 0.101483 0.108485 6.091773 0.170049 0.102320 4.662089 0.288503 10.465900 0.601540 
0.083302 0.221534 0.105261 0.083108 7.310547 0.141669 6.455398 0.089857 9.412913 0.339473 
0.225540 0.153730 0.215223 0.099996 0.190962 7.636562 7.317734 0.101629 10.502809 0.410769 
0.670430 0.245070 3.605165 1.199752 0.156017 0.272265 0.117846 8.851170 9.410358 0.702941 
0.114132 0.215971 0.123653 0.113976 2.688568 0.112273 9.570723 7.334698 9.424966 1.530913 
0.742885 0.538929 0.863235 0.652987 2.469081 0.221141 0.268989 0.160829 16.215221 0.097894 
0.310167 1.820355 1.091459 0.147657 3.101152 0.145607 0.546548 0.505515 14.982166 0.447622 
0.141738 0.161517 0.423184 0.248348 4.308086 0.225738 0.973436 0.966756 16.372858 0.153782 
0.122671 0.100460 0.520378 0.157840 0.091306 0.097847 7.239890 0.205995 15.498242 0.313493 
0.112973 0.113381 0.118511 0.537897 0.790217 0.122124 3.180697 7.338273 15.603494 0.118215 
1.818743 0.170851 1.224132 2.264221 0.112642 0.103030 0.132929 0.121702 0.664091 7.781582 
1.295302 2.294943 0.571587 0.122105 0.186703 0.110781 0.135135 0.106139 0.112063 11.722823 
0.118736 1.782044 3.973379 1.112377 2.522570 0.197898 0.130948 0.757627 0.644383 11.733275 
0.124807 0.236578 4.978121 0.162392 0.148120 0.253721 0.523965 0.754633 0.109247 11.724550 
1.003998 0.263163 0.429807 5.604723 0.253576 0.221632 0.237082 0.211521 0.132891 11.480508 
0.423143 2.813417 0.533546 4.537485 0.134196 0.091266 0.135494 0.101216 0.245663 8.899652 
1.240290 0.789309 0.169616 0.139970 5.818779 0.344602 0.616102 0.316802 0.179334 11.706568 
0.153903 2.435487 0.151574 0.108446 5.813056 0.112343 0.289022 0.298822 0.215328 11.673309 
0.421993 0.796797 3.339650 0.995449 5.639688 0.132886 0.117723 0.276487 0.321074 11.729024 
0.175898 0.111715 0.141732 0.098939 9.156229 0.559556 0.462551 0.137696 0.243162 8.476164 
0.922184 0.593905 0.140453 0.120013 0.848782 8.588871 0.604124 0.302336 0.319410 11.293799 
0.186568 0.117174 0.138253 4.099839 0.645775 7.896339 0.229841 0.447411 0.126344 11.473961 
0.314464 0.734931 2.698408 1.243812 4.737764 5.576033 0.120459 0.278749 0.323121 11.731070 
0.166980 0.595574 0.167447 0.108777 0.211483 9.916252 0.113069 0.130533 0.465813 11.319870 
1.229746 0.117320 0.442268 1.206246 0.757218 0.122059 6.317156 0.486042 0.982548 13.762330 
0.157407 1.303886 3.770553 0.161411 0.102670 0.098179 7.934211 0.638520 0.234925 9.441198 
0.087329 0.088985 0.087518 3.122651 2.604608 1.804025 6.608838 0.159178 0.129182 14.989514 
0.789580 0.079682 0.097490 0.589413 0.684751 7.144716 7.075671 0.278968 0.296580 10.448092 
0.899850 1.776624 0.809297 0.125058 1.178764 0.442089 0.198728 9.200930 0.233928 11.376333 
0.855108 0.226600 3.671049 0.294010 0.968258 0.105599 0.309791 6.479100 1.239366 11.534665 
0.165129 0.720858 0.160051 5.309151 0.140285 1.334638 0.290280 7.415180 1.121622 11.367068 
0.108297 0.216544 0.397222 0.093488 0.172459 6.740034 5.950764 7.130616 0.614299 11.397996 
0.219106 0.145645 0.739724 0.125288 0.217551 8.935578 0.129144 0.257657 6.674138 11.336925 
0.114029 0.099361 3.831517 1.352803 0.656815 0.101992 0.656040 0.114555 0.248712 15.361553 
0.149293 0.124901 0.566411 3.701933 0.236633 0.161908 0.252756 0.492912 0.675295 17.887622 
0.108576 0.107046 0.107944 1.337786 0.105213 4.223520 3.816503 0.298016 0.177678 17.858434 
0.138379 0.121703 0.423559 2.567292 0.198093 0.147004 4.793183 0.506814 0.223790 17.889464 
1.983131 0.090734 0.643518 1.943154 1.179293 0.098797 1.939896 0.488959 1.324234 1.690439 
0.171453 2.527574 4.647951 1.046631 0.345976 0.224260 2.708635 0.095622 0.096687 0.269459 
1.294806 0.653929 1.585916 6.087745 0.177475 1.240582 0.135198 0.242923 0.116183 0.649600 
0.157666 2.764489 1.127505 5.747894 0.553052 0.389737 0.485756 0.214359 0.114431 3.537465 
1.675752 0.384545 1.476241 0.856851 5.835503 0.198087 0.287786 1.022452 0.765501 0.129581 
0.437815 2.898955 0.132484 0.711885 7.128021 0.251328 0.168979 0.156597 0.138364 0.187449 
0.127817 0.692613 1.407518 0.114281 9.586635 2.272644 0.276841 0.228642 0.174904 0.430071 
1.334085 0.754468 0.424209 1.022595 0.257569 9.212724 0.136190 0.140118 0.109712 0.122775 
0.220695 3.197941 0.090545 1.941288 1.844624 6.180459 0.494735 0.107468 2.744874 2.763728 
0.659496 2.059983 0.614528 0.109969 0.087172 4.344345 10.313819 0.283546 0.338058 0.353803 
0.091676 0.149506 1.442778 1.654191 2.071318 0.099758 13.153227 0.198277 0.350886 0.654544 
1.700519 0.466150 0.704141 0.775290 1.904531 0.174642 2.193378 8.705426 0.380099 0.240364 
0.430800 2.931042 1.072454 0.169752 0.107169 0.347459 0.354846 9.859381 4.824611 0.102233 
0.455153 0.256109 0.229078 6.521902 0.090520 1.282300 0.341028 8.049973 0.147902 4.940135 
0.237421 0.472111 0.114507 0.555722 0.571953 1.526379 1.785011 15.728258 0.264733 0.655775 
0.132517 0.265180 4.676889 0.344737 3.118007 0.156893 0.210217 0.613623 10.196427 0.112155 
0.106973 1.237426 2.410488 5.313765 0.333434 0.093568 0.415837 6.031139 8.191013 0.982216 
1.613058 0.375845 1.421890 0.828402 2.291065 0.186047 0.236453 0.857810 0.655603 11.714715 
0.786673 2.511951 0.506626 0.907594 0.578889 1.415604 0.403706 0.100037 7.057036 11.717480 
0.690121 0.450790 0.634625 0.105667 0.658753 9.222856 0.592848 0.290947 0.313614 11.282411 
