2.009006 0.010720 0.011009 0.017895 0.018951 
1.974351 0.788779 0.013757 0.012456 0.013124 
1.802953 1.802828 0.015443 0.014889 0.014810 
1.430234 2.854572 0.026193 0.023542 0.020767 
0.901529 3.606471 0.018347 0.018758 0.018689 
0.402494 3.939226 0.017013 0.016745 0.015989 
0.014107 4.011201 0.011753 0.012955 0.011277 
1.977036 0.017005 1.180033 0.016038 0.022963 
1.917803 0.965800 1.421181 0.029672 0.044084 
1.617808 2.147002 1.619980 0.013252 0.014586 
1.082448 3.233887 1.630470 0.019949 0.025377 
0.479615 3.786542 1.439712 0.014554 0.033993 
0.011098 3.931812 1.172886 0.030697 0.020283 
1.799824 0.013013 2.698319 0.012254 0.021530 
1.631162 1.055172 3.203186 0.018781 0.017993 
1.171636 2.315947 3.461418 0.011043 0.016231 
0.544133 3.244505 3.206818 0.022077 0.021297 
0.016572 3.584476 2.714677 0.016210 0.024385 
1.430185 0.016385 4.251759 0.021205 0.025232 
1.086857 1.079555 4.840605 0.021074 0.020286 
0.556036 2.167671 4.807088 0.016062 0.020989 
0.015811 2.847368 4.253018 0.017230 0.027550 
0.904812 0.022172 5.390945 0.018281 0.017750 
0.478507 0.946157 5.683989 0.016513 0.016596 
0.013923 1.802151 5.371971 0.009003 0.018723 
0.393741 0.010342 5.898662 0.017020 0.016567 
0.008958 0.776247 5.897517 0.015875 0.015422 
0.011554 0.011506 6.011428 0.013775 0.013423 
1.978093 0.016023 0.015369 1.534807 0.021067 
1.898206 0.947077 0.011557 1.886419 0.021374 
1.624014 2.151356 0.016725 2.114717 0.019519 
1.077014 3.225486 0.025659 2.171638 0.014379 
0.480291 3.797178 0.022618 1.899846 0.021545 
0.013597 3.932095 0.010595 1.578642 0.010431 
1.899758 0.016432 1.411986 1.953865 0.017837 
1.747522 1.175889 1.731017 2.330087 0.016989 
1.284123 2.555095 1.899472 2.576396 0.036415 
0.524962 3.528294 1.744348 2.397683 0.025202 
0.018909 3.777578 1.465232 1.917737 0.026128 
1.619635 0.022199 3.246764 2.172021 0.030089 
1.278455 1.288576 3.821542 2.535940 0.025918 
0.644092 2.541728 3.822674 2.541556 0.019625 
0.013218 3.205880 3.234597 2.177909 0.016157 
1.082127 0.021704 4.851037 2.141371 0.021378 
0.580544 1.148946 5.241127 2.344310 0.049066 
0.017560 2.132472 4.848359 2.133315 0.014214 
0.485079 0.015109 5.663299 1.935335 0.016617 
0.014974 0.964317 5.663701 1.905427 0.015337 
0.014222 0.014916 5.896011 1.589054 0.018271 
1.799776 0.011234 0.019371 3.589221 0.013648 
1.624630 1.086308 0.016359 4.258492 0.024566 
1.159278 2.324054 0.012891 4.656918 0.014596 
0.528274 3.257922 0.023285 4.273192 0.029195 
0.020167 3.592920 0.019120 3.604600 0.032748 
1.614060 0.021113 1.610454 4.313369 0.017621 
1.284902 1.284271 1.911738 5.101433 0.036449 
0.645385 2.550103 1.917205 5.049038 0.013887 
0.016115 3.236830 1.611669 4.245022 0.014290 
1.167452 0.018772 3.491110 4.644518 0.020982 
0.640793 1.280594 3.827051 5.123759 0.069961 
0.011666 2.307923 3.473113 4.659778 0.020288 
0.545251 0.015350 4.853498 4.243664 0.015569 
0.026409 1.086165 4.864161 4.254327 0.026831 
0.013535 0.013448 5.386346 3.574083 0.028623 
1.425945 0.017945 0.017181 5.690463 0.034108 
1.084484 1.085950 0.013433 6.417819 0.016261 
0.544498 2.165740 0.015008 6.418749 0.016647 
0.014925 2.865312 0.025504 5.619735 0.045038 
1.085742 0.014860 1.633941 6.415702 0.024698 
0.582856 1.164832 1.732075 6.976259 0.019592 
0.013837 2.141716 1.620286 6.432693 0.011748 
0.546684 0.023409 3.226947 6.443277 0.031422 
0.016662 1.089777 3.227992 6.419178 0.032469 
0.010970 0.011044 4.253186 5.668377 0.012396 
0.907751 0.019315 0.019123 7.185407 0.032118 
0.469770 0.935036 0.014893 7.583616 0.014626 
0.011816 1.786528 0.010105 7.175344 0.008900 
0.483183 0.018419 1.423035 7.567880 0.021522 
0.012102 0.953588 1.431404 7.553192 0.024226 
0.013715 0.013699 2.680261 7.180210 0.015362 
0.404922 0.018806 0.022220 7.863212 0.034899 
0.018607 0.795904 0.018041 7.865242 0.019012 
0.014867 0.014831 1.187789 7.860304 0.017490 
0.008892 0.008425 0.008028 8.008021 0.014695 
1.975674 0.021242 0.013212 0.014016 1.940056 
1.899664 0.965551 0.014420 0.021438 2.323361 
1.616906 2.168580 0.019484 0.018950 2.710834 
1.072291 3.252290 0.023709 0.021557 2.658334 
0.473200 3.787114 0.013408 0.014807 2.393014 
0.014280 3.931842 0.013960 0.018574 2.023722 
1.902933 0.020000 1.384894 0.011419 2.313121 
1.761138 1.180502 1.753415 0.026637 2.874559 
1.273594 2.579593 1.928318 0.026687 3.243678 
0.575704 3.519157 1.753055 0.027941 2.858764 
0.015426 3.784429 1.439780 0.012671 2.342282 
1.616811 0.023460 3.245005 0.025251 2.743929 
1.281258 1.282053 3.805564 0.025091 3.192675 
0.627945 2.557961 3.862348 0.026509 3.193833 
0.021926 3.201979 3.250891 0.019439 2.738120 
1.077615 0.015805 4.832449 0.023369 2.713523 
0.578503 1.151001 5.228086 0.020929 2.914810 
0.012461 2.163295 4.801747 0.015948 2.706772 
0.475854 0.020985 5.685886 0.019816 2.381921 
0.012841 0.949575 5.670388 0.020643 2.372904 
0.010308 0.010496 5.887827 0.015385 2.020533 
1.902101 0.019033 0.027162 1.915831 2.384840 
1.737707 1.186241 0.016355 2.326793 3.006926 
1.284364 2.547816 0.022538 2.539003 3.227366 
0.585910 3.482194 0.023858 2.318102 2.944988 
0.011034 3.774755 0.016356 1.889802 2.445139 
1.743519 0.020785 1.753794 2.294208 2.937957 
1.451237 1.450526 2.156764 2.777763 3.577614 
0.700204 2.865100 2.174659 2.840923 3.546775 
0.017728 3.489270 1.690878 2.311335 2.916124 
1.271337 0.020358 3.840744 2.529554 3.216849 
0.717715 1.424887 4.284374 2.810164 3.554848 
0.024478 2.557232 3.790790 2.560112 3.238815 
0.588131 0.019840 5.223085 2.315562 2.928678 
0.013337 1.180910 5.204260 2.278998 2.939066 
0.012151 0.012619 5.660975 1.887545 2.434484 
1.618441 0.015828 0.013053 4.266632 2.702066 
1.282296 1.274061 0.021715 5.048009 3.200995 
0.661215 2.535783 0.022264 5.050015 3.193363 
0.018569 3.213725 0.016449 4.299520 2.743620 
1.283305 0.027409 1.921779 5.121230 3.179463 
0.710645 1.429398 2.130087 5.781468 3.585928 
0.017469 2.529061 1.906317 5.094578 3.214954 
0.647226 0.023622 3.829585 5.070615 3.215994 
0.021290 1.312669 3.831657 5.048681 3.123682 
0.021439 0.021446 4.852639 4.263827 2.675414 
1.078469 0.012508 0.012512 6.428003 2.701538 
0.580486 1.178768 0.027272 6.994792 2.855489 
0.019079 2.154186 0.038794 6.441835 2.657565 
0.580043 0.021217 1.754057 6.937334 3.006574 
0.030718 1.162335 1.747400 6.955982 2.961846 
0.017242 0.017342 3.243237 6.420367 2.668422 
0.470860 0.022044 0.020418 7.581835 2.382569 
0.014174 0.923203 0.015721 7.570150 2.380369 
0.015327 0.015568 1.399621 7.560010 2.410258 
0.010420 0.010001 0.010091 7.852284 1.984584 
1.804883 0.019654 0.026441 0.019415 4.515681 
1.622282 1.075234 0.019566 0.020795 5.382436 
1.165429 2.326873 0.023503 0.018271 5.815850 
0.556875 3.236133 0.027373 0.019981 5.320774 
0.016782 3.585114 0.015394 0.015752 4.520075 
1.624085 0.024164 1.610290 0.024268 5.397143 
1.275780 1.297751 1.938706 0.026472 6.405431 
0.648578 2.541942 1.897076 0.029632 6.446211 
0.022134 3.219339 1.590359 0.022833 5.418101 
1.172442 0.019645 3.473122 0.023575 5.807053 
0.642579 1.299025 3.825449 0.031321 6.383128 
0.016586 2.326053 3.482017 0.016339 5.779029 
0.542507 0.015476 4.816087 0.011198 5.375682 
0.018930 1.068365 4.830479 0.029197 5.372254 
0.013234 0.013292 5.369600 0.013819 4.519191 
1.621054 0.022903 0.019491 2.154492 5.375054 
1.282463 1.283773 0.030901 2.580154 6.369087 
0.646926 2.532725 0.021394 2.576145 6.384328 
0.025013 3.220515 0.016714 2.151715 5.372277 
1.278433 0.026126 1.908393 2.583546 6.401757 
0.720943 1.443325 2.151004 2.885411 7.134730 
0.017384 2.521554 1.922206 2.553178 6.395274 
0.636097 0.015014 3.778954 2.570985 6.391015 
0.016112 1.277327 3.783194 2.533456 6.394382 
0.010560 0.015032 4.796923 2.170038 5.402780 
1.166267 0.019762 0.022077 4.637638 5.827149 
0.647750 1.288909 0.033187 5.103079 6.397981 
0.014702 2.308274 0.017487 4.630732 5.823314 
0.644094 0.022614 1.854297 5.091270 6.396248 
0.020604 1.281188 1.922088 5.044081 6.385274 
0.013017 0.020116 3.454762 4.630928 5.820438 
0.557307 0.023113 0.019964 6.425688 5.369180 
0.013227 1.087829 0.012054 6.417949 5.361442 
0.015034 0.017408 1.600469 6.417281 5.397663 
0.009260 0.009146 0.009309 7.154837 4.505406 
1.435335 0.019661 0.016395 0.014176 7.047298 
1.076497 1.086534 0.020836 0.019752 8.077470 
0.544324 2.151273 0.024468 0.022352 8.074996 
0.014772 2.817778 0.023019 0.017968 7.147288 
1.073213 0.023629 1.601504 0.019939 8.098122 
0.586684 1.094400 1.810782 0.044574 8.711894 
0.017338 2.158004 1.624847 0.018813 8.023407 
0.536021 0.014137 3.193645 0.014029 8.080896 
0.016387 1.076472 3.231560 0.015555 8.021431 
0.008935 0.009066 4.244553 0.009032 7.091678 
1.076300 0.017667 0.017226 2.144571 8.071162 
0.600558 1.134488 0.026564 2.307885 8.722833 
0.020369 2.134314 0.022456 2.139149 8.081488 
0.597351 0.020088 1.720855 2.290990 8.710422 
0.030330 1.175775 1.721520 2.291547 8.710979 
0.013899 0.020251 3.186381 2.131629 8.077738 
0.536883 0.027295 0.019974 4.278226 8.071865 
0.017780 1.055847 0.018854 4.276487 8.072696 
0.016311 0.020388 1.587020 4.267516 8.069058 
0.011224 0.011261 0.011278 5.648658 7.106291 
0.909250 0.015287 0.013421 0.013061 8.952757 
0.476702 0.960818 0.015734 0.015478 9.454443 
0.017475 1.808017 0.016736 0.016926 8.956633 
0.471698 0.010469 1.404418 0.013016 9.458664 
0.014996 0.947575 1.390823 0.016214 9.461862 
0.013697 0.013726 2.686024 0.013986 8.967072 
0.467264 0.009973 0.011770 1.870259 9.462087 
0.012749 0.938244 0.014801 1.852788 9.465140 
0.013552 0.013496 1.391088 1.859447 9.468797 
0.012378 0.012322 0.012385 3.575059 8.965896 
0.402281 0.018415 0.019809 0.018327 9.832022 
0.015505 0.778269 0.013431 0.017665 9.828681 
0.015502 0.015381 1.165355 0.015201 9.829414 
0.014302 0.014312 0.014319 1.590317 9.818303 
0.010899 0.013915 0.016732 0.009352 10.008964 
