2.007520 0.007551 0.008862 0.010209 0.008587 
1.968763 0.792674 0.009885 0.009574 0.007987 
1.798381 1.801793 0.010904 0.011243 0.011167 
1.421373 2.841236 0.010618 0.009129 0.016877 
0.909016 3.593595 0.016782 0.019799 0.023605 
0.397357 3.932626 0.010825 0.012897 0.009602 
0.007839 4.007086 0.008277 0.007168 0.014583 
1.966184 0.005764 1.191071 0.007591 0.008314 
1.894643 0.952706 1.393426 0.008942 0.007400 
1.622859 2.152656 1.631499 0.019617 0.048283 
1.080284 3.231896 1.615542 0.018379 0.019955 
0.478842 3.781920 1.424239 0.009957 0.010549 
0.006220 3.928111 1.182754 0.007553 0.013226 
1.797088 0.007512 2.679263 0.006524 0.009451 
1.619473 1.083717 3.227759 0.020656 0.017519 
1.167577 2.330922 3.491389 0.017988 0.019648 
0.543033 3.228121 3.229099 0.017992 0.022690 
0.007438 3.583455 2.692215 0.006741 0.009321 
1.423764 0.010829 4.249649 0.008935 0.009440 
1.083812 1.056189 4.849731 0.019573 0.027969 
0.547704 2.165354 4.852382 0.028497 0.028958 
0.011318 2.839964 4.251834 0.012468 0.013098 
0.901912 0.009871 5.378744 0.011208 0.012190 
0.478865 0.947755 5.671717 0.012020 0.014788 
0.010189 1.802309 5.373678 0.010013 0.019562 
0.399570 0.006962 5.889860 0.011773 0.007135 
0.012300 0.799845 5.890514 0.009620 0.011161 
0.006335 0.007111 6.005639 0.005836 0.012606 
1.967328 0.008743 0.010138 1.590701 0.007942 
1.898136 0.948466 0.012004 1.898599 0.014208 
1.621466 2.156209 0.020432 2.148322 0.021058 
1.083707 3.225513 0.016909 2.162034 0.024422 
0.475171 3.794648 0.018979 1.884694 0.015892 
0.007339 3.930438 0.007675 1.555757 0.007802 
1.892381 0.008814 1.419990 1.896078 0.012376 
1.745749 1.162523 1.750456 2.342633 0.015091 
1.297461 2.570496 1.896676 2.539217 0.049970 
0.586982 3.479919 1.753830 2.278177 0.011608 
0.007025 3.779980 1.411933 1.888860 0.008388 
1.612755 0.010168 3.216639 2.136043 0.012397 
1.278500 1.286857 3.819277 2.517742 0.015402 
0.646916 2.559378 3.835713 2.548486 0.029468 
0.010709 3.218255 3.217789 2.139920 0.011205 
1.076753 0.010693 4.822906 2.160115 0.014001 
0.581797 1.160937 5.263325 2.327609 0.030209 
0.007724 2.151577 4.813199 2.137191 0.007754 
0.479818 0.008231 5.663044 1.885975 0.007657 
0.013201 0.963441 5.666915 1.899178 0.014052 
0.007766 0.007519 5.891465 1.567172 0.008151 
1.798107 0.009498 0.009140 3.573230 0.010398 
1.616866 1.076588 0.016497 4.293115 0.013671 
1.164032 2.328228 0.015291 4.632775 0.023406 
0.545924 3.236289 0.021347 4.284968 0.022731 
0.010147 3.593658 0.010372 3.558808 0.016522 
1.614900 0.009425 1.603032 4.280705 0.012777 
1.283257 1.281444 1.907723 5.110424 0.022508 
0.645933 2.560949 1.918509 5.106998 0.029240 
0.012863 3.221545 1.615631 4.265342 0.030438 
1.166461 0.013094 3.474560 4.636680 0.016997 
0.664992 1.314385 3.946857 5.247882 0.098683 
0.009769 2.323031 3.473406 4.618879 0.016897 
0.541870 0.031683 4.862237 4.313758 0.039753 
0.008961 1.081222 4.819084 4.280521 0.008574 
0.009550 0.008622 5.377952 3.578859 0.020776 
1.424059 0.009968 0.009750 5.660263 0.011862 
1.080488 1.082068 0.015027 6.430625 0.013139 
0.545576 2.158713 0.017696 6.436811 0.026192 
0.012625 2.843759 0.012793 5.661366 0.019035 
1.078500 0.010449 1.610581 6.425661 0.009942 
0.592892 1.169016 1.761383 7.011866 0.039916 
0.008284 2.155527 1.603204 6.412676 0.011758 
0.547849 0.017329 3.227695 6.430840 0.020531 
0.017209 1.086099 3.240342 6.416587 0.019296 
0.008523 0.008049 4.260967 5.650192 0.019319 
0.904100 0.012062 0.012000 7.169510 0.012995 
0.484205 0.955346 0.021506 7.570791 0.020631 
0.010850 1.806628 0.011303 7.158977 0.013362 
0.481256 0.013679 1.424981 7.556854 0.014571 
0.012189 0.962890 1.420112 7.550672 0.030849 
0.010183 0.009727 2.694218 7.164337 0.012338 
0.399073 0.009730 0.009385 7.855981 0.016133 
0.010777 0.809297 0.010729 7.849646 0.011168 
0.009461 0.009116 1.170726 7.857377 0.019311 
0.006168 0.006130 0.006105 8.006105 0.007362 
1.969170 0.008566 0.009692 0.008318 1.966284 
1.897907 0.950083 0.013064 0.010478 2.329346 
1.613374 2.150010 0.010614 0.014323 2.687873 
1.085681 3.238495 0.021154 0.020294 2.645611 
0.479022 3.793564 0.017874 0.018859 2.357423 
0.008719 3.931631 0.011302 0.009856 1.954342 
1.897185 0.011511 1.422921 0.010377 2.336869 
1.743320 1.149717 1.730829 0.010002 2.886576 
1.279376 2.545120 1.929047 0.022724 3.153986 
0.594326 3.537498 1.729417 0.044369 2.918260 
0.009520 3.782527 1.406483 0.008001 2.352320 
1.617122 0.016043 3.219147 0.014786 2.709702 
1.278392 1.289495 3.843543 0.024689 3.130443 
0.653750 2.565708 3.860768 0.046361 3.211257 
0.011560 3.221743 3.217551 0.011120 2.657610 
1.076784 0.008662 4.826034 0.009093 2.654797 
0.588391 1.173144 5.198740 0.034404 2.908017 
0.023562 2.159729 4.838642 0.027296 2.682227 
0.482373 0.012980 5.671249 0.018130 2.364656 
0.008895 0.954776 5.665371 0.012290 2.360109 
0.006673 0.010337 5.889842 0.006784 1.963797 
1.894308 0.008402 0.009209 1.880355 2.334521 
1.747129 1.160553 0.015649 2.331005 2.890770 
1.277229 2.549085 0.017254 2.565749 3.171382 
0.588843 3.494909 0.026901 2.269031 2.850525 
0.010000 3.782654 0.013061 1.879830 2.360661 
1.740512 0.009286 1.735008 2.310744 2.897914 
1.435115 1.409483 2.120454 2.831688 3.542978 
0.725909 2.905863 2.148950 2.898336 3.614304 
0.007086 3.473771 1.729738 2.307244 2.900371 
1.282953 0.024369 3.834525 2.550861 3.183670 
0.734937 1.468272 4.377798 2.915942 3.669846 
0.012331 2.546945 3.815154 2.545942 3.112341 
0.588744 0.017000 5.216789 2.309865 2.899565 
0.016075 1.173230 5.210185 2.330445 2.899801 
0.007714 0.006915 5.669845 1.893786 2.321395 
1.615015 0.011130 0.011669 4.285126 2.674569 
1.277423 1.271647 0.022109 5.080172 3.181483 
0.643461 2.540175 0.018963 5.096684 3.164294 
0.008831 3.215461 0.010870 4.290185 2.660216 
1.275985 0.014538 1.903085 5.068233 3.181009 
0.739211 1.452722 2.175648 5.791102 3.610254 
0.017322 2.554090 1.914594 5.062591 3.175251 
0.644583 0.024902 3.835639 5.090207 3.178568 
0.039039 1.288366 3.849128 5.078152 3.239642 
0.011222 0.009584 4.824918 4.286750 2.656420 
1.079409 0.013722 0.010512 6.423317 2.689298 
0.587532 1.159875 0.032858 7.009612 2.910211 
0.013673 2.159101 0.013363 6.423053 2.660830 
0.590525 0.014021 1.735686 6.945942 2.895430 
0.019009 1.181114 1.739965 6.962479 2.846692 
0.014095 0.013586 3.245833 6.410797 2.665967 
0.478392 0.010470 0.010483 7.558622 2.353944 
0.012196 0.953736 0.011729 7.557822 2.352544 
0.012486 0.018501 1.434142 7.552741 2.363977 
0.005926 0.005876 0.005872 7.851883 1.958482 
1.795950 0.006296 0.012467 0.006182 4.468288 
1.617571 1.076503 0.015054 0.014807 5.351477 
1.164220 2.321540 0.011708 0.013501 5.781062 
0.542571 3.229551 0.018063 0.018216 5.348011 
0.008477 3.588673 0.008975 0.009840 4.462928 
1.614163 0.011725 1.615686 0.008807 5.336131 
1.284730 1.264815 1.898635 0.018270 6.360769 
0.644226 2.546654 1.906412 0.015837 6.344264 
0.017831 3.235546 1.629924 0.017191 5.311503 
1.168562 0.020454 3.494813 0.017744 5.785799 
0.641127 1.279149 3.812437 0.012449 6.334962 
0.010837 2.325615 3.467447 0.012354 5.780433 
0.544759 0.021163 4.839807 0.022799 5.369038 
0.016111 1.070614 4.834328 0.019165 5.359838 
0.008201 0.007229 5.376579 0.007761 4.470058 
1.614008 0.009517 0.009109 2.146866 5.333690 
1.281299 1.289202 0.030245 2.562319 6.387174 
0.647763 2.564596 0.030082 2.560302 6.375365 
0.013909 3.228932 0.014931 2.129252 5.342439 
1.282833 0.028773 1.914334 2.578147 6.399445 
0.724253 1.437064 2.160584 2.872641 7.149102 
0.029612 2.574253 1.918505 2.537417 6.335330 
0.636706 0.010157 3.804820 2.551891 6.341663 
0.011729 1.275402 3.815606 2.531153 6.325175 
0.008645 0.008390 4.822081 2.128898 5.353629 
1.163205 0.011202 0.011261 4.635520 5.784664 
0.644282 1.299997 0.047610 5.149990 6.416208 
0.013105 2.325868 0.014803 4.637975 5.768194 
0.650013 0.021915 1.913153 5.073494 6.372288 
0.015714 1.297420 1.901150 5.081210 6.321259 
0.009047 0.008495 3.475493 4.626519 5.778104 
0.542995 0.011871 0.011287 6.425607 5.358944 
0.010502 1.085151 0.010965 6.432780 5.331342 
0.010809 0.010780 1.615763 6.428192 5.347893 
0.008388 0.007298 0.007065 7.163026 4.477654 
1.422852 0.008973 0.007796 0.009086 7.070754 
1.079279 1.076846 0.012018 0.012449 8.038773 
0.539908 2.166264 0.014025 0.016253 8.018447 
0.010834 2.844682 0.012735 0.012490 7.068088 
1.080198 0.013993 1.606163 0.015198 8.028572 
0.587883 1.155724 1.739152 0.013438 8.687521 
0.010558 2.153397 1.597594 0.012630 8.028942 
0.544671 0.018856 3.232420 0.014955 8.023097 
0.013711 1.078121 3.234467 0.013885 8.019560 
0.008588 0.007901 4.252654 0.018566 7.075129 
1.078382 0.013614 0.013885 2.140368 8.040008 
0.594909 1.185142 0.021822 2.315925 8.685500 
0.009591 2.154115 0.010152 2.153844 8.013454 
0.584996 0.010279 1.743460 2.301307 8.679602 
0.015695 1.169684 1.758079 2.334550 8.666071 
0.012076 0.011542 3.200338 2.140094 8.053599 
0.541872 0.012794 0.012621 4.296105 8.031090 
0.010793 1.087924 0.019219 4.280186 8.026734 
0.010414 0.011900 1.631391 4.277482 8.025948 
0.009113 0.008913 0.009755 5.666773 7.078721 
0.902192 0.007937 0.014075 0.014165 8.949637 
0.479849 0.952921 0.014215 0.010817 9.441328 
0.006838 1.801828 0.010720 0.007025 8.942766 
0.482134 0.010706 1.426263 0.010499 9.437011 
0.011110 0.951407 1.417233 0.011495 9.443835 
0.010174 0.015410 2.703611 0.012092 8.945568 
0.479033 0.014387 0.010956 1.901696 9.438925 
0.010931 0.949810 0.011196 1.892626 9.442533 
0.010871 0.010760 1.432091 1.876061 9.441814 
0.009884 0.009446 0.009210 3.611772 8.937880 
0.398671 0.007995 0.008229 0.007979 9.815288 
0.007483 0.790923 0.008622 0.006890 9.812378 
0.010165 0.009678 1.194417 0.010685 9.812786 
0.011433 0.014989 0.011103 1.592310 9.813822 
0.005344 0.005229 0.005115 0.005115 10.005115 
