2.003055 0.003099 0.003511 0.003894 0.004893 0.003388 0.007559 0.004465 
1.795404 1.789334 0.006122 0.006067 0.005778 0.005672 0.007306 0.006334 
0.898731 3.600195 0.015158 0.013572 0.013506 0.014389 0.013508 0.014381 
0.004451 4.003612 0.007328 0.004308 0.004480 0.008369 0.008991 0.004647 
1.795591 0.008683 2.692614 0.007236 0.007135 0.007171 0.012624 0.007331 
1.161855 2.326853 3.486069 0.017185 0.013036 0.013433 0.013685 0.013591 
0.003790 3.581349 2.683997 0.003014 0.011636 0.004181 0.009195 0.006282 
0.899016 0.008448 5.379012 0.007908 0.008723 0.008760 0.010138 0.008694 
0.004639 1.793692 5.370418 0.005694 0.006503 0.004744 0.007727 0.005123 
0.004612 0.003436 6.003432 0.004804 0.003529 0.008196 0.004419 0.016551 
1.792889 0.004829 0.004645 3.586537 0.005378 0.009794 0.008262 0.010646 
1.159608 2.325932 0.008334 4.624078 0.018487 0.013128 0.010432 0.013942 
0.005614 3.579975 0.006421 3.587135 0.004955 0.008060 0.005991 0.008870 
1.158334 0.005360 3.471919 4.626309 0.006477 0.008081 0.006907 0.006818 
0.010607 2.320183 3.481763 4.619485 0.017540 0.011195 0.017262 0.018033 
0.006750 0.006179 5.385397 3.549918 0.008531 0.007045 0.010500 0.011470 
0.895814 0.003252 0.004192 7.162386 0.008102 0.006370 0.006169 0.003603 
0.005141 1.799844 0.006043 7.153817 0.005151 0.005385 0.011669 0.012371 
0.006273 0.005903 2.694643 7.157674 0.013346 0.006034 0.008079 0.010929 
0.001594 0.001721 0.001583 8.001583 0.002752 0.001854 0.005013 0.001744 
1.795592 0.005377 0.005478 0.006611 4.461163 0.005501 0.007386 0.006403 
1.163149 2.332282 0.014810 0.014327 5.790770 0.016558 0.019741 0.014081 
0.005540 3.587943 0.005205 0.004991 4.449863 0.004856 0.021303 0.011209 
1.164386 0.014150 3.484074 0.010945 5.773250 0.012154 0.011234 0.016702 
0.010220 2.328625 3.474153 0.013304 5.758278 0.009906 0.013282 0.010257 
0.006737 0.005917 5.382241 0.006532 4.445358 0.006202 0.006639 0.019512 
1.157827 0.003591 0.004585 4.637609 5.759145 0.004548 0.010324 0.008461 
0.010599 2.327516 0.012342 4.630265 5.763952 0.011423 0.013928 0.014363 
0.005401 0.004870 3.481300 4.624247 5.756976 0.005427 0.011275 0.009095 
0.003807 0.003627 0.003651 7.165789 4.458843 0.008546 0.019694 0.010280 
0.901016 0.006013 0.005471 0.005316 8.946018 0.005763 0.011504 0.006241 
0.004903 1.801317 0.005953 0.004595 8.938895 0.005051 0.006983 0.004875 
0.004276 0.003897 2.693890 0.006687 8.942553 0.004019 0.025665 0.005039 
0.007554 0.005685 0.005683 3.596315 8.941847 0.005956 0.012522 0.005875 
0.003138 0.002196 0.002194 0.002191 10.002189 0.006565 0.002787 0.003613 
1.793361 0.003881 0.004895 0.009256 0.004484 5.359306 0.007344 0.007191 
1.158824 2.327591 0.008156 0.006466 0.007139 6.912410 0.009025 0.009719 
0.004949 3.586502 0.005004 0.005397 0.003416 5.331940 0.009511 0.007395 
1.165202 0.010025 3.481266 0.009909 0.010480 6.919437 0.012004 0.018580 
0.004473 2.318576 3.480290 0.003344 0.003656 6.885926 0.009381 0.003546 
0.004676 0.004082 5.381110 0.004692 0.010471 5.328574 0.005756 0.005020 
1.159483 0.004598 0.004548 4.630704 0.003961 6.908698 0.005847 0.006541 
0.009030 2.333891 0.010130 4.608991 0.009227 6.918239 0.010518 0.012577 
0.004473 0.003795 3.478259 4.633394 0.004445 6.894927 0.006403 0.005371 
0.006244 0.004791 0.004791 7.158024 0.016281 5.377872 0.009918 0.005948 
1.161761 0.011528 0.011077 0.012322 5.804658 6.922915 0.011297 0.013491 
0.010144 2.329012 0.011266 0.009655 5.767247 6.926903 0.009889 0.010447 
0.005679 0.005156 3.486571 0.006445 5.766337 6.913385 0.007288 0.005322 
0.006606 0.006475 0.006475 4.647248 5.772688 6.910342 0.006974 0.012233 
0.003061 0.003291 0.002991 0.002958 8.948166 5.367213 0.004389 0.003505 
0.895648 0.006764 0.006807 0.007370 0.006683 10.755938 0.008816 0.007132 
0.005104 1.804094 0.005501 0.004649 0.004409 10.720547 0.006323 0.009143 
0.004098 0.005315 2.707781 0.003795 0.006591 10.715828 0.010099 0.009434 
0.004376 0.006787 0.003924 3.583460 0.005875 10.735673 0.006383 0.008544 
0.004549 0.003423 0.003418 0.007317 4.487927 10.729102 0.009711 0.004036 
0.001884 0.001862 0.001894 0.001951 0.001865 12.001862 0.001948 0.003328 
1.793665 0.004793 0.005289 0.005101 0.004251 0.012221 6.252023 0.013084 
1.158199 2.323780 0.005866 0.005803 0.009633 0.006034 8.072787 0.006256 
0.005261 3.588507 0.005413 0.006015 0.014289 0.009452 6.224122 0.014224 
1.159419 0.004607 3.467493 0.004616 0.004946 0.010816 8.083620 0.004993 
0.008157 2.316642 3.476235 0.007819 0.009509 0.008125 8.081882 0.017831 
0.003783 0.002718 5.376380 0.004271 0.004122 0.012177 6.230456 0.003704 
1.161544 0.008276 0.007886 4.645367 0.007112 0.007419 8.056496 0.012473 
0.005431 2.319372 0.006224 4.628057 0.005192 0.008926 8.063034 0.008444 
0.008571 0.008230 3.479020 4.643030 0.008791 0.008321 8.047350 0.008729 
0.005888 0.005778 0.005778 7.172799 0.006147 0.008481 6.225986 0.011062 
1.159086 0.007568 0.009786 0.008486 5.781407 0.006095 8.088082 0.005031 
0.010503 2.335142 0.011200 0.013776 5.759342 0.010758 8.074189 0.019632 
0.007601 0.007519 3.476108 0.009989 5.772328 0.008083 8.092089 0.012537 
0.007084 0.006149 0.006150 4.643059 5.784926 0.007174 8.049817 0.009274 
0.004119 0.003688 0.003700 0.003689 8.949039 0.004694 6.261653 0.004974 
1.154321 0.004410 0.005452 0.005971 0.004379 6.951433 8.097588 0.014881 
0.003977 2.326602 0.004631 0.003643 0.009341 6.894070 8.080372 0.007613 
0.005788 0.005258 3.463687 0.008515 0.008072 6.908247 8.130631 0.011441 
0.006279 0.006226 0.006232 4.637739 0.008329 6.918661 8.085227 0.011874 
0.004646 0.004487 0.004487 0.004488 5.806043 6.899424 8.086738 0.005849 
0.002759 0.002104 0.002084 0.002084 0.002173 10.737790 6.257045 0.003898 
0.903491 0.006365 0.005625 0.005535 0.005386 0.009464 12.514413 0.006468 
0.003258 1.793798 0.004187 0.007523 0.003256 0.005331 12.521729 0.004493 
0.003385 0.002912 2.694053 0.003294 0.006293 0.010906 12.515696 0.015127 
0.005125 0.004103 0.004099 3.597164 0.004485 0.006287 12.512603 0.010320 
0.004151 0.003877 0.003832 0.003835 4.478224 0.007329 12.524231 0.004153 
0.004394 0.004393 0.004441 0.004393 0.004393 5.364337 12.530232 0.005370 
0.001545 0.001525 0.004342 0.001525 0.001640 0.001641 14.001523 0.001539 
1.819042 0.038356 0.040044 0.048502 0.038203 0.048823 0.038501 7.319187 
1.158600 2.323510 0.007450 0.005231 0.005536 0.005622 0.007376 9.216917 
0.005053 3.587293 0.006268 0.006267 0.011655 0.005173 0.005229 7.120563 
1.162738 0.008080 3.471772 0.011530 0.008106 0.007987 0.009303 9.245428 
0.005519 2.318462 3.467072 0.005501 0.005602 0.009177 0.009430 9.233813 
0.005349 0.005044 5.375968 0.005097 0.011762 0.010925 0.007827 7.137060 
1.159531 0.002946 0.004459 4.629233 0.002934 0.003147 0.005863 9.207865 
0.003666 2.316578 0.003991 4.625667 0.004166 0.005671 0.006121 9.218439 
0.003382 0.003258 3.479257 4.622678 0.003587 0.003751 0.003904 9.207784 
0.003891 0.003620 0.003592 7.163268 0.008932 0.003933 0.005318 7.141942 
1.167627 0.012790 0.011453 0.011142 5.783528 0.011620 0.017182 9.236060 
0.004342 2.322562 0.004450 0.004628 5.774626 0.003910 0.008471 9.208638 
0.005983 0.005615 3.485483 0.006109 5.761317 0.007082 0.007102 9.229504 
0.007982 0.007826 0.007826 4.647884 5.770019 0.008891 0.013562 9.220863 
0.004414 0.003417 0.003484 0.007412 8.952657 0.005920 0.005297 7.142902 
1.159916 0.003128 0.003311 0.003290 0.003578 6.920303 0.006004 9.237440 
0.003963 2.324402 0.005360 0.003615 0.003604 6.902339 0.007366 9.232099 
0.005764 0.007206 3.487526 0.004968 0.004771 6.936136 0.005644 9.186901 
0.009686 0.008813 0.008847 4.665288 0.011006 6.893354 0.010162 9.228777 
0.005522 0.009739 0.004893 0.004892 5.799580 6.921527 0.007442 9.223908 
0.006157 0.004038 0.004030 0.010878 0.004032 10.733403 0.006965 7.169405 
1.163431 0.005556 0.005573 0.009919 0.005704 0.005635 8.073093 9.232046 
0.004917 2.328224 0.004659 0.007720 0.008751 0.007261 8.060331 9.214942 
0.006733 0.006148 3.479496 0.006982 0.006162 0.006512 8.089178 9.218880 
0.006419 0.006359 0.006359 4.635099 0.006991 0.010993 8.083206 9.230975 
0.005150 0.004724 0.004729 0.004724 5.792514 0.009284 8.070134 9.239403 
0.003880 0.003109 0.003109 0.003108 0.003112 6.932872 8.060290 9.267940 
0.002715 0.002312 0.002319 0.002301 0.002301 0.002492 12.518798 7.170234 
0.904112 0.024849 0.025088 0.040743 0.024394 0.024107 0.024472 14.390218 
0.003848 1.802714 0.004131 0.007082 0.003577 0.003991 0.006881 14.293490 
0.003474 0.003257 2.699181 0.003577 0.003862 0.006841 0.009554 14.297180 
0.004818 0.004667 0.004667 3.593702 0.007369 0.004688 0.005529 14.304153 
0.004434 0.004393 0.004393 0.004393 4.477842 0.004423 0.007214 14.314176 
0.004620 0.004615 0.004615 0.004615 0.004616 5.379881 0.005871 14.309643 
0.005098 0.004588 0.004588 0.004629 0.004588 0.004590 6.278878 14.307812 
0.002762 0.002712 0.002714 0.002716 0.002712 0.002712 0.002712 16.002712 
1.931826 0.421959 0.625079 0.798805 1.084159 1.302657 1.503936 1.763891 
1.365293 2.694210 0.771392 1.061598 1.343837 1.562729 1.868298 2.043195 
0.214945 3.856100 0.647492 0.820869 1.099183 1.269301 1.480363 1.651491 
1.352405 0.555712 4.043677 1.086247 1.354418 1.621644 1.876233 2.211940 
0.283983 2.743657 4.072129 1.107189 1.356706 1.646125 2.020976 2.172562 
0.222826 0.445612 5.749134 1.054575 1.063925 1.236594 1.473758 1.696201 
1.344733 0.526617 0.809469 5.360665 1.332625 1.627252 1.843086 2.175264 
0.266289 2.711179 0.776810 5.428075 1.348779 1.512752 1.864729 2.097165 
0.278698 0.546492 4.090965 5.456860 1.393721 1.588008 1.866706 2.187019 
0.219998 0.426333 0.674471 7.726225 1.026644 1.276612 1.484427 1.746078 
1.348288 0.526903 0.836228 1.066079 6.728009 1.601260 1.864084 2.185716 
0.290004 2.764907 0.827661 1.073220 6.828665 1.620505 1.924169 2.198654 
0.281457 0.535619 4.116500 1.108662 6.823402 1.636577 1.897795 2.191209 
0.282744 0.550903 0.787753 5.465009 6.787450 1.611276 1.911021 2.225128 
0.217264 0.435802 0.650076 0.858499 9.664813 1.322326 1.505172 1.705784 
1.358553 0.537013 0.838612 1.070748 1.370931 8.064345 1.849921 2.093376 
0.263014 2.739158 0.800818 1.036262 1.306711 8.088220 1.799592 2.115320 
0.293617 0.571478 4.117506 1.092590 1.349715 8.168437 1.900159 2.272509 
0.287463 0.532020 0.828239 5.540360 1.282558 8.243252 1.875305 2.221166 
0.281852 0.549741 0.834070 1.103850 6.814831 8.106320 1.937949 2.162588 
0.214419 0.433147 0.654616 0.861239 1.077446 11.551101 1.488284 1.762220 
1.369384 0.552820 0.833556 1.053984 1.370272 1.674697 9.369513 2.167574 
0.283662 2.772857 0.825042 1.116300 1.416428 1.690275 9.599633 2.211721 
0.286173 0.534135 4.079989 1.072227 1.228219 1.619228 9.512522 2.128256 
0.277823 0.556283 0.828878 5.450796 1.319352 1.657432 9.517279 2.209366 
0.268189 0.547349 0.868588 1.124739 6.690193 1.670856 9.458937 2.110760 
0.271003 0.549030 0.826714 1.093152 1.329302 8.156660 9.519003 2.145697 
0.224964 0.431148 0.674784 0.877669 1.043794 1.280396 13.522881 1.809067 
1.356951 0.514767 0.822093 1.027042 1.373561 1.603850 1.868919 10.856028 
0.263853 2.678910 0.751776 0.953832 1.291540 1.433644 1.772250 10.986824 
0.259821 0.498953 4.104887 1.098971 1.333662 1.645765 1.833821 10.882787 
0.283684 0.552135 0.787843 5.519612 1.357204 1.688245 1.858360 10.971423 
0.276828 0.550429 0.826389 1.107087 6.805015 1.605390 1.919252 10.930109 
0.277938 0.543889 0.776867 1.104515 1.410044 8.137702 1.901074 10.789979 
0.266434 0.549735 0.836636 1.079107 1.353314 1.577546 9.346733 10.766282 
0.225439 0.443604 0.678906 0.869782 1.096778 1.260586 1.481808 15.422351 
