2.006628 0.006990 0.006872 0.006711 0.008026 0.008429 0.009402 0.013307 
1.796288 1.797747 0.007757 0.008674 0.009415 0.009266 0.023176 0.008616 
0.896526 3.595386 0.010227 0.011097 0.010668 0.010583 0.010801 0.010487 
0.007231 4.007225 0.011472 0.011086 0.008919 0.008727 0.007800 0.011197 
1.797676 0.012516 2.695539 0.009692 0.009854 0.011849 0.012034 0.013307 
1.162081 2.329527 3.478906 0.012608 0.012722 0.017586 0.015221 0.015675 
0.010205 3.584638 2.692856 0.035925 0.009311 0.009555 0.023186 0.008521 
0.903790 0.009210 5.374179 0.009543 0.010388 0.013255 0.011611 0.012594 
0.015267 1.802345 5.377619 0.012983 0.013829 0.016695 0.019838 0.012400 
0.004593 0.005293 6.004566 0.007185 0.004927 0.012378 0.007210 0.008536 
1.797742 0.012328 0.011939 3.579582 0.008861 0.009481 0.015816 0.009429 
1.161888 2.326729 0.009599 4.619819 0.009968 0.010416 0.027621 0.009755 
0.009725 3.588905 0.013509 3.581514 0.011414 0.011742 0.016556 0.013691 
1.167062 0.012141 3.475761 4.619381 0.021824 0.017915 0.027364 0.024344 
0.010483 2.338491 3.452411 4.619381 0.015015 0.013155 0.012781 0.014036 
0.006325 0.007540 5.370187 3.591075 0.007429 0.006770 0.007145 0.010252 
0.899688 0.008158 0.007907 7.167711 0.011890 0.008850 0.010833 0.009612 
0.006370 1.790534 0.006090 7.164817 0.005737 0.009255 0.008568 0.005861 
0.006677 0.006683 2.672633 7.173409 0.012914 0.007750 0.009619 0.009367 
0.004868 0.004782 0.004699 8.004698 0.007701 0.004951 0.005139 0.009035 
1.800267 0.011687 0.014319 0.010650 4.463598 0.010754 0.013140 0.010863 
1.160735 2.314743 0.008632 0.009568 5.798643 0.009207 0.016246 0.009671 
0.009835 3.578115 0.007288 0.013224 4.511581 0.029737 0.024125 0.013655 
1.165302 0.012563 3.484642 0.014123 5.780134 0.016296 0.028497 0.012884 
0.012160 2.334647 3.474560 0.012914 5.750487 0.016537 0.014094 0.011784 
0.010052 0.014944 5.378340 0.014546 4.475071 0.016734 0.027098 0.013691 
1.170305 0.011189 0.010740 4.609550 5.781244 0.016041 0.018151 0.010456 
0.008203 2.328381 0.012237 4.607805 5.777850 0.010042 0.015775 0.008237 
0.008684 0.007993 3.470195 4.625769 5.785619 0.015561 0.013364 0.025915 
0.006899 0.006742 0.006762 7.157563 4.490350 0.009370 0.009431 0.009782 
0.895460 0.007521 0.006925 0.007391 8.965651 0.007237 0.007312 0.010353 
0.007749 1.800369 0.013230 0.007838 8.946687 0.030706 0.011336 0.008030 
0.005315 0.007671 2.720175 0.005188 8.922719 0.010656 0.005247 0.031069 
0.005970 0.005967 0.006194 3.559621 8.965209 0.008997 0.010642 0.009395 
0.005160 0.004825 0.004824 0.004834 10.004821 0.006040 0.004826 0.012497 
1.798928 0.012455 0.008863 0.010355 0.014398 5.351973 0.011793 0.009458 
1.165529 2.327646 0.015375 0.015662 0.014953 6.957373 0.016144 0.015037 
0.008222 3.578488 0.008873 0.009167 0.009455 5.419156 0.012019 0.009302 
1.170911 0.016922 3.485743 0.016939 0.017848 6.917283 0.019972 0.018207 
0.009456 2.311850 3.492812 0.008556 0.008622 6.910242 0.007915 0.009627 
0.007435 0.007485 5.367892 0.009384 0.007688 5.398323 0.024803 0.010852 
1.162513 0.012953 0.009816 4.625848 0.009604 6.952302 0.013313 0.009709 
0.011527 2.331140 0.010045 4.594442 0.010069 6.953352 0.011945 0.017622 
0.006976 0.011450 3.481400 4.611112 0.007384 6.936179 0.010421 0.008704 
0.005281 0.005135 0.005270 7.158019 0.005772 5.379286 0.008732 0.008038 
1.159345 0.011771 0.013293 0.012224 5.822092 6.937289 0.012914 0.011895 
0.007595 2.298968 0.007831 0.016027 5.809092 6.955418 0.012262 0.007642 
0.009743 0.009451 3.484124 0.010166 5.768074 6.934065 0.015426 0.010330 
0.007967 0.010512 0.008991 4.638978 5.774933 6.924022 0.017072 0.016986 
0.006681 0.006238 0.006250 0.006913 8.939473 5.399198 0.011062 0.009301 
0.901731 0.009612 0.010902 0.010345 0.009863 10.747056 0.009267 0.010371 
0.006086 1.800680 0.012081 0.006089 0.006958 10.730490 0.008781 0.007792 
0.005309 0.005120 2.683287 0.006841 0.005867 10.743262 0.008881 0.006009 
0.007987 0.007608 0.007259 3.566217 0.013278 10.754389 0.015098 0.009317 
0.006998 0.005619 0.004807 0.004899 4.485450 10.732811 0.004958 0.006254 
0.005118 0.005047 0.005108 0.005065 0.005153 12.005032 0.005197 0.008757 
1.794438 0.006921 0.006852 0.007710 0.007201 0.011219 6.280540 0.014672 
1.162625 2.310775 0.008551 0.009203 0.008425 0.008678 8.111494 0.009472 
0.010583 3.584234 0.011090 0.009651 0.008817 0.014871 6.279775 0.009760 
1.156498 0.006908 3.468904 0.009482 0.023882 0.006618 8.121143 0.007468 
0.009793 2.303038 3.480079 0.022230 0.022200 0.012010 8.123239 0.067171 
0.005352 0.005964 5.365261 0.007612 0.005398 0.012295 6.297101 0.009312 
1.164472 0.007617 0.007383 4.596342 0.048199 0.009028 8.120682 0.007098 
0.011516 2.333615 0.009579 4.586913 0.010218 0.010560 8.112723 0.023127 
0.011190 0.014674 3.491374 4.597263 0.011771 0.017303 8.112757 0.016681 
0.005649 0.011324 0.006979 7.145982 0.016433 0.013299 6.317007 0.005410 
1.159831 0.012637 0.017190 0.012905 5.809545 0.013207 8.113315 0.015595 
0.007227 2.325313 0.013692 0.016449 5.764134 0.010118 8.080813 0.009905 
0.005247 0.008512 3.485208 0.008239 5.731321 0.007165 8.116569 0.006465 
0.007536 0.007537 0.007801 4.604458 5.772596 0.008673 8.140242 0.010602 
0.004636 0.004636 0.004637 0.015495 8.932234 0.012694 6.312061 0.004822 
1.163561 0.015592 0.015756 0.019021 0.014984 6.949826 8.130684 0.018249 
0.011433 2.322154 0.008939 0.010800 0.008954 6.884097 8.135900 0.012246 
0.009446 0.007919 3.476792 0.007837 0.014060 6.931974 8.083809 0.035597 
0.008571 0.012515 0.012014 4.586883 0.018164 6.965684 8.126384 0.031523 
0.010558 0.010704 0.010365 0.008712 5.786067 6.895471 8.134288 0.021230 
0.005358 0.005715 0.005322 0.011858 0.005343 10.730423 6.284988 0.005557 
0.901469 0.008435 0.009601 0.010226 0.010766 0.011667 12.534615 0.009616 
0.007451 1.790493 0.007926 0.009244 0.008214 0.008542 12.539575 0.008369 
0.008594 0.011195 2.679999 0.008676 0.009127 0.013391 12.544387 0.011832 
0.007374 0.008232 0.012997 3.561291 0.007978 0.008613 12.549848 0.007317 
0.006360 0.006362 0.006374 0.015432 4.448907 0.007722 12.548957 0.006400 
0.005582 0.005311 0.005330 0.006444 0.030182 5.327079 12.553235 0.007400 
0.006347 0.005413 0.005203 0.005202 0.005207 0.005824 14.005199 0.006605 
1.797248 0.006659 0.007076 0.008324 0.009270 0.010968 0.021497 7.127617 
1.157427 2.342962 0.015699 0.015828 0.015896 0.016196 0.016301 9.279299 
0.009893 3.591425 0.009508 0.011792 0.011220 0.014246 0.012038 7.130815 
1.161619 0.013838 3.487421 0.014278 0.013887 0.014590 0.013256 9.272974 
0.012044 2.325255 3.477747 0.010894 0.010920 0.012887 0.014115 9.216656 
0.006186 0.010479 5.366675 0.005602 0.005719 0.015026 0.007832 7.189319 
1.162164 0.005281 0.004834 4.620776 0.005535 0.006700 0.004994 9.224790 
0.009705 2.315926 0.009513 4.609468 0.010095 0.011613 0.015758 9.296398 
0.008398 0.012737 3.462120 4.624466 0.008529 0.010550 0.011777 9.278893 
0.004182 0.004180 0.004176 7.150491 0.004834 0.008965 0.004680 7.195887 
1.157941 0.012326 0.013860 0.013405 5.812730 0.021744 0.013500 9.277859 
0.013574 2.303951 0.013295 0.011799 5.785453 0.012205 0.024201 9.307927 
0.010817 0.011829 3.465858 0.011427 5.793768 0.012578 0.012418 9.244905 
0.009526 0.009542 0.009805 4.623833 5.796386 0.028660 0.049003 9.234552 
0.004359 0.004992 0.004694 0.015140 8.940421 0.013758 0.009759 7.185632 
1.164710 0.017858 0.013698 0.015990 0.016874 6.965163 0.019919 9.249287 
0.010330 2.322372 0.009523 0.009968 0.010465 6.904529 0.009907 9.277282 
0.007464 0.013613 3.456669 0.011488 0.007553 6.981420 0.027031 9.223373 
0.012312 0.012346 0.012516 4.665353 0.012639 6.916244 0.014495 9.213416 
0.009035 0.008138 0.010502 0.009155 5.792224 6.965078 0.009867 9.190217 
0.005647 0.005622 0.005698 0.007994 0.005622 10.729612 0.009193 7.185346 
1.163103 0.012513 0.010183 0.009603 0.008164 0.008693 8.152425 9.171741 
0.013693 2.322823 0.006579 0.007902 0.013445 0.013736 8.127496 9.171035 
0.015710 0.009041 3.476065 0.031168 0.009631 0.009803 8.111819 9.215665 
0.007257 0.007257 0.007260 4.617304 0.007629 0.010298 8.087596 9.265260 
0.008968 0.007924 0.007745 0.010655 5.742862 0.009381 8.158889 9.228223 
0.004165 0.004193 0.004328 0.004196 0.004215 6.926575 8.076129 9.261961 
0.004169 0.004178 0.005699 0.004342 0.005865 0.009083 12.555098 7.092927 
0.904011 0.013725 0.016837 0.012533 0.013092 0.012328 0.020640 14.333164 
0.008635 1.809620 0.011817 0.013740 0.009355 0.011011 0.011671 14.294970 
0.008428 0.008467 2.673827 0.009461 0.007590 0.007730 0.009106 14.339971 
0.004688 0.004540 0.008922 3.573312 0.008180 0.007284 0.004558 14.324254 
0.005828 0.005800 0.005792 0.006319 4.452376 0.006344 0.005802 14.336995 
0.005594 0.005594 0.008042 0.017768 0.021363 5.378173 0.017075 14.312365 
0.005349 0.005470 0.005307 0.012002 0.005363 0.005253 6.327828 14.280653 
0.006467 0.006466 0.006481 0.006466 0.006466 0.006732 0.006466 16.006466 
1.944976 0.607340 0.502497 1.166841 1.157010 1.715778 1.911602 1.867428 
1.326269 2.753271 0.733714 1.112849 1.306412 1.638886 1.890637 2.110612 
0.235953 3.857110 0.611002 0.850461 1.175094 1.249132 1.428253 1.660657 
1.367544 0.551515 4.059319 1.101441 1.322712 1.623660 1.807461 2.143929 
0.285786 2.706999 4.049560 1.093598 1.320280 1.622722 1.883352 2.137010 
0.212603 0.431418 5.795727 0.849004 1.103381 1.294912 1.568335 1.711763 
1.359186 0.533298 0.848284 5.492960 1.326545 1.590060 1.918551 2.180964 
0.286386 2.703053 0.781805 5.397645 1.348840 1.512374 1.921908 2.091225 
0.279398 0.558749 4.031524 5.423541 1.394010 1.642664 1.920029 2.152400 
0.203295 0.380527 0.643058 7.764017 1.009863 1.299561 1.520239 1.587943 
1.383709 0.525329 0.779882 0.905118 6.757632 1.596317 1.810794 2.091049 
0.243528 2.772545 0.831927 1.021272 6.698901 1.539775 1.922302 1.950200 
0.272602 0.522536 4.057060 1.074926 6.782663 1.551835 1.848948 2.184080 
0.262492 0.537329 0.822990 5.397368 6.739697 1.590354 1.813474 2.295237 
0.191881 0.388465 0.627163 0.755783 9.690078 1.254490 1.407326 1.556905 
1.375189 0.492349 0.791214 1.033930 1.330332 8.083945 1.912951 2.078158 
0.251727 2.748105 0.824479 1.036158 1.356257 7.960394 1.902777 2.199208 
0.269033 0.569246 3.977618 1.014180 1.335172 8.273677 1.883463 2.184772 
0.278008 0.559342 0.781697 5.361971 1.363254 8.163111 1.839408 2.273111 
0.261678 0.473107 0.779998 1.120899 6.776204 8.160487 1.846164 2.155958 
0.213923 0.432670 0.672557 0.886983 1.055428 11.548683 1.545971 1.737776 
1.348638 0.525875 0.817983 0.995140 1.291698 1.603245 9.442044 2.070222 
0.249190 2.716413 0.765530 1.006803 1.303561 1.601125 9.453430 2.081534 
0.271665 0.557310 4.030899 0.973955 1.299361 1.618370 9.476330 2.186675 
0.259818 0.541614 0.795510 5.327213 1.307579 1.645216 9.484456 2.194754 
0.258725 0.490740 0.847722 1.021291 6.796602 1.562535 9.549043 2.174096 
0.259903 0.515155 0.733827 0.985180 1.433359 8.093015 9.528391 2.170298 
0.231200 0.410712 0.592833 0.847593 1.024802 1.277450 13.505658 1.699852 
1.369852 0.533663 0.803362 1.070819 1.303861 1.571810 1.880651 10.750741 
0.253481 2.731912 0.781598 1.032850 1.358792 1.514089 1.778428 10.678810 
0.273286 0.550690 4.029676 1.089995 1.280300 1.598984 1.954383 10.811804 
0.276407 0.571151 0.794642 5.383890 1.279333 1.706044 1.793046 10.692582 
0.278364 0.565364 0.810201 0.911130 6.494321 1.493900 1.889076 11.212835 
0.262598 0.549908 0.825178 1.074300 1.275442 7.848082 1.706792 11.244562 
0.272424 0.537633 0.746938 1.123591 1.347601 1.601323 9.536042 10.729993 
0.230520 0.418977 0.630648 0.894426 0.981435 1.279010 1.538645 15.388438 
