2.058022 0.060222 0.059597 0.067317 0.062348 
2.019875 0.840937 0.061318 0.059175 0.058921 
1.847738 1.847750 0.062755 0.058905 0.059027 
1.475616 2.888753 0.062618 0.061323 0.061674 
0.955102 3.648667 0.066523 0.066520 0.070699 
0.447971 3.986507 0.062205 0.061803 0.061925 
0.059720 4.059671 0.061900 0.060630 0.060195 
2.023717 0.061443 1.211286 0.060915 0.066092 
1.946888 1.007707 1.479356 0.063940 0.062368 
1.664034 2.202011 1.653452 0.060774 0.061113 
1.129637 3.280453 1.670510 0.066275 0.067755 
0.523705 3.841440 1.437910 0.062292 0.060713 
0.061197 3.984273 1.232118 0.061228 0.062995 
1.850778 0.065004 2.762791 0.065728 0.069709 
1.665947 1.130740 3.275475 0.065277 0.063521 
1.213866 2.362036 3.540214 0.060550 0.060527 
0.596712 3.273410 3.265923 0.065431 0.064071 
0.060819 3.634137 2.757109 0.060888 0.065085 
1.475399 0.062609 4.309483 0.064857 0.067251 
1.128750 1.128757 4.890286 0.065433 0.065542 
0.594909 2.194643 4.881340 0.063226 0.070178 
0.061690 2.891814 4.301718 0.070751 0.063244 
0.953844 0.063548 5.435079 0.063270 0.063148 
0.530478 0.999940 5.725342 0.063195 0.071854 
0.061253 1.842420 5.432872 0.061176 0.061207 
0.448164 0.063580 5.948453 0.067106 0.063228 
0.063953 0.848800 5.947319 0.064062 0.065730 
0.060540 0.059591 6.059588 0.059654 0.068272 
2.022067 0.063792 0.064032 1.637266 0.063309 
1.949882 1.008636 0.064129 1.937574 0.064412 
1.668694 2.207635 0.067109 2.208980 0.067163 
1.127845 3.274863 0.061492 2.183089 0.061760 
0.530989 3.836857 0.065788 1.934514 0.064188 
0.060519 3.982302 0.064934 1.633188 0.061356 
1.950157 0.063227 1.471720 1.935304 0.065918 
1.792950 1.208812 1.819487 2.372297 0.064007 
1.323398 2.598039 1.948854 2.604522 0.063421 
0.640318 3.531566 1.787080 2.358939 0.064889 
0.060314 3.828186 1.483964 1.958591 0.062355 
1.665563 0.062926 3.265400 2.210863 0.067573 
1.324413 1.329393 3.874061 2.561681 0.062174 
0.690749 2.586320 3.866671 2.600280 0.063501 
0.063317 3.269077 3.265418 2.210870 0.064888 
1.130118 0.061380 4.879369 2.172540 0.061594 
0.631724 1.215091 5.265385 2.347474 0.059885 
0.062719 2.195878 4.883880 2.177343 0.085755 
0.529516 0.064806 5.731418 1.920781 0.064518 
0.061895 1.008812 5.716137 1.941688 0.065422 
0.061464 0.060348 5.944435 1.625105 0.065480 
1.848957 0.062210 0.060697 3.637715 0.065588 
1.664852 1.124981 0.060327 4.331559 0.068676 
1.213952 2.379040 0.063640 4.668325 0.061154 
0.592301 3.273117 0.063853 4.342741 0.064270 
0.061083 3.643551 0.061942 3.616566 0.060791 
1.662395 0.061023 1.665795 4.346787 0.061146 
1.327812 1.329229 1.959205 5.129747 0.066039 
0.686107 2.593184 1.975107 5.140406 0.066604 
0.061772 3.268397 1.647137 4.347158 0.061189 
1.217446 0.061943 3.524746 4.678882 0.063540 
0.693049 1.331979 3.842268 5.139669 0.063324 
0.067172 2.375383 3.545343 4.662311 0.066149 
0.592380 0.063696 4.882597 4.334483 0.065188 
0.060657 1.125096 4.881200 4.321466 0.061574 
0.060216 0.061952 5.433480 3.619883 0.060516 
1.483383 0.067216 0.065507 5.707076 0.065526 
1.131475 1.135886 0.062531 6.472366 0.067608 
0.595261 2.200586 0.072724 6.510752 0.071333 
0.058345 2.888973 0.067150 5.708076 0.057579 
1.132463 0.065747 1.650869 6.493515 0.066271 
0.633852 1.215175 1.796166 6.997717 0.062205 
0.065392 2.200227 1.667636 6.484250 0.066894 
0.592259 0.061144 3.268497 6.479740 0.066048 
0.061548 1.118437 3.255417 6.492274 0.074991 
0.058419 0.059465 4.299929 5.716500 0.060340 
0.952331 0.059056 0.059295 7.216530 0.059620 
0.528217 1.008795 0.064014 7.610434 0.063267 
0.061516 1.841539 0.061520 7.225255 0.069427 
0.530340 0.065478 1.470057 7.615622 0.065088 
0.064201 1.014345 1.463534 7.606618 0.065451 
0.062659 0.062963 2.746687 7.217053 0.062533 
0.450160 0.059635 0.060279 7.905285 0.059788 
0.058696 0.838677 0.057349 7.903083 0.057598 
0.058063 0.057805 1.238914 7.901268 0.058325 
0.057042 0.060850 0.057054 8.057037 0.057175 
2.020525 0.061482 0.060792 0.068558 2.019167 
1.948105 0.996632 0.062709 0.064524 2.431310 
1.668363 2.201346 0.064424 0.063293 2.707210 
1.125761 3.271449 0.061537 0.061374 2.756249 
0.527383 3.839784 0.063986 0.065778 2.406761 
0.061209 3.982954 0.062008 0.062653 2.020412 
1.948663 0.063518 1.474077 0.062503 2.408998 
1.794111 1.213851 1.811813 0.063334 2.949764 
1.322083 2.607574 1.960917 0.065897 3.246128 
0.640212 3.535351 1.782106 0.065781 2.915681 
0.061518 3.834137 1.473214 0.061579 2.408164 
1.664200 0.062877 3.282659 0.062741 2.710910 
1.328071 1.324090 3.864698 0.065132 3.206863 
0.688126 2.588493 3.864616 0.062319 3.220877 
0.063390 3.262695 3.278421 0.063093 2.758431 
1.126814 0.059485 4.877627 0.059463 2.706637 
0.636702 1.202424 5.262261 0.059898 2.948213 
0.060137 2.192068 4.872604 0.063114 2.747227 
0.518400 0.064696 5.732038 0.066728 2.435625 
0.058684 1.001273 5.712167 0.058799 2.437413 
0.061505 0.066453 5.944935 0.062226 2.022788 
1.948297 0.063647 0.066088 1.952221 2.390269 
1.791747 1.224603 0.060902 2.365647 2.934645 
1.329036 2.593171 0.065706 2.591653 3.236339 
0.638906 3.536166 0.068983 2.385942 2.938290 
0.059305 3.829971 0.063126 1.938300 2.424557 
1.796182 0.064616 1.784883 2.391011 2.956893 
1.480235 1.480548 2.181563 2.887009 3.601905 
0.762650 2.895956 2.176333 2.883670 3.596827 
0.060654 3.526482 1.781345 2.365641 2.953167 
1.321471 0.060593 3.854420 2.606737 3.244539 
0.768989 1.474282 4.332290 2.882094 3.615302 
0.062690 2.600491 3.848598 2.590333 3.212825 
0.632461 0.063360 5.263827 2.389260 2.940047 
0.067196 1.225087 5.260395 2.370007 2.968769 
0.063185 0.058936 5.716977 1.948839 2.402047 
1.663624 0.060212 0.061251 4.326438 2.747602 
1.340970 1.332311 0.079668 5.168526 3.231519 
0.694547 2.585248 0.063310 5.139289 3.223124 
0.065451 3.275726 0.065673 4.331476 2.732727 
1.331944 0.067413 1.968492 5.129887 3.220082 
0.765386 1.479817 2.180004 5.738856 3.596742 
0.064085 2.610082 1.930697 5.107794 3.228726 
0.687496 0.062380 3.856575 5.134523 3.231640 
0.061064 1.326500 3.858279 5.121148 3.210937 
0.062012 0.064371 4.875838 4.327589 2.738903 
1.130251 0.064871 0.065344 6.483893 2.751731 
0.633681 1.214530 0.062745 7.007381 2.921870 
0.058796 2.195996 0.066137 6.472891 2.733323 
0.632196 0.060465 1.783397 7.004379 2.929871 
0.061852 1.219534 1.801946 6.988976 2.931302 
0.060458 0.061523 3.271993 6.464060 2.757924 
0.529748 0.062949 0.063072 7.612434 2.407281 
0.063279 0.999973 0.064101 7.602049 2.451755 
0.062598 0.059345 1.469020 7.604216 2.411851 
0.060340 0.060200 0.060936 7.907195 2.006553 
1.847596 0.061909 0.058960 0.058706 4.527138 
1.666377 1.130411 0.063392 0.065346 5.403020 
1.214087 2.367580 0.060657 0.059798 5.836209 
0.590358 3.284719 0.072068 0.071973 5.432989 
0.059904 3.638569 0.060859 0.061720 4.525361 
1.662083 0.061347 1.662344 0.060930 5.425910 
1.322335 1.319000 1.963051 0.059433 6.390355 
0.683020 2.594376 1.975624 0.063926 6.404412 
0.060475 3.268769 1.655134 0.062471 5.408607 
1.212947 0.062248 3.531256 0.062029 5.845196 
0.693731 1.321067 3.861071 0.061632 6.382611 
0.062505 2.364730 3.528562 0.067341 5.847575 
0.586924 0.064266 4.886163 0.063530 5.404695 
0.061179 1.125452 4.873818 0.059918 5.401425 
0.059315 0.060198 5.427068 0.059043 4.526286 
1.664725 0.062838 0.063349 2.179867 5.428418 
1.326824 1.326832 0.062050 2.561349 6.384828 
0.691884 2.603005 0.068278 2.583628 6.379210 
0.059694 3.267585 0.063301 2.172609 5.416816 
1.327230 0.066102 1.970112 2.598363 6.378838 
0.766442 1.480517 2.189910 2.886685 7.133693 
0.062034 2.591865 1.954442 2.583902 6.393113 
0.688178 0.062797 3.856143 2.596818 6.397876 
0.060095 1.328584 3.842849 2.594739 6.396147 
0.061240 0.060722 4.881153 2.166380 5.397783 
1.211986 0.059274 0.059411 4.683608 5.835143 
0.698861 1.337856 0.074424 5.129105 6.419472 
0.059641 2.367090 0.059273 4.674244 5.840242 
0.689786 0.062566 1.959179 5.126232 6.390146 
0.059499 1.325813 1.947537 5.132397 6.372094 
0.059209 0.058543 3.516947 4.682966 5.834501 
0.593655 0.063859 0.064254 6.488415 5.401428 
0.060070 1.121977 0.060217 6.480209 5.402117 
0.059097 0.062478 1.674954 6.469942 5.400439 
0.057675 0.059086 0.056267 7.202115 4.551995 
1.472988 0.063170 0.058199 0.058379 7.126279 
1.125462 1.124541 0.058361 0.060867 8.083137 
0.591513 2.196983 0.064647 0.067884 8.103603 
0.060117 2.889001 0.059403 0.061083 7.127483 
1.127736 0.061578 1.655356 0.061408 8.092801 
0.634397 1.214777 1.790879 0.065178 8.738012 
0.060276 2.191870 1.675153 0.061500 8.081736 
0.592322 0.061415 3.264890 0.067537 8.078126 
0.062203 1.129438 3.283636 0.062098 8.065127 
0.060109 0.059301 4.303709 0.060986 7.127396 
1.132137 0.062582 0.068443 2.201809 8.077396 
0.634103 1.214112 0.066640 2.370435 8.744428 
0.062255 2.194460 0.067472 2.192755 8.090437 
0.632984 0.063464 1.795458 2.379167 8.731702 
0.063391 1.220569 1.795263 2.362264 8.724041 
0.058905 0.060611 3.281577 2.200433 8.057980 
0.594426 0.061579 0.061665 4.330247 8.088446 
0.061203 1.131837 0.060376 4.347283 8.066821 
0.060472 0.060657 1.657010 4.354298 8.067462 
0.059493 0.059493 0.060118 5.710699 7.137613 
0.958024 0.062605 0.062775 0.060966 8.998562 
0.528843 0.999043 0.059326 0.062593 9.490207 
0.061096 1.855106 0.062767 0.060964 8.998561 
0.532135 0.064133 1.479940 0.066406 9.488628 
0.061776 1.000645 1.476835 0.062099 9.490580 
0.059949 0.059944 2.764615 0.059593 8.985604 
0.528884 0.065106 0.064644 1.950141 9.501562 
0.063173 1.005635 0.063871 1.974758 9.483144 
0.061489 0.061634 1.478413 1.967855 9.481687 
0.057247 0.057732 0.057245 3.636548 9.000520 
0.447506 0.059162 0.059393 0.059681 9.868789 
0.060986 0.841547 0.061156 0.062682 9.868557 
0.061507 0.059533 1.240099 0.061344 9.863978 
0.060445 0.060388 0.060389 1.617238 9.869202 
0.058412 0.060954 0.060290 0.066956 10.058380 
