2.604450 1.154731 1.913948 1.014351 0.995784 
2.638549 1.013014 1.898329 1.057589 0.986219 
1.935459 2.508502 1.889562 1.014575 0.995206 
1.935113 2.508112 1.889679 1.015106 0.995029 
1.288217 3.781247 1.914154 1.017075 0.995891 
1.247820 3.526750 1.936664 1.171649 1.009268 
1.944215 1.218152 3.743034 1.034279 0.989166 
1.881962 1.207174 3.741215 1.106642 0.965042 
1.283386 2.556350 3.750492 1.023419 0.992491 
1.355675 2.262117 3.497242 1.190103 0.947283 
1.333896 1.252043 5.580885 1.013090 0.999502 
1.423407 1.005035 5.460747 1.096421 0.973565 
2.582170 1.295204 1.080667 1.591794 0.954231 
2.604739 1.079497 1.181774 1.295021 0.972633 
1.937022 2.544068 1.094456 1.593172 0.946907 
2.141429 2.283215 1.055951 1.535678 0.969358 
1.312644 3.804471 1.087400 1.608481 0.950413 
1.313235 3.808130 1.086154 1.606621 0.951152 
1.905303 1.231643 1.826168 1.744795 0.751995 
1.578561 1.152096 1.579632 2.219964 0.593636 
1.290013 2.457494 1.941556 1.707225 0.764815 
1.334001 2.616112 1.424838 1.756746 0.756021 
0.948535 3.445461 1.778966 1.602865 0.799199 
0.998219 3.792690 1.962684 1.307039 0.900552 
1.776559 1.003436 3.307852 1.477274 0.851382 
1.846340 1.003815 3.386120 1.350984 0.992250 
1.286697 1.271288 3.628218 1.743588 0.752723 
0.866142 2.296333 3.438832 1.712687 0.762943 
0.769079 1.905852 3.061441 2.155280 0.615366 
1.102143 0.852105 4.837887 1.733173 0.755892 
1.158211 0.896455 5.325214 1.483678 0.842243 
0.771250 1.137418 5.285046 1.774826 0.741774 
1.920995 1.291258 1.222288 2.914927 0.817884 
1.920714 2.006239 1.047811 2.925842 0.962628 
1.259562 2.478157 1.257448 2.895170 0.788986 
1.217022 3.108299 1.119612 2.951725 0.904053 
0.985977 3.794954 1.065625 2.942115 0.948049 
0.990255 3.865570 1.048164 2.926162 0.962342 
1.172597 1.074839 1.655166 2.668148 0.447025 
1.509435 1.111051 1.864511 2.214341 0.595510 
0.750070 2.024036 1.659937 2.607256 0.464275 
0.650853 1.574968 1.662780 2.922403 0.426005 
0.976650 0.818001 3.130055 2.488022 0.511355 
1.049880 0.841129 3.367894 2.428501 0.597536 
0.580400 1.140183 3.326242 2.668960 0.446483 
0.821408 0.709106 4.159322 2.348672 0.553865 
0.838215 0.717421 4.257736 2.282517 0.590197 
1.870248 1.009181 1.094715 4.292904 0.870926 
1.885118 1.009318 1.090131 4.295164 0.877634 
1.274172 1.235481 1.216874 4.297140 0.660083 
1.093904 0.938197 1.246452 4.473981 0.527763 
0.835816 2.282726 1.212490 4.205561 0.688720 
0.843429 2.322216 1.206505 4.200436 0.700279 
0.527372 1.018314 1.642532 3.382101 0.206516 
0.909821 0.840031 1.353230 4.096234 0.520711 
0.544846 0.603264 2.598311 3.245429 0.251777 
0.537433 0.604406 2.574381 3.262155 0.249899 
0.418177 0.820887 2.530047 3.289384 0.240785 
0.421593 0.826818 2.553773 3.274306 0.245835 
0.528408 0.987919 0.960008 5.892408 0.407579 
0.638246 0.826694 0.945606 6.008075 0.521784 
0.398618 0.598229 1.468651 4.044597 0.099187 
0.473534 0.697204 1.126791 5.088848 0.330376 
0.295507 0.593234 1.530025 3.865501 0.091859 
0.331764 0.671618 1.550387 3.770258 0.139798 
0.627714 0.631544 1.001811 5.656998 0.336309 
2.703723 1.348639 1.010135 1.013161 1.523045 
2.686803 1.011922 1.025398 1.039367 2.264488 
2.089709 2.615714 1.009931 1.013977 1.423269 
1.392510 3.977780 1.015901 1.017541 1.474925 
1.286684 3.753779 1.182392 1.182407 1.410582 
0.999929 4.881845 1.013371 1.019456 1.173465 
0.999614 4.826748 1.028813 1.043082 1.165396 
2.255432 1.479851 2.166635 1.012112 1.514508 
2.397767 1.567393 1.891003 1.024354 0.992652 
1.516706 2.960820 2.164369 1.010591 1.517946 
0.999921 4.093778 2.062714 1.013484 1.424141 
1.001433 3.989549 2.075609 1.060417 1.407546 
1.976962 1.001329 3.817113 1.014867 1.340156 
1.924739 1.020789 3.748065 1.048863 1.488514 
1.494847 1.540738 4.335295 1.014515 1.549453 
1.222795 2.289479 4.065808 1.089295 1.331155 
0.997347 2.691617 4.103354 1.018384 1.514789 
1.329942 0.995628 5.723766 1.019338 1.386629 
1.320007 0.993732 5.734314 1.027194 1.382118 
0.995387 1.336940 6.107558 1.018103 1.570920 
0.991633 1.350045 6.063888 1.029834 1.566683 
2.781825 1.006759 1.014643 1.398492 1.455697 
2.748177 1.013851 1.030230 1.421029 1.446447 
2.368738 1.555545 1.007592 1.863591 1.617264 
1.592771 3.026418 1.020620 1.916078 1.643910 
1.429204 2.614355 1.370043 2.099605 1.544433 
0.999465 4.320973 1.006264 1.816349 1.622119 
2.272532 1.003884 2.170985 1.749363 1.592544 
2.319368 1.008506 2.239701 1.778515 1.075470 
1.468381 1.461396 2.177396 1.733955 1.531975 
0.890136 2.746193 2.088124 1.694064 1.544519 
1.242359 3.388181 1.847326 1.166569 1.761413 
1.283281 0.902438 3.797152 1.693762 1.408493 
1.462604 0.955057 4.253967 1.316696 1.639699 
0.783798 1.456529 4.182806 1.743546 1.534659 
0.930868 0.789498 4.895171 1.779168 1.227120 
0.940776 0.813976 5.198074 1.641294 1.326419 
0.938119 0.810320 5.163548 1.657284 1.320661 
2.256465 1.002064 1.005920 3.407730 1.619418 
2.260955 1.002224 1.006400 3.418771 1.576710 
1.744947 1.749297 1.007849 3.791871 1.789995 
0.996788 3.246080 1.008889 3.805147 1.739707 
0.991602 3.372065 1.023170 4.028798 0.978223 
1.095420 0.919451 1.835651 2.649654 1.277424 
1.082902 0.915543 1.832020 2.662598 1.271449 
0.618567 1.219403 1.769550 2.756232 1.258778 
0.886461 0.891757 1.749368 2.859186 1.317858 
0.668991 0.632144 3.097034 2.611145 1.200636 
0.636474 0.620168 2.908691 2.709057 1.165600 
1.285833 0.920597 1.144857 4.255497 1.440121 
1.297104 0.923088 1.142388 4.261042 1.446399 
0.718938 1.377372 1.185839 4.176443 1.347368 
1.138822 2.497945 1.027306 4.695485 1.577485 
0.420660 0.579120 1.612154 3.312144 1.095407 
0.312362 0.625640 1.476263 3.394975 1.075926 
0.669097 0.629410 0.886631 5.473534 1.365849 
0.659284 0.937073 0.828085 6.087823 1.504403 
0.381042 0.741141 1.095304 4.693010 0.857813 
0.397165 0.767724 1.072680 4.807612 0.882064 
0.239869 0.473487 1.395562 3.800135 0.967166 
0.261672 0.518640 1.531325 3.508963 0.975313 
2.661399 1.004807 1.009689 1.014875 2.575024 
2.588612 1.020365 1.047564 1.075843 2.473549 
2.279919 1.544312 1.009563 1.016714 3.123128 
2.508561 1.017393 1.047525 1.042760 3.058791 
1.584207 2.929927 1.008288 1.011034 3.169343 
1.444143 2.607020 1.132264 1.222892 3.069874 
0.999086 4.175927 1.008345 1.011055 2.980528 
1.011183 4.111730 1.016201 1.025607 2.973930 
2.202591 1.001143 2.138344 1.010880 3.017400 
2.177525 1.001900 2.147794 1.020346 3.062929 
1.685491 1.609228 2.504331 1.013512 3.449412 
1.836306 1.398213 1.547360 1.293033 2.989959 
0.996801 3.099436 2.358489 1.016386 3.391317 
1.266402 2.506382 2.320820 1.048687 3.370746 
1.485534 0.998766 4.244472 1.015251 3.071479 
1.304471 0.924674 3.731653 1.341141 2.923842 
0.996653 1.597676 4.610434 1.010078 3.437685 
0.999521 0.993879 6.017795 1.015213 2.565377 
0.998560 0.988430 5.984402 1.028339 2.559841 
2.331414 1.002511 1.007285 1.858574 3.171217 
2.031220 1.054425 1.195359 1.377192 2.974694 
1.787651 1.811189 1.004788 2.066573 3.625897 
0.997747 3.413270 1.005623 2.004213 3.639037 
1.367583 0.941885 2.180971 1.680932 2.845594 
1.369292 0.942202 2.182320 1.679527 2.846537 
0.789982 1.506091 2.219005 1.811206 3.102434 
0.889254 2.418843 2.190858 1.412664 3.197085 
0.821801 0.716902 3.749703 1.794355 2.782518 
1.183585 0.912185 1.238213 2.735909 2.703595 
1.209408 0.943448 1.235541 2.715070 2.733104 
0.960376 0.845730 1.259239 2.812632 2.593076 
0.983680 0.865781 1.258561 2.805302 2.608086 
0.516964 0.575143 1.823298 2.666883 2.406246 
0.510730 0.631074 1.310815 2.782930 2.335018 
0.359735 0.694921 1.646845 2.735793 2.377421 
0.423055 0.814381 1.885796 2.573417 2.454531 
0.620688 0.589600 0.808163 4.585659 2.895765 
0.597853 0.725559 0.790092 4.686635 3.050354 
0.228687 0.392455 1.227786 3.333612 2.092637 
0.285828 0.405935 1.202837 3.534255 2.259358 
2.250666 1.002217 1.004436 1.009104 4.671543 
2.151839 1.008678 1.031425 1.088898 4.639550 
1.753141 1.739381 1.003927 1.005411 5.324795 
0.999278 3.288386 1.003406 1.005571 5.221532 
0.974299 2.864899 1.360553 1.069499 5.172721 
1.648117 0.998915 2.551895 1.007413 5.110837 
1.488718 0.993945 2.977267 1.018639 5.102539 
0.997393 1.903479 2.738664 1.008323 5.759681 
1.001413 2.669986 1.574840 1.008673 5.759403 
0.992840 0.982503 4.518183 1.024857 4.982873 
0.952168 0.881675 3.817228 1.174601 5.098718 
1.453853 0.955450 1.123360 1.824197 4.550863 
1.414827 0.953963 1.153470 1.410732 4.812719 
0.832684 1.529528 1.112892 1.795617 4.831765 
0.997040 2.720513 1.002271 2.131624 5.219113 
0.637266 0.595145 2.168207 1.806585 4.383251 
0.599869 0.783206 2.520424 1.627675 4.752862 
0.570010 0.544207 0.697458 3.504534 4.910340 
0.671870 0.649384 0.986472 2.672746 4.246896 
0.208921 0.388838 1.144879 2.597143 3.359343 
0.311763 0.470153 1.154646 2.738044 2.875723 
0.208630 0.375770 1.054211 2.977033 2.816177 
0.385707 0.464657 0.915875 3.583931 2.973201 
1.753912 0.998854 1.000808 1.002878 7.167390 
1.534520 0.967061 1.006722 1.048073 7.197963 
0.865250 1.798759 1.011602 1.104863 7.067463 
0.627446 1.144426 0.932373 1.235482 6.799274 
0.839240 0.793153 2.437232 1.089123 7.276076 
0.750561 0.895927 2.523315 1.150778 6.796685 
0.546776 0.690636 0.989219 1.685462 5.327290 
0.460471 0.874171 0.990680 1.682650 5.329808 
0.256107 0.431467 1.139371 1.823138 5.221493 
0.248736 0.421457 1.115932 1.831582 5.212815 
0.171461 0.300971 0.821413 2.329055 4.432571 
0.377272 0.435387 0.737372 2.929587 4.622238 
0.531337 0.518432 0.685575 0.975156 7.978099 
0.496941 0.483970 1.142679 0.964952 8.084655 
0.471016 0.562465 1.412467 1.209374 7.024426 
0.501813 0.591666 1.493056 1.196356 7.063188 
0.123677 0.205231 0.536868 1.504738 6.453037 
0.143343 0.203053 0.446811 1.029397 7.507798 
0.044406 0.060025 0.122769 0.276658 9.388046 
0.283075 0.328982 0.545905 1.002299 7.678949 
