2.050028 0.050573 0.050165 0.050564 0.053093 0.050511 0.050406 0.057821 
1.838267 1.840302 0.052840 0.053013 0.050475 0.051733 0.050532 0.052959 
0.944412 3.628574 0.050517 0.053615 0.050566 0.055244 0.050454 0.053543 
0.050140 4.049432 0.049872 0.050172 0.051203 0.051818 0.051558 0.049790 
1.838644 0.053085 2.730602 0.050124 0.050301 0.050768 0.049955 0.050283 
1.202828 2.362642 3.513836 0.052554 0.050037 0.051148 0.050855 0.053041 
0.054586 3.627745 2.734552 0.051039 0.051183 0.051683 0.050870 0.051191 
0.940402 0.050075 5.422311 0.052595 0.050133 0.051221 0.050912 0.053205 
0.052509 1.834576 5.418953 0.052860 0.051171 0.050871 0.050566 0.052664 
0.049278 0.048174 6.048147 0.049316 0.049364 0.053782 0.048758 0.051451 
1.841822 0.058646 0.051605 3.614955 0.051828 0.053702 0.052377 0.054286 
1.206820 2.364286 0.055086 4.661386 0.051569 0.052033 0.058161 0.059293 
0.051761 3.630940 0.051368 3.619649 0.056463 0.053412 0.053094 0.053854 
1.204096 0.053362 3.527456 4.674385 0.053806 0.056132 0.060591 0.053478 
0.052271 2.355041 3.525549 4.667085 0.053438 0.052456 0.058073 0.054215 
0.049798 0.051085 5.420072 3.617517 0.050533 0.051162 0.049814 0.052873 
0.945157 0.049679 0.052533 7.202562 0.050120 0.057636 0.050073 0.050084 
0.049877 1.842552 0.051261 7.200818 0.052592 0.051523 0.056951 0.052269 
0.049909 0.049904 2.736705 7.202803 0.051568 0.050367 0.056844 0.069720 
0.047939 0.047886 0.047885 8.047885 0.048890 0.048328 0.048100 0.050680 
1.836768 0.049783 0.053351 0.052541 4.538326 0.054121 0.049792 0.052805 
1.206953 2.360545 0.050908 0.053465 5.816597 0.055454 0.051459 0.053741 
0.050373 3.633037 0.050114 0.052620 4.493816 0.055535 0.049967 0.052848 
1.202689 0.051878 3.516059 0.053161 5.844362 0.052051 0.052608 0.053807 
0.053292 2.359486 3.510828 0.052484 5.840525 0.052993 0.052542 0.056083 
0.049449 0.048620 5.414352 0.050524 4.522755 0.054077 0.048859 0.051745 
1.204022 0.051994 0.051993 4.667886 5.842005 0.052224 0.052380 0.055235 
0.053943 2.361118 0.053684 4.660505 5.838803 0.052651 0.059598 0.062774 
0.049493 0.050189 3.522964 4.644259 5.837253 0.055100 0.049739 0.052810 
0.049831 0.050865 0.049873 7.198980 4.537597 0.051038 0.049900 0.052601 
0.945884 0.052395 0.052144 0.050655 8.991491 0.050711 0.057332 0.070020 
0.048650 1.847763 0.052247 0.050019 8.979777 0.049853 0.049037 0.051757 
0.050231 0.050246 2.728661 0.051695 8.998514 0.050743 0.050808 0.053349 
0.048283 0.048283 0.048406 3.620390 8.996049 0.048958 0.056084 0.056064 
0.048139 0.048156 0.048855 0.050098 10.048138 0.049576 0.048202 0.049710 
1.840794 0.050589 0.053072 0.055200 0.051306 5.398157 0.051216 0.053520 
1.205805 2.366876 0.052583 0.051482 0.050405 6.949461 0.052193 0.057599 
0.050934 3.629400 0.052934 0.050434 0.051756 5.408020 0.050519 0.060606 
1.208612 0.049601 3.515693 0.049309 0.049289 6.940139 0.048974 0.049044 
0.050286 2.369559 3.516779 0.050436 0.051281 6.941214 0.050914 0.050196 
0.053084 0.052589 5.425570 0.062566 0.054095 5.393379 0.052778 0.052595 
1.202915 0.049206 0.048026 4.650121 0.048281 6.997468 0.047972 0.055409 
0.052207 2.362959 0.052124 4.668014 0.052602 6.980140 0.052089 0.055314 
0.049272 0.050130 3.519189 4.667221 0.056949 6.967098 0.056892 0.051647 
0.049520 0.049519 0.049477 7.204084 0.050390 5.418470 0.050317 0.052804 
1.203870 0.056295 0.053473 0.053177 5.835486 6.989095 0.052677 0.055592 
0.048974 2.360009 0.048162 0.055533 5.821051 6.969638 0.048360 0.051252 
0.050560 0.051195 3.515567 0.052108 5.815107 6.987664 0.050833 0.053708 
0.049685 0.049700 0.050113 4.666294 5.829226 6.973921 0.057517 0.052782 
0.052320 0.050059 0.050043 0.050052 9.005012 5.390824 0.050456 0.053242 
0.945884 0.051413 0.053242 0.051922 0.060000 10.784281 0.051625 0.054517 
0.049854 1.850174 0.050182 0.050028 0.053780 10.764930 0.049651 0.052698 
0.050000 0.050066 2.744168 0.050027 0.050224 10.772211 0.050242 0.053159 
0.049377 0.050386 0.050848 3.621339 0.049807 10.786802 0.050040 0.052543 
0.049035 0.049055 0.049372 0.049049 4.538376 10.771812 0.049176 0.057360 
0.047200 0.047090 0.047088 0.047101 0.047087 12.047087 0.047621 0.050029 
1.840433 0.052090 0.051996 0.052189 0.052095 0.061354 6.317373 0.052712 
1.205024 2.362535 0.050027 0.050640 0.052153 0.050674 8.115780 0.052791 
0.050193 3.627908 0.050473 0.050387 0.052635 0.051609 6.308957 0.053364 
1.203116 0.049665 3.522781 0.049600 0.051692 0.049692 8.115326 0.052416 
0.051233 2.356929 3.522500 0.049826 0.049429 0.053178 8.117921 0.051403 
0.049088 0.050647 5.417156 0.050230 0.049244 0.051256 6.303044 0.052387 
1.203099 0.052296 0.049385 4.661605 0.049860 0.050666 8.149834 0.053054 
0.049086 2.362313 0.049004 4.665931 0.053354 0.051150 8.121190 0.049126 
0.049740 0.050367 3.512419 4.657084 0.057662 0.050054 8.155941 0.052873 
0.049122 0.053212 0.049460 7.199436 0.057902 0.049840 6.327846 0.052361 
1.205514 0.051979 0.049560 0.051818 5.829713 0.051107 8.114220 0.052607 
0.049898 2.361426 0.050048 0.050627 5.829359 0.051240 8.115749 0.049918 
0.051199 0.050364 3.515731 0.054496 5.833733 0.050900 8.116459 0.053589 
0.049941 0.049615 0.049639 4.666681 5.836992 0.050700 8.116067 0.057489 
0.050685 0.050605 0.050619 0.050614 8.993108 0.051486 6.316541 0.054361 
1.207276 0.053191 0.053060 0.052488 0.056137 6.970466 8.146161 0.053323 
0.054009 2.365402 0.051497 0.050631 0.049516 6.977726 8.107860 0.052364 
0.050352 0.050351 3.510150 0.050979 0.051241 6.966513 8.156964 0.058062 
0.049620 0.049727 0.049632 4.687328 0.050574 6.966681 8.112331 0.057410 
0.049696 0.049709 0.050432 0.049696 5.827014 6.939796 8.171489 0.056503 
0.048400 0.049959 0.050709 0.052843 0.048406 10.771710 6.332231 0.052007 
0.947178 0.049069 0.056290 0.048911 0.050116 0.051077 12.556946 0.056639 
0.048581 1.841747 0.050094 0.048570 0.051105 0.049006 12.562515 0.051631 
0.048859 0.048843 2.743954 0.054500 0.050149 0.051163 12.556979 0.056673 
0.049333 0.049333 0.051679 3.622449 0.049861 0.050447 12.575328 0.052573 
0.048425 0.048432 0.050861 0.048418 4.532723 0.049514 12.561862 0.049174 
0.048175 0.049727 0.048175 0.048218 0.048176 5.383186 12.588492 0.049670 
0.047337 0.049527 0.047399 0.047340 0.047387 0.047335 14.047331 0.051089 
1.839861 0.051235 0.050940 0.051631 0.050865 0.054973 0.050881 7.203317 
1.206285 2.363261 0.052813 0.051690 0.052002 0.052006 0.056457 9.278513 
0.050338 3.627777 0.049710 0.050752 0.050212 0.054761 0.049900 7.202197 
1.206953 0.052027 3.516145 0.051671 0.051179 0.054663 0.052741 9.275263 
0.049971 2.368721 3.516892 0.050444 0.057270 0.052770 0.049725 9.239329 
0.049794 0.050814 5.416898 0.054472 0.052462 0.051909 0.049816 7.202236 
1.208938 0.050790 0.053717 4.656507 0.051735 0.053824 0.059203 9.286310 
0.051602 2.360191 0.053656 4.673923 0.051585 0.052668 0.059798 9.284005 
0.051575 0.053266 3.510650 4.670942 0.051960 0.056115 0.051720 9.301298 
0.048570 0.048657 0.048571 7.205830 0.048786 0.053573 0.049599 7.196607 
1.203545 0.055663 0.052896 0.052671 5.835261 0.058431 0.057857 9.298021 
0.050283 2.357597 0.050445 0.050681 5.825202 0.064048 0.075397 9.292101 
0.050250 0.050463 3.503245 0.050923 5.839400 0.054846 0.050691 9.292338 
0.048285 0.048336 0.048274 4.648844 5.838977 0.054789 0.054400 9.294669 
0.050195 0.049794 0.049828 0.049778 9.009259 0.051978 0.050457 7.156315 
1.208614 0.051182 0.052726 0.051813 0.051172 6.965695 0.052010 9.284576 
0.050090 2.359312 0.049286 0.052251 0.049956 6.978606 0.049446 9.282704 
0.048637 0.049277 3.516280 0.049247 0.048906 6.972700 0.049079 9.282297 
0.049615 0.049744 0.052102 4.673266 0.055327 6.973804 0.049802 9.282847 
0.048947 0.048947 0.048948 0.054206 5.833639 6.966962 0.049142 9.282197 
0.048801 0.048802 0.048801 0.048802 0.048801 10.782114 0.049418 7.203722 
1.205427 0.057662 0.053485 0.053054 0.051392 0.053864 8.155573 9.268117 
0.051457 2.358216 0.051958 0.051535 0.052705 0.052335 8.139267 9.283123 
0.050430 0.051082 3.511533 0.054339 0.051037 0.050824 8.136108 9.292313 
0.049578 0.049576 0.053174 4.661602 0.050272 0.050725 8.153118 9.277096 
0.049600 0.049597 0.049598 0.059666 5.814619 0.050099 8.153139 9.277117 
0.047915 0.047915 0.047915 0.047931 0.056008 6.970579 8.149161 9.271898 
0.049689 0.049690 0.049743 0.049834 0.049834 0.049902 12.568350 7.212689 
0.943828 0.052398 0.052498 0.050064 0.049855 0.049765 0.049898 14.361599 
0.050696 1.836260 0.050804 0.050857 0.050550 0.051236 0.050188 14.366437 
0.048440 0.049719 2.727613 0.053357 0.048452 0.048754 0.048673 14.364732 
0.050163 0.049225 0.049273 3.622168 0.049324 0.049323 0.052105 14.364814 
0.048536 0.048536 0.048687 0.048536 4.522948 0.049594 0.053183 14.357548 
0.051451 0.051622 0.051499 0.051822 0.051465 5.417414 0.051555 14.362682 
0.047474 0.047474 0.047539 0.047561 0.047474 0.047479 6.311509 14.356569 
0.048158 0.047440 0.047197 0.047385 0.047241 0.047313 0.047188 16.047165 
2.022700 0.510363 0.730417 0.880581 1.205741 1.293400 1.538411 1.816105 
1.388619 2.745183 0.861174 1.065284 1.371717 1.618411 1.921715 2.189431 
0.154979 3.919731 0.696651 0.842412 1.166993 1.190663 1.498091 2.076581 
1.395047 0.603862 4.062057 1.131247 1.398418 1.652982 1.954571 2.160314 
0.315950 2.734705 4.061074 1.124736 1.396884 1.650311 1.887588 2.156648 
0.250019 0.475480 5.830099 0.924956 1.125304 1.395951 1.493912 1.732134 
1.386942 0.572676 0.781882 5.406210 1.439875 1.644660 1.937671 2.228929 
0.302949 2.740297 0.858086 5.404602 1.364654 1.608711 1.918784 2.072146 
0.317793 0.583152 4.090395 5.410335 1.358706 1.605490 1.903577 2.204229 
0.268035 0.437887 0.612843 7.781573 1.179242 1.419899 1.514348 1.743747 
1.400499 0.591789 0.836989 1.128690 6.754228 1.621273 1.899769 2.232682 
0.320659 2.717557 0.850360 1.108510 6.756660 1.680183 1.893497 2.210989 
0.321983 0.558873 4.104932 1.091709 6.860647 1.620780 1.944681 2.197497 
0.314444 0.584192 0.861744 5.429084 6.813562 1.601269 1.989995 2.165351 
0.264233 0.472310 0.680146 0.902214 9.675641 1.253939 1.576793 1.737708 
1.394406 0.589198 0.816402 1.095942 1.356838 8.145632 1.914861 2.211054 
0.319747 2.728972 0.841290 1.122098 1.372178 8.143415 1.917920 2.177871 
0.324994 0.581908 4.091289 1.141789 1.379439 8.117489 1.948897 2.165349 
0.321460 0.568690 0.890078 5.415360 1.379208 8.108952 1.941997 2.208203 
0.319456 0.576247 0.847630 1.115976 6.748493 8.092228 2.013747 2.191858 
0.258066 0.470718 0.691565 0.906976 1.134460 11.592876 1.478050 1.745455 
1.388980 0.589023 0.848157 1.110781 1.385407 1.639043 9.454823 2.220438 
0.320419 2.737913 0.857137 1.126529 1.398780 1.620258 9.450567 2.176625 
0.321168 0.589612 4.065460 1.115240 1.389714 1.655868 9.432011 2.174328 
0.315834 0.576467 0.866153 5.413234 1.392420 1.651212 9.434726 2.175386 
0.318232 0.584001 0.846712 1.111592 6.789143 1.619923 9.431999 2.188500 
0.310429 0.575948 0.845510 1.117645 1.388996 8.090098 9.424170 2.223111 
0.262371 0.473894 0.713642 0.929149 1.077056 1.357991 13.528509 1.679279 
1.391158 0.577278 0.844475 1.110506 1.374975 1.674456 1.893437 10.747883 
0.310434 2.719756 0.839911 1.102106 1.355428 1.624670 1.908034 10.808185 
0.320643 0.586536 4.069093 1.122853 1.368425 1.637832 1.913484 10.819090 
0.315744 0.583745 0.854533 5.406521 1.379774 1.636980 1.960740 10.765646 
0.316481 0.566059 0.849227 1.095785 6.750348 1.646180 1.829293 10.846473 
0.316117 0.580043 0.846422 1.079446 1.364346 8.119282 1.940615 10.769957 
0.322748 0.577530 0.831169 1.124379 1.379470 1.664822 9.474733 10.775897 
0.262128 0.472488 0.695418 0.909850 1.108071 1.296893 1.491119 15.432425 
