2.331430 2.331343 1.000672 1.000962 1.001284 1.001808 1.001988 1.002638 1.002631 1.000298 
1.184925 4.624486 1.000658 1.000944 1.001321 1.001799 1.001946 1.002847 1.002565 0.999783 
2.222436 1.000067 3.326694 1.000721 1.001046 1.001380 1.001466 1.001811 1.001981 0.999941 
1.298363 2.552078 3.768066 1.001138 1.001743 1.001835 1.002193 1.002593 1.002895 0.999745 
1.131876 0.999754 6.597440 1.000941 1.001292 1.001645 1.001809 1.002364 1.002449 0.999892 
1.022973 0.952699 5.800835 1.160933 1.227071 1.233088 1.289017 1.347896 1.409637 0.956436 
2.170256 1.000100 1.000256 4.309277 1.001378 1.001593 1.001921 1.002323 1.002576 0.999781 
2.164454 1.001820 1.000572 4.297880 1.026490 1.003711 1.004466 1.005292 1.005974 0.999324 
1.264642 2.500213 1.000275 4.930603 1.001493 1.001846 1.002165 1.002438 1.002799 0.999759 
0.914783 2.040217 1.111453 3.633085 1.357995 1.678216 1.666560 1.843752 2.041838 0.871455 
1.216312 0.999708 3.546605 4.728417 1.001654 1.002077 1.002358 1.002798 1.003329 1.000059 
1.109486 0.999710 0.999737 8.553006 1.001658 1.001658 1.002085 1.002718 1.002764 0.999781 
1.018928 0.989053 0.989227 8.382773 1.042168 1.053107 1.269225 1.076972 1.088494 1.361727 
2.136871 1.000062 1.000256 1.000455 5.302528 1.001906 1.002204 1.003133 1.002910 1.000098 
1.252391 2.444350 1.000153 1.000297 6.116358 1.001588 1.001939 1.002589 1.002502 0.999780 
1.201118 0.999691 3.491552 1.000472 5.829273 1.002009 1.002356 1.003125 1.003251 0.999791 
1.172439 0.999754 0.999773 4.560670 5.677929 1.001747 1.001902 1.002281 1.002530 0.999787 
1.091058 0.999728 0.999741 0.999756 10.536286 1.001720 1.001832 1.002221 1.002538 0.999794 
1.091044 0.999702 0.999716 0.999733 10.535422 1.001856 1.002001 1.002710 1.002764 0.999766 
2.121150 1.000050 1.000223 1.000377 1.000726 6.260850 1.001878 1.002143 1.002463 1.000144 
1.235461 2.449998 1.000329 1.000684 1.000821 7.216410 1.003342 1.004163 1.004433 0.999582 
1.184702 0.999778 3.481744 1.000308 1.000494 6.917937 1.001845 1.002439 1.002376 0.999832 
1.157350 0.985696 3.318334 1.016139 1.024953 6.664187 1.100619 1.118944 1.136943 1.285263 
1.156979 0.999659 0.999683 4.524485 1.000732 6.758182 1.002577 1.003066 1.003412 0.999758 
1.161010 0.996669 0.996993 4.457788 1.006352 6.724511 1.023985 1.028108 1.032105 0.996171 
1.143666 0.999584 0.999628 0.999655 5.565622 6.645507 1.002976 1.003471 1.003998 0.999607 
1.029820 0.972404 0.973322 0.974270 0.975265 12.072758 1.170225 1.202230 1.234972 0.970795 
2.112319 1.000052 1.000214 1.000369 1.000773 1.000759 7.200336 1.002457 1.002423 1.000142 
2.112352 1.000051 1.000210 1.000361 1.000761 1.000743 7.200377 1.002412 1.002371 1.000149 
1.235164 2.416478 1.000156 1.000312 1.000506 1.000748 8.381839 1.002842 1.003033 0.999829 
1.179530 0.999665 3.447593 1.000444 1.000666 1.000848 8.017094 1.003273 1.003305 0.999654 
1.154275 0.991464 3.306374 1.016893 1.026101 1.035436 7.873994 1.127018 1.146266 0.981784 
1.152449 0.999676 0.999721 4.499195 1.000662 1.000827 7.796582 1.002843 1.003126 0.999723 
0.885366 0.890443 1.022218 4.026709 1.163174 1.210171 6.552301 1.739381 1.904554 1.153107 
1.073603 0.966984 0.969202 0.971525 5.300997 1.074926 7.421009 1.255179 1.297850 0.962950 
1.006752 0.929685 0.933426 0.937496 0.941854 6.111594 7.124616 1.515804 1.616482 0.923125 
1.011180 0.933319 0.936859 0.940698 0.944793 6.200249 7.084659 1.490487 1.584833 0.927338 
0.980921 0.926299 0.929030 0.931976 0.935152 0.938645 13.334130 1.525272 1.628610 0.921457 
1.006804 0.934379 0.937596 0.941044 0.944739 0.948786 13.289612 1.479514 1.571414 0.928678 
2.097441 1.000051 1.000370 1.000511 1.000876 1.000945 1.001140 8.202351 1.003246 0.999667 
2.076100 1.000043 1.000363 1.000508 1.000872 1.000947 1.001144 8.372765 1.003345 0.999655 
1.223973 2.418116 1.000263 1.000374 1.000688 1.000728 1.000934 9.518699 1.003312 1.000253 
1.242433 2.139460 1.000175 1.000269 1.000539 1.000615 1.847914 9.518747 1.003245 1.000262 
1.173437 0.999735 3.442774 1.000358 1.000565 1.000758 1.000879 9.085255 1.002856 0.999843 
1.068653 0.998871 3.940262 1.024046 1.002070 1.002750 1.003337 8.514507 1.009739 1.005019 
1.126682 0.990239 0.991038 4.407253 1.017044 1.022975 1.028806 8.806764 1.090791 0.988688 
1.001872 0.926514 0.930422 0.934580 5.091074 1.152677 1.202858 8.223293 1.643041 0.919845 
0.943897 0.882190 0.888053 0.894663 0.902686 5.874338 1.314369 7.932773 2.020385 0.872609 
0.912200 0.854320 0.861860 0.870539 0.880612 0.892171 6.844301 7.879515 2.261070 0.842392 
1.028707 0.986220 0.986545 0.987652 0.987203 0.987539 7.987490 8.508903 1.115302 0.985620 
0.939834 0.867409 0.875795 0.885409 0.896429 0.908960 0.923223 14.599724 2.169355 0.853870 
0.902392 0.888974 0.890049 1.186537 0.914664 0.922128 0.930394 15.108395 1.902917 0.887175 
2.230252 1.000082 1.000254 1.000411 1.000640 1.001073 1.000931 1.001169 7.913132 0.999937 
1.302397 2.581789 1.000227 1.000390 1.000581 1.000814 1.000921 1.001323 9.145498 0.999793 
1.239919 0.999764 3.689649 1.000415 1.000665 1.000869 1.000996 1.001529 8.758034 0.999861 
1.092419 0.938632 0.945787 4.387337 1.127232 1.176963 1.229959 1.286887 7.982679 0.925792 
0.884669 0.813320 0.827902 0.845745 4.780810 1.438557 1.634018 1.866467 7.184395 0.791862 
0.797638 0.742799 0.763168 0.789533 0.823388 5.556658 1.827752 2.197335 6.990551 0.718616 
0.754071 0.691503 0.731385 0.785606 0.859649 0.959100 6.211072 2.535603 6.701408 0.643666 
0.711385 0.645718 0.723270 0.837697 1.004143 1.241477 1.577332 6.323314 6.121032 0.563120 
0.784927 0.694689 0.768173 0.872260 1.018047 1.218010 1.491589 6.785645 5.850858 0.611204 
0.313269 0.329241 0.401834 0.553303 0.598570 0.842063 3.700785 4.722661 6.478251 0.510503 
0.799483 0.722801 0.761689 0.814094 0.883634 0.974937 1.101832 1.297697 14.650428 0.674788 
0.818864 0.736212 0.774143 0.824516 0.890715 0.976715 1.177415 1.298333 14.592766 0.688583 
0.080984 0.091515 0.126316 0.214412 0.378044 0.755526 1.557629 4.307399 8.806841 0.499883 
2.549153 1.000218 1.000366 1.000556 1.000762 1.001136 1.001190 1.001472 1.001629 5.488257 
1.482562 2.980954 1.000599 1.000717 1.001039 1.001627 1.001577 1.002105 1.002120 6.243026 
1.052471 2.608633 1.085235 3.601554 1.076951 1.075052 1.091928 1.109175 1.126638 4.383462 
1.426409 0.999793 4.208397 1.000759 1.001039 1.001319 1.001627 1.001991 1.002235 6.017904 
0.950739 2.029482 3.178565 1.119144 1.174453 1.233520 1.296508 1.363715 1.435128 4.669128 
1.397125 0.999795 0.999864 5.453652 1.000984 1.001384 1.002439 1.001871 1.002132 5.873376 
0.925497 1.918524 0.984823 3.747804 1.241980 1.333050 1.438133 1.543578 1.662827 4.262672 
0.932654 1.952360 0.987360 3.818831 1.225295 1.307714 1.402691 1.556061 1.605066 4.271578 
0.943358 0.979337 2.898378 4.004363 1.155643 1.205438 1.259564 1.323321 1.373356 4.302056 
1.375170 0.999831 0.999875 0.999926 6.719587 1.001083 1.001377 1.001579 1.001792 5.794082 
0.993331 1.774479 0.996226 1.028958 4.746391 1.321582 1.416393 1.520254 1.633059 4.293278 
0.926914 1.907852 0.983787 1.017481 4.730543 1.326625 1.423550 1.529880 1.645555 4.291348 
1.364654 0.999747 0.999846 0.999889 0.999988 7.966166 1.001822 1.002243 1.002483 5.724947 
0.926627 1.917682 0.984614 1.018846 1.056695 5.701028 1.426543 1.533487 1.650396 4.265184 
1.270356 0.970055 0.977636 0.985546 0.993826 1.002824 8.857931 1.223299 1.263471 5.473989 
1.200875 0.950362 0.957905 0.971422 0.987487 1.005175 8.417943 1.404644 1.486456 5.436618 
1.143214 0.912103 0.932869 0.956206 0.982463 1.011760 1.044240 9.567271 1.744639 5.164233 
1.230313 0.947110 0.965647 0.984562 0.993310 1.116744 1.034904 9.738355 1.474864 5.151864 
0.915627 1.891168 0.982722 1.023348 1.068749 1.233240 1.182509 7.557698 1.749620 4.197713 
0.943079 0.978408 2.899562 1.024223 1.046110 1.070748 1.096827 7.687481 1.374031 4.454782 
0.883639 0.752888 0.823841 0.919459 1.047302 1.216346 1.442238 1.727461 7.936091 4.662225 
0.967677 0.796447 0.864536 0.952974 1.067324 1.213730 1.399801 1.634802 7.978335 4.714113 
0.880913 1.887787 0.990483 1.062079 1.145627 1.243139 1.354356 1.486461 6.903217 4.360049 
0.873744 0.957542 2.859575 1.067061 1.133949 1.207627 1.290240 1.384394 6.867522 4.293752 
0.913628 0.917258 1.040308 3.918464 1.094490 1.139001 1.188452 1.241943 7.287115 4.336565 
0.914966 0.918194 1.029596 3.941756 1.091969 1.136809 1.185294 1.237682 7.275916 4.366384 
0.685732 0.686764 0.689285 0.708284 0.765762 1.370614 5.841850 1.991391 6.504214 3.844739 
0.193543 0.204577 0.250118 0.385322 0.476492 0.771325 1.334149 4.894865 6.291644 3.489207 
0.156186 0.167224 0.211333 0.322897 0.442265 0.760464 1.389250 2.614175 8.966129 3.107994 
1.714061 0.999903 1.000087 1.000153 1.000284 1.000449 1.000561 1.000791 1.000821 13.844957 
0.913191 2.159668 1.014954 1.078143 1.149649 1.230246 1.340348 1.424766 1.540749 9.633881 
0.914269 0.979899 3.289751 1.065251 1.112557 1.163650 1.221707 1.280999 1.344938 10.023262 
0.946260 0.949406 1.037059 4.547144 1.082703 1.105408 1.137084 1.171621 1.205772 10.242659 
0.946840 0.947073 0.953626 1.097674 5.564692 1.104762 1.136088 1.170302 1.203746 10.211770 
0.932165 0.933508 0.973544 1.014802 0.938361 6.600986 1.176229 1.217697 1.264987 10.044415 
0.924488 0.925195 0.954633 0.926102 0.927945 1.083877 7.670896 1.240872 1.360618 10.025206 
0.862321 0.862955 0.870474 0.985542 0.876960 1.041831 0.896856 8.617026 1.555952 9.680796 
0.832628 0.845021 0.833799 0.835406 0.836513 0.880138 1.339313 8.297112 1.679255 9.650207 
0.110315 0.117759 0.147041 0.210087 0.313587 0.557742 1.060405 2.080560 6.240891 7.768711 
0.033162 0.033169 0.033198 0.033273 0.033442 0.033797 0.034805 0.036969 0.041041 20.015056 
0.405032 0.405207 0.406071 0.409389 0.413530 0.413511 0.478320 0.611542 0.568041 19.813286 
2.672351 1.000474 1.001859 1.001477 1.166263 1.397011 1.536644 1.394597 1.527856 1.405883 
1.492977 2.974874 1.035414 1.059061 1.186387 1.458477 1.511251 1.818456 1.714904 1.463747 
1.419846 0.973013 4.180416 1.116039 1.165556 1.240383 1.497951 1.842691 1.592404 1.352472 
0.892160 1.800354 2.822965 1.244203 1.347640 1.492312 1.656319 1.842477 2.052087 2.475850 
1.364946 0.959465 0.978876 5.361848 1.233800 1.308801 1.464598 1.702942 1.583845 1.355146 
0.926449 1.890113 0.982341 3.918886 1.241910 1.331699 1.429950 1.585718 1.685561 3.984168 
0.854796 0.947888 2.501596 3.581024 1.414426 1.536942 1.984026 1.951791 2.200577 1.179448 
1.348124 0.954758 0.975529 0.998056 6.689973 1.343178 1.431267 1.669886 1.642332 1.308166 
0.939859 2.021950 0.992462 1.023863 5.090861 1.316336 1.408915 1.501146 1.604392 3.308737 
0.842239 0.933201 2.577812 1.074690 4.444707 1.586190 1.787768 2.019332 2.284476 1.021175 
0.938068 0.977392 2.757787 1.018960 5.426392 1.240465 1.306154 1.370306 1.437850 3.332798 
0.839242 0.847573 0.995057 3.431016 4.395037 1.583644 1.783720 2.013331 2.275914 1.021971 
1.350264 0.953356 0.975465 0.999712 1.026536 7.992481 1.450002 1.699681 1.673009 1.319215 
0.842003 0.932302 2.582682 1.061386 1.141893 5.544459 1.785536 2.016480 2.280775 1.065650 
0.815876 0.924000 2.375561 1.055821 1.149584 5.288262 1.917476 2.170829 2.501825 1.037666 
0.813408 0.823619 0.984996 3.266299 1.162269 5.177811 1.878218 2.156129 2.480000 1.018368 
0.790545 0.792008 0.812399 1.061586 4.035202 4.952223 1.952635 2.274169 2.655719 1.017587 
0.760389 0.762446 0.786857 1.049827 3.788939 4.718261 2.045485 2.429232 2.894324 0.987372 
1.359046 0.955394 0.977084 1.000324 1.074350 1.198603 9.347401 1.674624 1.647235 1.317444 
0.816630 0.916441 2.481265 1.067617 1.165236 1.280322 6.362831 2.164340 2.491395 1.041603 
0.782396 0.795431 0.972588 3.109697 1.182417 1.321387 5.998220 2.320723 2.725461 1.008261 
0.813765 0.827168 1.038930 3.317839 1.199293 1.299823 6.089927 2.150859 2.473186 1.080941 
0.756557 0.758857 0.784998 1.059785 3.884644 1.349403 5.729821 2.445064 2.919551 1.024291 
0.728686 0.729656 0.740034 0.837992 1.092209 4.721499 5.646133 2.578439 3.135997 1.016673 
1.351785 0.956196 0.976284 0.997986 1.078149 1.305564 1.492303 10.654938 1.622113 1.325920 
0.774927 0.885414 2.290824 1.070172 1.195856 1.349362 1.536864 7.140093 2.830856 1.074321 
0.745588 0.762504 0.958121 2.972651 1.212654 1.388713 1.606412 6.777681 3.010497 1.053239 
0.712012 0.715465 0.749903 1.051084 3.671744 1.410876 1.664784 6.629109 3.264855 1.033109 
0.675954 0.677658 0.692979 0.813583 1.088386 4.515834 1.710922 6.538829 3.539607 1.047636 
0.648156 0.648842 0.654267 0.694530 0.961504 1.107518 5.674710 6.613631 3.756061 1.022853 
0.669512 0.670807 0.681315 0.765553 0.964770 1.149924 1.391853 11.626448 3.594338 1.010339 
1.360571 0.931689 0.985870 1.048485 1.120949 1.258692 1.464216 1.684562 9.666772 1.303594 
0.797699 1.631971 0.976300 1.113147 1.287154 1.510869 1.782774 2.126067 6.889574 1.122537 
0.676148 0.807737 1.960606 1.088048 1.303761 1.587881 1.962991 2.453890 6.293883 1.187057 
0.607983 0.638482 0.866932 2.375402 1.286279 1.625311 2.090144 2.722294 6.199519 1.022357 
0.564183 0.574305 0.642378 0.982605 3.047081 1.631125 2.158174 2.896900 6.136682 1.029831 
0.495368 0.503575 0.546662 0.779796 0.955927 3.818125 2.255421 3.189329 6.020852 1.042456 
0.433872 0.440636 0.475106 0.635457 0.935616 0.978464 5.061426 3.363296 6.309963 0.996716 
0.291559 0.305911 0.370152 0.582907 0.613444 0.897363 1.395380 6.659027 6.486206 0.991659 
0.312290 0.323715 0.375928 0.563890 0.747208 0.899705 1.363429 2.152234 11.640381 1.053664 
1.609727 0.973786 1.023163 1.078018 1.240244 1.497062 1.864036 2.057651 1.814041 6.761086 
0.917697 2.485746 1.062964 1.155165 1.260845 1.381314 1.518782 1.674031 1.850141 5.799405 
0.831832 0.968048 3.277156 1.168822 1.295769 1.444255 1.616605 1.818027 2.047703 5.302815 
0.798570 0.814872 1.048477 4.102401 1.315535 1.488759 1.694983 1.938664 2.225506 5.120533 
0.761462 0.764674 0.804454 1.147631 4.928744 1.531411 1.781592 2.085549 2.453031 5.018602 
0.713852 0.715866 0.736445 0.883587 1.166862 5.811795 1.873720 2.260873 2.745087 4.948453 
0.662353 0.663483 0.676558 0.777863 0.991486 1.165761 6.955705 2.425898 3.050122 4.963503 
0.581982 0.583965 0.595513 0.674952 0.913370 1.047879 1.177889 8.364487 3.513830 5.007491 
0.325530 0.336738 0.389421 0.582202 0.776952 0.908456 1.357995 2.114068 8.173670 4.991935 
0.453633 0.465990 0.531358 0.811223 1.004455 1.092536 1.385067 1.901164 2.699766 11.351733 
