2.070969 0.077222 0.099833 0.119058 0.082830 0.072117 0.199201 0.174743 
1.872806 1.910434 0.106110 0.112937 0.162432 0.259342 0.197800 0.145522 
0.920854 3.642304 0.072351 0.094781 0.146501 0.098604 0.150118 0.242813 
0.077023 4.063017 0.063890 0.073932 0.148502 0.108275 0.113875 0.223600 
1.859567 0.129460 2.890517 0.100275 0.169853 0.190533 0.107113 0.176363 
1.229150 2.487872 3.821007 0.161205 0.483108 0.173981 0.212053 0.505950 
0.093493 3.638213 2.858802 0.234159 0.341279 0.303600 0.285986 0.113942 
0.929054 0.086864 5.464131 0.156707 0.101951 0.088571 0.075172 0.072930 
0.109381 1.773463 5.438740 0.047521 0.101781 0.074244 0.221409 0.113065 
0.065127 0.078426 6.063094 0.084414 0.211850 0.119351 0.083572 0.307078 
1.891853 0.094342 0.166870 3.516064 0.227108 0.149959 0.160508 0.100614 
1.231393 2.464150 0.152014 4.621372 0.230312 0.175338 0.253384 0.229043 
0.178024 3.626109 0.066245 3.511259 0.212277 0.119218 0.144499 0.334789 
1.213456 0.089921 3.673715 4.535937 0.207014 0.117030 0.095240 0.085548 
0.151917 2.368296 3.650972 4.487124 0.182439 0.123194 0.328783 0.138734 
0.181532 0.039818 5.420013 3.525139 0.256182 0.141572 0.047855 0.169032 
0.906437 0.142557 0.091288 7.365671 0.114409 0.178344 0.099819 0.308754 
0.119117 1.838699 0.131878 7.176786 0.162584 0.045287 0.304658 0.149018 
0.066077 0.061646 2.950287 7.072541 0.063908 0.129023 0.137643 0.250240 
0.052706 0.053456 0.056320 8.051463 0.056234 0.124789 0.211536 0.236057 
1.854456 0.069061 0.079933 0.137479 4.545761 0.147823 0.281033 0.430650 
1.178361 2.405797 0.092651 0.171539 5.991973 0.153383 0.164417 0.259697 
0.183788 3.616691 0.139040 0.158289 4.467554 0.076313 0.075761 0.342466 
1.186624 0.107491 3.652909 0.160159 5.823150 0.127511 0.116607 0.216949 
0.151948 2.317475 3.661983 0.059692 5.661420 0.089492 0.170537 0.083611 
0.139890 0.097783 5.536391 0.192894 4.300280 0.467175 0.283687 0.212596 
1.197059 0.075415 0.108249 4.563973 6.038863 0.161273 0.103030 0.104681 
0.155718 2.395659 0.142376 4.589856 5.825181 0.102951 0.206878 0.184373 
0.142785 0.118296 3.704376 4.392598 5.801071 0.048490 0.322823 0.061237 
0.044086 0.069396 0.043278 7.292347 4.264045 0.202323 0.127390 0.221434 
0.952933 0.103837 0.109553 0.119756 9.106170 0.089323 0.269057 0.186761 
0.119799 1.959366 0.101790 0.120529 8.811828 0.095462 0.277578 0.199729 
0.122203 0.088711 2.700860 0.148885 9.081236 0.200157 0.427306 0.334551 
0.065949 0.061309 0.251651 3.277799 9.210744 0.092730 0.097176 0.209138 
0.059643 0.074855 0.059499 0.060267 10.056536 0.169111 0.334060 0.074344 
1.886909 0.111088 0.104268 0.155985 0.115496 5.290392 0.228628 0.170155 
1.201400 2.691959 0.161235 0.254655 0.245615 6.379577 0.302768 0.329571 
0.180419 3.596843 0.086396 0.099426 0.064379 5.461546 0.133896 0.040336 
1.192064 0.132056 3.703986 0.115760 0.143940 6.936259 0.095833 0.318421 
0.139566 2.386675 3.588060 0.128325 0.075762 6.671446 0.107258 0.185235 
0.087685 0.051259 5.512626 0.082229 0.201557 4.981801 0.460683 0.331581 
1.223853 0.127383 0.113968 4.818045 0.210223 7.170261 0.164517 0.120741 
0.150260 2.387392 0.074660 4.596840 0.117791 6.970032 0.367979 0.230357 
0.095725 0.222811 3.652965 4.588099 0.091220 6.787475 0.132413 0.288718 
0.059356 0.042572 0.464097 7.180198 0.047727 5.391304 0.163585 0.045904 
1.206062 0.106786 0.111099 0.091864 6.064405 6.912127 0.123332 0.080831 
0.125705 2.322651 0.075343 0.070390 5.974924 6.797551 0.120031 0.062425 
0.143552 0.070941 3.596968 0.052049 5.884151 6.708031 0.132240 0.105374 
0.129785 0.104632 0.095460 4.524279 6.090162 7.024110 0.123721 0.114947 
0.055120 0.054807 0.061489 0.168010 9.068897 5.230380 0.254111 0.568612 
0.970593 0.091570 0.085851 0.119341 0.107723 10.808866 0.162736 0.198041 
0.115901 1.894151 0.071732 0.085340 0.051614 10.670059 0.157241 0.066775 
0.072579 0.093570 3.009740 0.083808 0.168813 10.530324 0.102800 0.421816 
0.072645 0.162373 0.220838 3.619851 0.151191 10.802951 0.065679 0.130491 
0.081593 0.139560 0.083051 0.084583 4.758768 10.677703 0.450262 0.100678 
0.042804 0.053630 0.042560 0.042649 0.042392 12.041741 0.174847 0.079111 
1.869666 0.074916 0.094182 0.113032 0.080501 0.073084 6.158353 0.300159 
1.215451 2.474424 0.189040 0.574051 0.235161 0.524314 7.730437 0.231004 
0.187753 3.656704 0.077197 0.086042 0.284957 0.181843 5.965215 0.177830 
1.201401 0.118491 3.766880 0.147183 0.117813 0.232135 7.695504 0.129495 
0.140880 2.443320 3.630203 0.073480 0.141412 0.139011 7.467154 0.171726 
0.102738 0.083133 5.568457 0.109058 0.136827 0.215297 5.738519 0.492323 
1.200816 0.063161 0.056618 4.715154 0.067198 0.222897 8.043717 0.073565 
0.138910 2.410587 0.064672 4.687177 0.054331 0.122045 7.828202 0.096059 
0.137651 0.069499 3.714484 4.477754 0.099713 0.123083 7.829901 0.163866 
0.078437 0.061402 0.060429 7.344837 0.061600 0.129936 5.837099 0.384904 
1.217226 0.121036 0.132606 0.111096 6.124941 0.073973 7.749734 0.284169 
0.138521 2.361033 0.081572 0.149657 5.984022 0.063304 7.842489 0.189540 
0.074781 0.261372 3.628257 0.105574 5.973335 0.107170 7.679118 0.206338 
0.075950 0.076276 0.082153 4.803228 5.995119 0.180063 7.748890 0.085320 
0.109356 0.086046 0.159055 0.086224 9.200682 0.113664 5.834907 0.229619 
1.293153 0.120481 0.101555 0.139893 0.102345 7.022040 7.855635 0.239192 
0.139019 2.448015 0.118933 0.046129 0.045968 6.960878 7.764273 0.151990 
0.100957 0.092209 3.758752 0.127391 0.129541 6.776604 7.916540 0.131681 
0.051632 0.081120 0.324542 4.707691 0.155847 6.965922 8.049291 0.095461 
0.058315 0.080581 0.058063 0.057817 6.181792 6.834466 7.800732 0.103218 
0.089125 0.073461 0.068683 0.068974 0.068663 10.848424 6.213316 0.260770 
0.995599 0.087306 0.117171 0.090144 0.113276 0.117690 12.544035 0.144599 
0.119803 1.962364 0.058054 0.061852 0.166088 0.111998 12.315448 0.162384 
0.086833 0.165034 2.983122 0.099518 0.087632 0.185691 12.335635 0.112782 
0.065950 0.111834 0.224352 3.631912 0.109270 0.064504 12.586172 0.239950 
0.077880 0.091375 0.077108 0.101706 4.877737 0.082041 12.357876 0.169997 
0.088349 0.077352 0.114095 0.078096 0.137258 5.484365 12.572422 0.298820 
0.053482 0.059656 0.051514 0.058108 0.051630 0.052175 14.051415 0.096802 
1.884535 0.076450 0.099720 0.115854 0.077188 0.089345 0.091023 6.890659 
1.298695 2.396774 0.232674 0.389077 0.350185 0.293399 0.455076 9.038283 
0.139118 3.701089 0.097881 0.143089 0.105623 0.100970 0.084566 6.900530 
1.205013 0.094966 3.732907 0.117872 0.074302 0.081201 0.188747 8.873065 
0.144798 2.433524 3.632157 0.079192 0.117285 0.200252 0.147278 8.606826 
0.103486 0.059448 5.487538 0.183350 0.067958 0.153655 0.138489 6.858392 
1.261879 0.162106 0.133407 4.721979 0.056064 0.070386 0.135010 8.731897 
0.146288 2.456133 0.100722 4.656436 0.093570 0.070947 0.287770 8.881080 
0.158524 0.090479 3.789322 4.592953 0.069446 0.077457 0.097962 8.641054 
0.066417 0.186832 0.064600 7.282150 0.256853 0.485599 0.181249 6.897396 
1.233741 0.071853 0.170553 0.073484 6.135652 0.140286 0.227464 8.734003 
0.143480 2.364091 0.127119 0.095910 6.099194 0.129620 0.251648 8.776453 
0.158290 0.152677 3.728514 0.179994 6.112829 0.340709 0.477921 8.744154 
0.118181 0.083243 0.080317 4.728170 6.111927 0.206493 0.204085 8.813630 
0.089495 0.061198 0.061312 0.062696 9.123275 0.102243 0.102386 6.822030 
1.253611 0.087225 0.100518 0.089946 0.130057 7.164270 0.071680 8.777339 
0.139714 2.428534 0.112460 0.048019 0.143572 7.027795 0.052260 8.862531 
0.142724 0.088467 3.728987 0.172009 0.124000 7.023741 0.162756 8.805196 
0.059602 0.088390 0.058681 4.834737 0.174503 7.108013 0.254815 8.793223 
0.105786 0.095260 0.095456 0.095022 6.073973 7.082232 0.313210 8.905020 
0.097543 0.096564 0.096547 0.096597 0.334208 11.020180 0.157383 6.708310 
1.253887 0.070135 0.094264 0.080419 0.066718 0.109085 8.057940 9.070449 
0.140342 2.496680 0.059003 0.140993 0.102496 0.140243 7.970617 8.809530 
0.147899 0.060600 3.767191 0.166842 0.165152 0.047960 7.733389 8.945306 
0.067725 0.145982 0.067783 4.880409 0.126890 0.151991 8.053989 9.006849 
0.076225 0.061251 0.061826 0.060552 6.140730 0.171780 7.916312 9.044753 
0.063920 0.063730 0.063844 0.063447 0.102837 7.273017 7.505750 9.615336 
0.067989 0.068125 0.069220 0.089023 0.068280 0.101971 12.786821 6.754245 
1.004823 0.135519 0.100453 0.194195 0.196867 0.155139 0.194941 14.360573 
0.125654 1.970810 0.056355 0.057671 0.078595 0.063901 0.300691 14.067491 
0.147608 0.080412 2.968474 0.091008 0.160544 0.180242 0.225769 14.065046 
0.091366 0.121984 0.091372 3.914230 0.101500 0.147919 0.165680 14.142460 
0.065841 0.241946 0.063008 0.066438 4.676231 0.164059 0.194418 14.229340 
0.066731 0.146338 0.064665 0.065049 0.065519 5.807256 0.196175 14.106434 
0.129080 0.092653 0.093476 0.100902 0.241356 0.095885 6.682562 14.202511 
0.039113 0.042415 0.039017 0.039000 0.047986 0.049343 0.039017 16.038957 
2.004092 0.451494 0.684871 0.801853 1.048175 1.341718 1.517815 1.495137 
1.415199 2.789405 0.885841 1.119870 1.465386 1.718192 1.803165 1.999924 
0.244499 3.913731 0.724526 0.851578 1.135499 1.279174 1.325268 1.543995 
1.352094 0.599990 4.283742 1.027101 1.322329 1.665622 1.893132 1.918178 
0.368674 2.673631 4.196584 1.084322 1.540785 1.750858 1.857752 1.948918 
0.205215 0.430399 5.931363 0.835878 1.037388 1.348881 1.374579 1.702456 
1.434293 0.622251 0.898968 5.436220 1.493715 1.654296 1.777916 2.233245 
0.334432 2.858078 0.909261 5.508448 1.441620 1.649818 1.895903 1.934832 
0.312996 0.582684 4.271306 5.386775 1.441156 1.639055 1.693605 1.989328 
0.251637 0.512671 0.754704 7.754368 1.135535 1.345282 1.492954 1.608760 
1.398666 0.595679 0.817680 1.063355 7.042161 1.645971 1.818008 2.093904 
0.343245 2.743143 1.000825 1.097738 6.769943 1.576465 2.033316 2.011957 
0.341644 0.613455 4.217110 1.082194 6.696249 1.490188 1.673813 1.914697 
0.296892 0.512167 0.748918 5.469781 7.010359 1.752241 1.767881 1.801390 
0.259881 0.482798 0.678725 1.076667 9.734665 1.393248 1.435586 1.570736 
1.396315 0.632100 1.020453 1.127765 1.304802 8.083566 1.827193 2.055165 
0.226590 2.861463 0.683392 0.775415 1.030981 8.206293 1.808451 2.325388 
0.294650 0.553978 4.243279 1.091036 1.170912 7.904367 1.824181 2.284558 
0.344698 0.659224 0.916345 5.509838 1.187893 8.016981 1.983810 2.050961 
0.297733 0.479340 1.034310 1.390723 6.930248 8.340991 1.702309 1.836089 
0.276230 0.516576 0.718598 1.000972 1.080499 11.620097 1.685454 1.738894 
1.460283 0.657594 0.920243 1.163847 1.498084 1.665357 9.246353 1.966805 
0.322970 2.903162 0.894709 1.072546 1.402573 1.649579 9.139551 1.996941 
0.285931 0.575392 4.281384 0.981454 1.331967 1.472569 9.171996 1.971924 
0.339437 0.607804 0.951890 5.593333 1.405725 1.652585 9.200297 2.197341 
0.326455 0.651146 0.892152 1.258908 6.994800 1.570123 9.062009 2.120548 
0.306497 0.552650 0.822824 1.118186 1.525501 8.199983 9.509722 2.163395 
0.148279 0.573785 0.885600 0.540114 1.480233 1.532656 13.592536 1.082740 
1.459068 0.653594 0.924123 1.187819 1.514938 1.616914 1.771524 10.520512 
0.308212 2.872209 0.821653 1.000806 1.535838 1.717166 1.748850 10.457212 
0.294305 0.590987 4.384655 1.192296 1.510466 1.642894 1.718323 10.113977 
0.317229 0.666683 0.999784 5.622114 1.564744 1.730472 1.898490 10.344519 
0.316027 0.629465 1.007842 1.152619 6.933250 1.531829 1.790359 10.487808 
0.292930 0.595686 0.817263 1.305438 1.512587 8.368285 1.798629 10.549782 
0.317668 0.656611 0.991962 1.192870 1.377893 1.900486 9.558319 10.477385 
0.313844 0.547879 0.710537 0.330910 1.753516 1.685094 2.277801 15.454685 
