2.053334 0.056699 0.054745 0.062335 0.061118 
2.013329 0.836123 0.057173 0.061758 0.055163 
1.846917 1.848726 0.058720 0.059433 0.060561 
1.475335 2.871869 0.056016 0.056316 0.059588 
0.945453 3.644013 0.061217 0.062181 0.072450 
0.439875 3.992252 0.064029 0.064655 0.063681 
0.052689 4.051905 0.051927 0.062449 0.052918 
2.019906 0.061455 1.225546 0.067164 0.058296 
1.943450 0.990259 1.450008 0.055312 0.060357 
1.663863 2.180908 1.652102 0.059078 0.060589 
1.118913 3.273808 1.653428 0.056515 0.061524 
0.528791 3.831147 1.455179 0.058233 0.083642 
0.058902 3.976106 1.234320 0.055236 0.055256 
1.852593 0.061170 2.725505 0.066754 0.060833 
1.672551 1.073508 3.232417 0.056683 0.055555 
1.204508 2.380601 3.518994 0.058354 0.061366 
0.584550 3.272693 3.278561 0.064962 0.062320 
0.053516 3.635909 2.721767 0.054094 0.058105 
1.474722 0.059473 4.297076 0.061640 0.058998 
1.131587 1.138416 4.856621 0.058834 0.063544 
0.593474 2.200563 4.861512 0.060018 0.057517 
0.058402 2.890757 4.293096 0.063967 0.057755 
0.948371 0.056521 5.426226 0.065869 0.059275 
0.525559 0.996882 5.727280 0.062753 0.067545 
0.058394 1.846803 5.424789 0.059079 0.062970 
0.448476 0.068909 5.947588 0.063401 0.062271 
0.057688 0.849744 5.938838 0.058317 0.061249 
0.052050 0.051715 6.051709 0.056503 0.051822 
2.016940 0.054876 0.056739 1.603291 0.057436 
1.950344 0.994709 0.062157 1.917859 0.065802 
1.669392 2.187537 0.064519 2.134764 0.063935 
1.125331 3.276468 0.061792 2.187157 0.061192 
0.524046 3.839022 0.063690 1.905654 0.085158 
0.055796 3.974131 0.056820 1.627278 0.052833 
1.952424 0.067420 1.436622 1.948222 0.064239 
1.796352 1.197815 1.785125 2.355755 0.062845 
1.322997 2.617999 1.931048 2.586314 0.069333 
0.618595 3.527841 1.782713 2.349513 0.053174 
0.052402 3.821959 1.458983 1.948639 0.066927 
1.663793 0.057420 3.245969 2.201920 0.062008 
1.334229 1.321310 3.840442 2.588485 0.066941 
0.682418 2.597350 3.832463 2.581014 0.067110 
0.055171 3.269739 3.245362 2.191513 0.061353 
1.131916 0.059979 4.860891 2.211133 0.059876 
0.639822 1.212691 5.270448 2.385226 0.070821 
0.060895 2.213574 4.849273 2.225187 0.070687 
0.525869 0.062508 5.724529 1.931474 0.060638 
0.053923 1.013483 5.704598 1.935471 0.056003 
0.055692 0.063185 5.938074 1.630716 0.058782 
1.847361 0.057424 0.061435 3.620535 0.061584 
1.671308 1.141100 0.064176 4.287842 0.066242 
1.214116 2.375922 0.062856 4.669451 0.060385 
0.587506 3.276338 0.063117 4.320953 0.059978 
0.057589 3.632607 0.061265 3.640939 0.060688 
1.667552 0.059568 1.650872 4.316669 0.060862 
1.326288 1.280399 1.893976 5.192124 0.059420 
0.686154 2.611912 1.962959 5.155777 0.095372 
0.054403 3.270877 1.666261 4.296584 0.059516 
1.213216 0.061635 3.510546 4.705764 0.060920 
0.689045 1.336901 3.845867 5.146630 0.063943 
0.058531 2.378559 3.518861 4.655322 0.057436 
0.584938 0.059775 4.881952 4.330881 0.059684 
0.057029 1.134613 4.866724 4.325792 0.057619 
0.056796 0.056645 5.419164 3.633204 0.058398 
1.474595 0.057330 0.055035 5.687187 0.059312 
1.135295 1.094981 0.054230 6.450310 0.058247 
0.587611 2.198827 0.064340 6.490958 0.078590 
0.056908 2.891622 0.058067 5.690867 0.057846 
1.131531 0.059801 1.649632 6.472967 0.060174 
0.629691 1.210612 1.788505 7.011798 0.067463 
0.059328 2.206209 1.648727 6.466296 0.059170 
0.594275 0.064052 3.252183 6.500027 0.064187 
0.056076 1.134845 3.259706 6.462618 0.054400 
0.054675 0.054647 4.287371 5.723567 0.058993 
0.953057 0.066496 0.066639 7.237468 0.067402 
0.528816 0.995901 0.059327 7.602327 0.061877 
0.053268 1.849460 0.058631 7.200085 0.058407 
0.524581 0.061012 1.469640 7.612119 0.060968 
0.055570 0.988410 1.472044 7.602084 0.057565 
0.052807 0.053118 2.714340 7.222639 0.057695 
0.444917 0.059719 0.060689 7.909918 0.064454 
0.057549 0.846402 0.056792 7.898549 0.056342 
0.052313 0.056148 1.222097 7.898715 0.057255 
0.053593 0.052892 0.052228 8.052223 0.054985 
2.016906 0.060549 0.055550 0.057652 2.009898 
1.945272 0.990922 0.062929 0.057689 2.398015 
1.664174 2.181837 0.055976 0.054858 2.694156 
1.123686 3.272386 0.058170 0.062733 2.707574 
0.521691 3.834073 0.061683 0.058099 2.397228 
0.060035 3.980231 0.059314 0.061307 2.036277 
1.947471 0.054831 1.399396 0.055773 2.382398 
1.789066 1.212067 1.769779 0.051878 2.869889 
1.329194 2.594682 1.936728 0.060996 3.189784 
0.627330 3.539277 1.762852 0.061689 2.946869 
0.060452 3.831574 1.461777 0.063432 2.426344 
1.661884 0.065132 3.255243 0.057325 2.726522 
1.329448 1.325676 3.851148 0.063766 3.240182 
0.691338 2.595988 3.852976 0.065725 3.241594 
0.057236 3.263320 3.253959 0.057081 2.745439 
1.129027 0.067261 4.871387 0.066294 2.728742 
0.641527 1.206859 5.249202 0.061151 2.969675 
0.055395 2.202908 4.852319 0.056526 2.729238 
0.531820 0.064766 5.728327 0.065134 2.390546 
0.058037 1.002116 5.713160 0.058609 2.406153 
0.054334 0.057050 5.932474 0.069510 2.034297 
1.941063 0.055496 0.054445 1.936343 2.394036 
1.800074 1.229716 0.071243 2.403459 2.907079 
1.313432 2.608873 0.058902 2.588459 3.208438 
0.635552 3.528468 0.061216 2.341179 2.965607 
0.058383 3.831806 0.066112 1.936854 2.398495 
1.793366 0.058297 1.760396 2.357668 2.943183 
1.470908 1.472245 2.173033 2.896418 3.603991 
0.768750 2.898610 2.176958 2.893631 3.611358 
0.059677 3.524819 1.762064 2.372575 2.963028 
1.325296 0.058134 3.843904 2.565245 3.203046 
0.761864 1.479094 4.308275 2.901382 3.613355 
0.054591 2.589608 3.835946 2.590817 3.218533 
0.635780 0.059519 5.248385 2.386552 2.965371 
0.053350 1.210759 5.243870 2.375714 2.940117 
0.063812 0.057546 5.716441 1.945908 2.397223 
1.666929 0.059110 0.061134 4.304110 2.706646 
1.323970 1.318469 0.058682 5.118277 3.193376 
0.684142 2.612243 0.065652 5.109368 3.239638 
0.056419 3.270389 0.063229 4.305844 2.726008 
1.322576 0.064782 1.947128 5.131978 3.223610 
0.763055 1.469948 2.169556 5.738672 3.582420 
0.059813 2.584068 1.950482 5.131596 3.223228 
0.689467 0.065301 3.868978 5.137513 3.204862 
0.056465 1.327778 3.833634 5.126492 3.233152 
0.060490 0.061124 4.861947 4.350236 2.745286 
1.123963 0.055912 0.057819 6.476641 2.708546 
0.628483 1.204749 0.056442 7.004491 2.897077 
0.056019 2.185044 0.057307 6.481211 2.714998 
0.642491 0.068659 1.780558 7.014415 2.937714 
0.063233 1.207845 1.770822 7.012733 2.932460 
0.059340 0.059241 3.264535 6.480350 2.712255 
0.524121 0.057443 0.058831 7.610386 2.383756 
0.055354 0.990830 0.054820 7.606102 2.380597 
0.060619 0.054965 1.462770 7.599643 2.411428 
0.052723 0.052633 0.052547 7.897007 2.014845 
1.844511 0.057352 0.057899 0.076387 4.545869 
1.660935 1.132867 0.059087 0.057021 5.387513 
1.214655 2.354812 0.056095 0.056141 5.829871 
0.591004 3.266449 0.058270 0.058135 5.381392 
0.056690 3.635921 0.057032 0.057002 4.518953 
1.661626 0.054777 1.644946 0.065001 5.375009 
1.338568 1.328453 1.948795 0.069333 6.392687 
0.689390 2.590140 1.944717 0.061057 6.409041 
0.059332 3.263569 1.663879 0.059374 5.397715 
1.213338 0.064006 3.514829 0.074697 5.859984 
0.686610 1.312250 3.873092 0.063354 6.384946 
0.059814 2.372046 3.502794 0.064651 5.858744 
0.596898 0.067792 4.870445 0.066101 5.432906 
0.058455 1.124285 4.876557 0.058621 5.384439 
0.055419 0.056288 5.418254 0.055549 4.536470 
1.653468 0.052220 0.062446 2.191697 5.413143 
1.319875 1.336261 0.061189 2.553333 6.397823 
0.682686 2.592095 0.069378 2.610595 6.431742 
0.062141 3.267570 0.063431 2.208697 5.407232 
1.327186 0.060610 1.958552 2.566612 6.387165 
0.771022 1.477184 2.166691 2.885979 7.186635 
0.064172 2.593467 1.944231 2.593409 6.394343 
0.693380 0.061784 3.850297 2.594972 6.387234 
0.060418 1.318874 3.854119 2.592438 6.392502 
0.055270 0.054364 4.860410 2.172252 5.423718 
1.205005 0.057889 0.063916 4.671380 5.864026 
0.682004 1.319740 0.064235 5.137586 6.388998 
0.055042 2.343735 0.077475 4.681548 5.864538 
0.686755 0.062051 1.957287 5.134005 6.390553 
0.054838 1.338461 1.933691 5.107189 6.378636 
0.054596 0.054131 3.487911 4.680306 5.868554 
0.585778 0.052024 0.052250 6.469737 5.390974 
0.061878 1.122013 0.061324 6.454561 5.419251 
0.054628 0.059497 1.659290 6.456762 5.421452 
0.054199 0.053796 0.062707 7.208486 4.525350 
1.476393 0.057927 0.057072 0.057130 7.101193 
1.133166 1.129023 0.075821 0.074378 8.129972 
0.590898 2.207548 0.061971 0.061072 8.072563 
0.057122 2.885568 0.058314 0.058599 7.124282 
1.124389 0.060846 1.658860 0.057558 8.064729 
0.631134 1.209681 1.766370 0.076541 8.743747 
0.061336 2.213780 1.658451 0.074907 8.057723 
0.588287 0.061111 3.253462 0.062968 8.103908 
0.057046 1.131295 3.243700 0.063201 8.092167 
0.060910 0.060740 4.296601 0.062560 7.143075 
1.130016 0.056954 0.064034 2.194940 8.061052 
0.633062 1.205069 0.061081 2.353949 8.740267 
0.056626 2.189781 0.061720 2.194382 8.082695 
0.632027 0.061893 1.766616 2.358245 8.752737 
0.059517 1.219262 1.782651 2.380119 8.712363 
0.056906 0.057258 3.256374 2.217594 8.073762 
0.589317 0.057927 0.058199 4.309065 8.101124 
0.054618 1.125883 0.055948 4.335128 8.066302 
0.055441 0.059522 1.645064 4.336963 8.076377 
0.056700 0.056720 0.058539 5.704888 7.138538 
0.947022 0.055576 0.054598 0.055232 9.002044 
0.528845 0.993998 0.063372 0.062739 9.504569 
0.059239 1.853189 0.060497 0.057011 8.989733 
0.532032 0.058231 1.469670 0.071339 9.483906 
0.058160 1.004261 1.471600 0.071039 9.483606 
0.057190 0.057317 2.719914 0.057201 9.018396 
0.524092 0.057405 0.058965 1.940275 9.491506 
0.056528 0.987579 0.065663 1.927862 9.494459 
0.052756 0.053133 1.450995 1.925375 9.491504 
0.052563 0.052952 0.052235 3.639085 8.990783 
0.445815 0.055946 0.054967 0.056623 9.861057 
0.054086 0.836802 0.054556 0.056212 9.860645 
0.053879 0.055973 1.235203 0.053947 9.858113 
0.052522 0.052369 0.052465 1.627748 9.856559 
0.053886 0.052880 0.052773 0.066382 10.052712 
