2.004455 0.004645 0.005264 0.006429 0.008137 0.008393 0.008186 0.005548 
1.798572 1.803484 0.011211 0.013326 0.014455 0.016307 0.011121 0.015169 
0.900762 3.590220 0.010141 0.011146 0.013295 0.010380 0.009720 0.011259 
0.005437 4.004432 0.004961 0.005969 0.007999 0.006271 0.004908 0.008745 
1.796139 0.007378 2.686668 0.008881 0.011769 0.009453 0.008191 0.006832 
1.175810 2.345525 3.499986 0.029459 0.030227 0.031388 0.028909 0.028569 
0.008573 3.589884 2.677563 0.009183 0.012571 0.009487 0.008138 0.011901 
0.904571 0.011434 5.379110 0.011865 0.016188 0.014620 0.011413 0.011777 
0.007482 1.798484 5.372227 0.009910 0.008940 0.010563 0.013003 0.008725 
0.004726 0.004322 6.004320 0.005853 0.008095 0.006710 0.006063 0.008496 
1.793607 0.004664 0.006622 3.579168 0.004393 0.004830 0.004949 0.017187 
1.167174 2.317457 0.013270 4.640248 0.013189 0.014058 0.012788 0.012746 
0.006414 3.588200 0.007320 3.563287 0.007144 0.006499 0.006376 0.006043 
1.167665 0.013806 3.472791 4.641657 0.020661 0.016204 0.015016 0.014322 
0.013825 2.326499 3.468677 4.637078 0.016646 0.015672 0.014868 0.014155 
0.007208 0.007058 5.378834 3.570832 0.009912 0.009373 0.007892 0.007912 
0.900033 0.005239 0.005821 7.158635 0.008465 0.008384 0.006313 0.011206 
0.010455 1.804458 0.010217 7.159492 0.017382 0.020775 0.010282 0.013253 
0.008099 0.007802 2.695202 7.160466 0.015439 0.011157 0.008621 0.007874 
0.005289 0.004859 0.004858 8.004856 0.008698 0.007758 0.004982 0.009012 
1.795835 0.008853 0.008458 0.009978 4.490043 0.008340 0.011504 0.008596 
1.167668 2.329080 0.016476 0.019570 5.796603 0.022816 0.016521 0.022149 
0.006589 3.584385 0.009314 0.006073 4.471993 0.007825 0.006427 0.007676 
1.164548 0.011124 3.472547 0.010798 5.781898 0.012232 0.009641 0.014210 
0.011145 2.331224 3.478136 0.011642 5.749494 0.012065 0.010875 0.011086 
0.006664 0.004428 5.373947 0.004635 4.466659 0.007729 0.004818 0.007435 
1.163970 0.010664 0.010310 4.644959 5.768924 0.010765 0.013601 0.010716 
0.010650 2.324916 0.011423 4.630402 5.766544 0.013162 0.010913 0.010251 
0.008310 0.008298 3.481495 4.623887 5.770625 0.010879 0.008555 0.009065 
0.006950 0.006709 0.006664 7.168658 4.462284 0.009922 0.007979 0.007021 
0.899600 0.004572 0.006295 0.005153 8.944282 0.004233 0.004561 0.004499 
0.005337 1.795263 0.005688 0.005041 8.947060 0.007206 0.005575 0.006906 
0.005529 0.005361 2.697279 0.006029 8.942395 0.005862 0.006972 0.008021 
0.009638 0.009458 0.009456 3.599159 8.946215 0.012614 0.010743 0.009556 
0.004437 0.004220 0.004233 0.005214 10.004209 0.005034 0.004475 0.004458 
1.793352 0.004215 0.004317 0.004585 0.005979 5.362717 0.003892 0.008400 
1.166049 2.321903 0.011886 0.012517 0.014794 6.937958 0.013256 0.016405 
0.009042 3.588606 0.008826 0.012457 0.010156 5.360855 0.008537 0.009196 
1.166385 0.014086 3.478996 0.014894 0.014310 6.951648 0.022469 0.018941 
0.005857 2.312093 3.461694 0.005405 0.005557 6.956557 0.008562 0.009092 
0.008467 0.008012 5.379207 0.009236 0.008310 5.355923 0.014021 0.014102 
1.161152 0.010060 0.008329 4.621692 0.010519 6.952909 0.011445 0.016639 
0.010422 2.326905 0.009790 4.615950 0.031871 6.931979 0.014950 0.011094 
0.012538 0.011384 3.491093 4.637957 0.014830 6.896494 0.012937 0.014396 
0.005804 0.006203 0.005677 7.158331 0.006373 5.380520 0.006465 0.005840 
1.167343 0.014747 0.014783 0.014716 5.807298 6.928925 0.014736 0.016548 
0.009070 2.321678 0.013800 0.009730 5.765727 6.945203 0.008966 0.011416 
0.010165 0.008779 3.475129 0.008910 5.775940 6.940070 0.008949 0.022734 
0.007239 0.007220 0.007220 4.635918 5.772647 6.930244 0.007249 0.007539 
0.005880 0.006515 0.008646 0.005927 8.949488 5.374034 0.007892 0.005922 
0.902711 0.006860 0.007761 0.008002 0.008249 10.735327 0.006930 0.007314 
0.006349 1.788580 0.005881 0.009783 0.007749 10.747920 0.007392 0.007130 
0.007512 0.006309 2.688704 0.006399 0.007992 10.740284 0.007917 0.010327 
0.007941 0.008317 0.007799 3.584399 0.008050 10.741755 0.007823 0.013202 
0.006591 0.006515 0.006514 0.006546 4.481312 10.738041 0.011836 0.007033 
0.005119 0.004179 0.004234 0.004185 0.004180 12.004176 0.004583 0.007271 
1.794668 0.005350 0.005473 0.008883 0.006160 0.016746 6.255843 0.005186 
1.169741 2.334637 0.025939 0.026126 0.026347 0.027881 8.181535 0.026243 
0.006691 3.583797 0.006341 0.006654 0.009387 0.019621 6.266558 0.007535 
1.159763 0.009069 3.475712 0.008982 0.009215 0.010946 8.111403 0.009431 
0.014715 2.330516 3.487217 0.017049 0.016994 0.022842 8.051037 0.014819 
0.005121 0.004630 5.374144 0.007107 0.008050 0.007575 6.251816 0.005966 
1.164080 0.012224 0.010938 4.634385 0.010243 0.010518 8.088512 0.018836 
0.010015 2.313734 0.009853 4.641209 0.013715 0.012886 8.088773 0.013648 
0.014252 0.012906 3.483118 4.641394 0.013125 0.035986 8.064451 0.013287 
0.007029 0.006366 0.006462 7.164148 0.014955 0.007858 6.258767 0.010364 
1.165948 0.010994 0.009471 0.010140 5.768033 0.011682 8.098456 0.012587 
0.009789 2.314513 0.009925 0.010247 5.785612 0.011141 8.103825 0.012690 
0.008602 0.007069 3.484302 0.007935 5.766246 0.008757 8.079234 0.007311 
0.007690 0.007538 0.007538 4.621660 5.768907 0.011490 8.115511 0.039225 
0.006599 0.006442 0.006444 0.006435 8.946524 0.009490 6.279121 0.009432 
1.161168 0.006097 0.006288 0.007552 0.008442 6.932965 8.087034 0.008824 
0.008940 2.327361 0.009717 0.008951 0.009433 6.920356 8.076027 0.009902 
0.012159 0.010683 3.480568 0.011106 0.014012 6.939977 8.078768 0.012046 
0.009649 0.009348 0.009350 4.641664 0.009631 6.945433 8.059297 0.009622 
0.010408 0.010031 0.010046 0.010030 5.794400 6.908579 8.112203 0.013054 
0.006875 0.005957 0.005965 0.005958 0.005959 10.745746 6.251373 0.006147 
0.899481 0.006103 0.007050 0.007267 0.013820 0.010022 12.530423 0.006470 
0.006220 1.799516 0.006037 0.006393 0.008056 0.006166 12.519486 0.006125 
0.006640 0.005875 2.696163 0.009868 0.009544 0.007507 12.519663 0.006490 
0.006103 0.006518 0.005704 3.587050 0.006552 0.006736 12.524472 0.022286 
0.005300 0.005219 0.005219 0.005220 4.478831 0.005560 12.526167 0.005255 
0.005204 0.015945 0.004672 0.008823 0.005149 5.380913 12.520916 0.004971 
0.005354 0.004224 0.004279 0.004217 0.004210 0.004257 14.004206 0.004474 
1.800558 0.015236 0.016743 0.014056 0.015511 0.016304 0.013107 7.182624 
1.157161 2.314095 0.006830 0.037834 0.007490 0.008755 0.011426 9.283303 
0.006665 3.579495 0.007735 0.007834 0.031326 0.008562 0.006035 7.192891 
1.167399 0.018550 3.495954 0.016647 0.021885 0.017808 0.017714 9.224631 
0.006760 2.315009 3.474021 0.007216 0.008765 0.007432 0.010746 9.235137 
0.008562 0.011342 5.386655 0.008571 0.011625 0.008900 0.008910 7.099941 
1.159007 0.012632 0.012428 4.656835 0.015256 0.020158 0.015028 9.259503 
0.012362 2.315772 0.014285 4.682515 0.014418 0.013501 0.012710 9.168228 
0.016851 0.016812 3.463425 4.653260 0.018594 0.025816 0.017441 9.265559 
0.014347 0.006381 0.006164 7.151290 0.006070 0.008443 0.006074 7.199525 
1.158624 0.010224 0.008496 0.008893 5.769690 0.010622 0.008479 9.298394 
0.007596 2.334423 0.008291 0.007216 5.752787 0.009460 0.007077 9.216836 
0.012090 0.011844 3.471566 0.012720 5.828966 0.011869 0.013248 9.190880 
0.015645 0.013328 0.012978 4.622852 5.783146 0.023812 0.012306 9.268534 
0.005320 0.005119 0.005135 0.005982 8.949597 0.063220 0.006274 7.159456 
1.166929 0.020505 0.013713 0.014142 0.015633 6.963546 0.014131 9.230661 
0.017430 2.315181 0.017071 0.018137 0.017348 6.954739 0.017232 9.285449 
0.013994 0.013825 3.466127 0.015008 0.013989 6.940162 0.018420 9.285262 
0.011601 0.011590 0.011590 4.649135 0.013363 7.009143 0.016064 9.117770 
0.015830 0.015723 0.015720 0.015764 5.739173 6.856105 0.016130 9.447367 
0.007627 0.007619 0.007623 0.007636 0.014265 10.732651 0.008896 7.184569 
1.165186 0.015750 0.015724 0.015301 0.017572 0.016830 8.066764 9.325887 
0.019671 2.314558 0.019869 0.019272 0.020537 0.020255 8.006039 9.418659 
0.010032 0.009942 3.468988 0.010061 0.011586 0.012084 8.106248 9.245665 
0.006779 0.006320 0.006369 4.635038 0.006340 0.014141 8.072411 9.243050 
0.015185 0.009677 0.008769 0.012260 5.826860 0.010072 8.007792 9.269502 
0.007889 0.007192 0.007343 0.007418 0.007431 6.949779 8.074043 9.243919 
0.006622 0.006573 0.006904 0.012041 0.006575 0.040688 12.538774 7.138428 
0.901660 0.025482 0.023620 0.022825 0.023671 0.024467 0.025331 14.393855 
0.087547 1.793708 0.090545 0.093348 0.089770 0.088438 0.145696 14.558467 
0.104397 0.104068 2.690821 0.104750 0.105181 0.104059 0.106774 14.540697 
0.107251 0.101975 0.101932 3.720949 0.103172 0.115358 0.102369 14.371053 
0.117176 0.108348 0.108336 0.108718 4.456514 0.108684 0.108606 14.516432 
0.100495 0.091399 0.091603 0.091467 0.091424 5.490919 0.092316 14.379988 
0.010321 0.010321 0.010324 0.013149 0.010551 0.028211 6.206310 14.358037 
0.007626 0.004630 0.004618 0.004632 0.004618 0.004622 0.004617 16.004599 
1.955613 0.404611 0.029627 0.833941 1.071456 1.362710 1.807079 1.906962 
1.346348 2.696840 0.885464 1.089420 1.460692 1.687712 1.820142 2.218108 
0.223742 3.853927 0.660153 0.817209 1.021129 1.292711 1.405661 1.789443 
1.365642 0.539439 4.097416 1.070658 1.334300 1.593105 1.906969 2.298593 
0.277874 2.746979 4.097979 1.112455 1.284972 1.571806 1.957069 2.325533 
0.216721 0.435396 5.788562 0.867621 1.039830 1.221756 1.615424 1.719670 
1.351276 0.494983 0.729222 5.458847 1.263419 1.538967 1.822484 2.148157 
0.272106 2.781188 0.855054 5.507700 1.442271 1.662717 1.986254 2.276116 
0.279290 0.560016 4.051046 5.403611 1.365088 1.596908 1.872135 2.269387 
0.224776 0.432349 0.636630 7.756085 1.097701 1.237472 1.408564 1.708908 
1.354757 0.559322 0.817705 1.087846 6.738917 1.693187 1.883413 2.253820 
0.251166 2.769234 0.752748 1.049470 6.770115 1.559628 1.840570 2.225403 
0.281460 0.546478 4.075317 1.042076 6.823348 1.608678 1.840970 2.201391 
0.263733 0.564368 0.804148 5.365108 6.816233 1.551630 1.877613 2.240577 
0.227121 0.459938 0.669615 0.900247 9.612930 1.244860 1.455226 1.866689 
1.366244 0.550905 0.831257 1.111294 1.363070 8.136723 1.901883 2.266314 
0.266014 2.751894 0.749692 1.115773 1.444493 8.049867 1.888437 2.189374 
0.278425 0.559234 4.078366 1.075616 1.392020 8.141786 1.926525 2.182873 
0.270681 0.572695 0.855276 5.443012 1.364007 8.132839 1.896485 2.208633 
0.278896 0.546474 0.834488 1.124170 6.915062 8.286743 1.855293 2.252529 
0.212412 0.431918 0.656867 0.877147 1.042335 11.605066 1.442481 1.574654 
1.359545 0.558585 0.811012 1.020593 1.379096 1.657369 9.483611 2.298449 
0.281943 2.758416 0.793008 1.094182 1.385352 1.659818 9.513701 2.349996 
0.280922 0.565849 4.043111 1.068777 1.364754 1.622751 9.429811 2.223017 
0.277395 0.550293 0.819709 5.447800 1.361806 1.631244 9.493077 2.083925 
0.273193 0.532976 0.820341 1.144234 6.736073 1.627468 9.443745 2.260415 
0.273690 0.544344 0.815511 1.155460 1.354215 8.278122 9.534721 2.454931 
0.211640 0.441311 0.632251 0.895601 1.103756 1.355341 13.431317 1.774792 
1.349347 0.518952 0.763624 1.041683 1.403692 1.534422 1.780195 10.833491 
0.286372 2.704258 0.799453 1.055105 1.460708 1.653112 1.825989 11.003562 
0.283690 0.544935 4.167293 1.091472 1.285474 1.476211 1.872116 10.728912 
0.263394 0.565690 0.748759 5.396073 1.425112 1.515984 1.889600 10.685481 
0.272038 0.529793 0.844559 1.069886 6.723788 1.606114 1.937763 10.700358 
0.278338 0.538628 0.829432 1.073943 1.325444 7.988538 1.871965 10.890118 
0.256460 0.509240 0.805987 1.119243 1.375411 1.740916 9.474215 10.888166 
0.216043 0.387913 0.654107 0.910117 1.025584 1.240721 1.585893 15.461236 
