2.098450 0.202398 0.374894 0.143536 0.136255 0.216122 0.112074 0.115829 0.547200 0.116359 
1.850084 1.672256 0.655945 1.128120 1.449126 0.527152 0.084145 0.077204 0.148626 0.134333 
0.830827 3.841693 0.113882 0.194518 0.217935 0.259824 0.490385 0.588773 0.246442 0.179523 
0.147066 4.100289 0.379678 0.148317 0.141036 0.220904 0.116855 0.121156 0.541177 0.118273 
1.944686 0.443664 2.163228 0.111064 0.537082 1.708842 0.548164 0.312124 0.166779 0.173383 
1.504502 2.479296 2.351020 0.175462 0.162439 1.068911 0.145565 0.541770 0.761183 0.161975 
0.990320 0.263616 5.189930 2.200379 0.440468 0.098730 0.113336 1.452625 0.188230 0.951742 
1.929597 0.426481 0.146127 3.207111 0.200851 0.142631 0.096353 0.117413 0.145156 0.340126 
1.022744 2.118806 1.014611 5.716176 0.772166 1.084928 0.405651 0.120369 0.274932 0.339608 
0.093072 3.679406 0.283943 3.588575 0.406031 0.183594 0.103349 0.109507 0.088069 0.102044 
1.007571 0.317697 3.458518 5.708242 0.223064 0.161226 0.120563 0.567935 0.191025 0.119141 
1.073623 0.774372 0.375469 6.807890 0.086589 1.064945 0.120409 0.694007 0.521532 0.893093 
0.151226 0.314043 3.343523 6.838440 0.128266 0.650466 0.325716 0.177298 0.316538 1.328771 
0.087867 0.342634 0.106017 8.046182 0.366746 0.168903 0.117755 0.367013 0.130008 0.072576 
1.699650 0.468738 0.231824 0.955415 6.252588 0.171292 0.189567 0.814871 0.210395 0.206082 
1.482960 2.078577 0.330718 0.153992 5.127084 1.145555 0.088559 0.105955 0.117228 0.148579 
1.213354 0.353364 3.534749 0.139051 6.309515 0.243763 0.179230 0.149565 0.198609 0.195701 
1.039839 0.941888 0.111694 4.388896 6.645158 2.063511 0.148616 0.133265 0.399271 0.125281 
0.144271 1.987798 0.374576 5.129355 6.313337 0.149260 0.275795 0.780907 0.294048 0.137505 
0.118620 0.358779 2.772611 4.876199 6.767209 0.247434 0.648353 0.192228 0.132665 0.122848 
0.406768 2.209379 0.243017 0.119223 8.272211 0.202490 0.184669 0.106286 1.273290 2.976476 
0.595885 0.190598 2.938036 1.270744 8.406409 0.098837 0.113496 0.213828 0.188337 0.951848 
0.109996 0.135374 0.172585 0.123014 10.101712 0.563744 0.124163 0.117799 0.183623 0.173979 
1.974791 0.197418 0.604743 0.096143 0.141180 3.670547 0.734978 0.124821 0.105138 1.639508 
0.091714 3.891569 0.283944 0.546222 0.280530 3.686133 0.100512 0.107822 0.086384 0.107849 
0.865312 0.184400 4.040991 0.277320 0.292691 7.969251 0.325778 2.437327 0.231876 0.146117 
0.354478 3.422433 2.155550 0.181596 0.164952 5.162345 0.153996 0.878899 0.130322 0.125322 
0.149661 0.213687 5.102931 1.193293 0.203263 6.667391 0.143048 0.913971 0.169829 0.160407 
0.831224 0.550057 0.311995 4.380187 0.660798 9.079689 0.400670 0.109692 0.130494 0.170090 
0.118009 0.163001 3.647922 4.871346 0.173865 6.637991 0.113650 0.884573 0.140431 0.136599 
0.177459 2.436818 0.159181 0.597873 5.374152 7.492520 0.122314 0.126249 0.192544 0.111803 
0.115762 0.117425 0.203916 5.122672 5.052578 7.235468 1.433477 1.013999 0.389862 0.141036 
0.088510 0.087912 0.087626 0.149964 8.373156 6.796803 0.391915 0.109955 0.268534 0.140126 
0.870734 0.169603 0.155197 0.129633 0.147326 11.201290 0.775859 1.027283 1.168270 0.145101 
0.231178 1.508480 0.325323 0.405942 0.263418 11.276030 0.554666 0.131566 0.179694 0.212982 
0.132763 0.098426 1.453861 2.797916 0.500230 11.014744 0.536064 0.696242 0.530077 0.099230 
0.104990 0.120658 0.150507 0.366010 3.710484 11.286428 0.105489 0.203833 0.131297 0.176759 
0.100758 0.121033 0.159485 0.437293 1.769921 11.916443 0.100725 0.198950 0.171432 0.170385 
1.803049 0.184163 0.512816 0.336412 0.338276 2.416905 6.455496 0.198086 0.143727 0.126031 
0.700817 3.161246 0.114942 0.543489 0.200153 0.232350 8.161992 0.114623 0.247706 0.180707 
0.207947 3.515188 0.552190 0.133985 0.129098 0.856925 7.198086 0.531939 0.168474 0.345227 
0.209620 1.997010 2.400071 0.601617 0.127288 0.114035 10.513313 4.131587 0.314375 0.948868 
0.114717 0.190507 5.239481 0.180831 0.167490 1.001347 7.195983 0.157572 0.190726 1.531534 
0.182388 2.485035 0.422065 5.064747 0.136653 0.248664 7.205563 0.539416 0.175952 0.352704 
0.224737 0.159540 0.103432 6.949338 0.141069 0.437978 7.264757 0.298549 0.396939 0.116130 
1.120563 0.490097 0.937139 1.885981 5.498514 1.020179 8.768253 0.268110 0.198746 0.196224 
0.183322 2.776131 0.453201 0.125337 5.425401 0.855482 7.194032 0.532796 0.418617 0.613714 
0.338287 0.213576 2.331931 1.471478 6.021866 0.381156 9.866713 0.285198 0.214781 0.152609 
0.104822 0.104194 0.171097 3.900385 3.780162 0.339908 11.267060 1.002560 0.378423 0.120148 
0.133242 0.176176 0.151909 0.126028 8.389220 0.456017 7.994582 0.171187 0.423428 0.131335 
0.196053 2.410763 0.393895 0.117543 0.226485 7.693944 7.192370 0.534528 0.384175 0.110204 
0.487570 0.299779 2.596711 0.563437 0.192972 4.575273 11.398917 0.165264 0.163107 0.252121 
0.130522 0.196682 0.162963 0.348033 6.864849 4.175560 8.797849 0.220468 0.193400 4.393354 
0.139218 1.382830 0.266301 0.302968 0.381690 3.549445 12.643607 0.575899 0.118564 0.152172 
0.131634 0.456346 2.470022 0.102846 0.100238 0.526909 12.816409 0.104897 1.221971 1.520608 
0.125732 0.105909 0.098499 4.906456 0.125947 0.333904 11.277285 0.295503 0.393893 0.112290 
0.150967 0.692443 0.171982 0.097197 3.905162 0.521126 12.850749 0.115846 0.282220 0.390690 
0.123513 0.111432 1.214161 0.113122 0.293846 5.043488 12.601837 0.116918 0.404053 0.115525 
0.140307 3.478200 0.572368 0.131840 0.822556 0.429178 0.170175 8.378082 0.603262 0.181231 
0.954115 0.399839 4.511367 0.177818 0.310303 0.432758 0.078907 8.048976 0.136349 0.209946 
0.174463 1.875063 2.339227 5.136834 0.476869 0.131351 0.791110 8.319481 0.324443 0.933942 
0.215968 0.134398 3.768560 4.898226 0.200541 0.252644 0.171179 8.380531 0.184311 0.140218 
0.202395 0.143091 0.156208 7.195324 0.371872 1.009795 0.558414 7.351933 0.159279 0.383991 
0.139053 2.578254 0.740136 1.606898 5.671717 0.143438 0.798919 8.331610 0.336573 0.946071 
0.243326 0.111442 1.807229 4.363428 4.990931 0.396192 0.210848 9.973887 0.115971 0.912787 
1.406060 0.147996 0.225674 0.167872 0.159931 6.059120 0.827288 9.249077 0.326508 0.146894 
0.117905 0.193023 1.009932 0.117384 6.430929 4.875540 0.258617 10.478626 0.817975 0.127785 
0.359851 0.094688 3.423516 0.094872 0.562846 0.464941 7.448607 10.102518 0.142334 1.066875 
0.123972 0.113541 0.119605 1.140816 0.132730 7.027079 8.759363 8.410765 0.110428 0.122990 
0.102041 1.849265 0.224172 0.467100 0.117100 0.147389 0.106353 14.464161 0.188467 0.236018 
0.136371 0.250229 3.315597 1.363437 0.124675 0.161409 1.613553 13.319258 0.443272 0.302649 
0.100959 0.135094 0.282435 3.711805 0.147151 2.386156 1.418505 13.956946 0.158607 0.273379 
0.115960 0.125538 0.658211 0.114691 0.485924 7.410977 0.549682 12.707413 0.165162 0.180189 
0.101035 0.407690 0.117345 0.101414 1.869217 0.304291 6.096287 14.186212 1.226905 0.368803 
1.875305 0.177462 0.553458 0.102460 0.238316 0.214616 0.270083 0.143079 8.192405 0.198593 
0.134068 3.539235 1.466617 0.255346 0.171373 0.781931 0.136784 2.700312 8.050384 0.971930 
1.005187 0.094649 4.100286 0.715804 0.151249 0.192829 0.730369 0.125702 10.396224 1.960753 
0.104859 0.235164 5.446517 0.229259 0.714541 0.763628 0.819516 0.110902 8.040361 0.944366 
0.159445 1.767658 0.824475 5.609680 3.281930 2.379899 0.107038 0.135474 8.144766 0.129984 
0.175295 0.232437 2.997604 5.302724 1.522120 0.113796 0.109284 0.473169 10.343495 0.136552 
0.508488 0.402198 0.189932 7.003852 0.837711 0.632469 0.336576 0.116031 7.809566 0.088057 
0.400366 2.962197 0.297654 0.146177 3.702654 0.090350 0.089649 0.124266 10.383073 0.150529 
0.682752 1.378719 0.677588 3.606911 6.515297 0.976282 0.373188 0.116450 7.932007 0.338083 
0.079488 0.079440 0.079629 0.080028 9.098835 1.210616 0.082240 0.114017 7.665104 0.144519 
0.151963 1.783969 0.306477 0.128477 3.581028 7.281198 0.287234 0.488787 10.499655 0.575591 
0.110574 0.134617 0.396092 0.195226 7.524192 5.532505 0.273572 0.121351 8.991586 0.121345 
0.094895 0.339043 0.739756 0.106475 0.355731 9.848956 0.094550 0.501214 10.312208 0.161737 
1.275278 0.085359 0.245345 0.409542 0.097571 0.781521 8.043735 0.088661 10.091319 1.075734 
0.567738 2.448646 0.520096 0.105010 0.201835 0.212077 7.322240 0.171899 7.514813 8.104197 
0.111527 0.169153 4.008040 0.587256 0.151334 0.847923 7.166247 0.147750 10.116928 1.530580 
0.132590 0.138661 0.380234 0.138386 6.237215 3.855251 8.213142 0.224627 8.069668 0.973672 
1.567582 0.657893 0.859098 0.134964 0.339058 0.901288 0.141953 6.247914 9.670489 0.357263 
0.119667 2.509138 1.054742 0.125747 0.145840 0.574214 0.121572 10.501533 8.036771 0.969591 
0.159957 0.126860 0.134180 6.116079 0.330978 0.897537 0.489085 6.245060 9.667644 0.349810 
0.754974 0.095050 0.177038 0.118941 6.156976 0.308118 0.672146 7.257547 10.203823 0.148588 
0.158237 1.195787 0.423043 0.564723 0.145356 1.479214 8.662421 9.525053 7.953101 0.186083 
0.917616 0.421298 0.227948 0.986112 1.549433 0.124588 0.105438 0.111715 16.135312 0.238306 
0.161780 0.821336 1.822521 0.104169 0.198898 0.088249 0.074867 0.080270 16.939944 0.075210 
1.942266 0.419637 0.105712 0.529590 0.491095 0.462542 2.085079 1.434078 0.172308 6.549375 
0.129647 3.363413 0.299206 0.121303 0.787904 0.408358 0.158311 0.249177 1.065170 11.318987 
0.924848 0.295837 4.292566 0.719788 0.170011 0.229869 1.172838 0.676160 0.110697 11.325458 
0.303242 1.785060 4.204202 1.381252 0.212481 0.123705 0.229693 0.689494 0.243583 11.328256 
0.854380 0.271147 2.870880 4.612925 0.185948 0.243545 0.104411 0.471988 0.125993 11.502298 
1.336982 0.716241 0.195387 1.317361 5.191538 0.117817 0.255826 0.109460 0.154048 11.211437 
0.111379 1.929351 0.211341 0.106690 6.920983 0.283250 0.161403 0.130225 1.071425 11.322074 
0.112938 0.231357 0.130783 3.259510 3.975102 0.107272 1.345935 0.124169 0.100944 16.632360 
0.125201 0.540197 1.310644 0.354090 8.918644 0.522059 0.121527 0.115728 0.175705 8.349367 
1.526746 0.141187 0.228397 1.654328 0.161787 5.200243 0.163484 0.192854 0.370627 10.469754 
0.525036 2.518369 0.697700 0.235725 0.723300 7.376473 0.814818 0.141808 0.261015 9.583525 
0.094462 0.094339 0.097465 0.147049 7.022813 4.600742 0.101278 0.112308 0.147720 12.403232 
1.325365 0.129617 0.204881 1.435470 0.137984 4.495569 6.188487 0.135943 0.364732 10.403886 
0.308713 2.584537 0.256989 0.433027 0.649496 0.194873 8.599553 0.136751 0.341622 9.457298 
0.113854 0.193612 4.049881 0.099833 0.326790 0.209669 8.853104 1.875095 0.124356 8.097477 
0.407214 1.609117 0.331723 4.784858 0.293631 0.233420 8.192776 0.188444 0.141480 8.112247 
0.177477 0.674426 0.166712 0.123491 5.874585 0.366961 6.068215 0.153459 0.337484 13.798575 
0.241656 0.207108 0.216430 0.130202 0.777906 6.252191 9.294711 0.172543 0.141561 10.863723 
0.149687 2.374202 0.109455 0.198087 0.267981 0.272106 1.310074 11.626267 0.178470 7.831558 
0.093908 0.190625 3.528566 0.259237 0.144456 0.253667 0.106921 11.606437 0.158640 7.811728 
0.089837 0.102969 0.550326 1.942140 0.115128 6.346995 0.118725 11.613644 0.157206 7.818909 
0.150947 1.006389 0.098409 0.167213 0.147411 3.020188 5.559655 10.388985 0.164602 11.434272 
1.149568 1.515481 0.327983 0.934019 0.929439 0.272190 1.474655 0.232795 8.489635 11.864214 
0.219024 2.660957 0.460998 0.231948 0.222450 0.143085 0.248704 0.132103 12.077323 7.851316 
0.109148 0.170412 0.267992 5.399151 0.866093 0.222748 1.431564 0.579028 8.711565 11.362909 
0.186752 0.182067 1.874630 3.267519 4.519650 0.303401 1.504000 0.169224 7.903732 12.191579 
0.110904 0.099753 0.764893 1.729346 3.379382 7.326098 0.091348 0.199834 7.480167 11.086972 
0.868590 0.124150 0.825437 0.176279 0.184569 4.325151 0.200608 1.335057 0.112260 16.945320 
0.127028 0.157242 0.213181 0.662499 5.312891 0.139643 0.412796 0.178651 0.215570 17.155814 
0.140077 0.136157 0.210327 0.577451 2.473772 5.724669 0.417003 0.180593 0.162038 17.136031 
0.109594 0.108900 0.110679 0.148065 1.704876 3.805975 5.638040 0.161580 0.143025 17.117019 
0.110335 0.303686 0.138872 2.134682 0.405118 0.253242 0.095063 0.159638 7.211821 17.659189 
1.984788 0.965182 0.583698 0.085711 1.478104 0.078939 0.950576 1.458756 0.515505 0.138678 
1.457355 2.745519 1.192845 0.772122 0.500702 0.467390 2.183557 1.718905 0.257562 0.372105 
0.258547 3.984838 0.323731 0.778234 1.723376 0.097424 0.223749 0.574543 0.117208 0.150816 
0.393199 2.513314 3.209416 2.094809 0.477598 4.182068 0.844754 6.854207 0.338910 0.948409 
0.136173 0.280263 6.042914 0.273527 0.810352 0.864705 0.926432 0.365483 0.341587 2.727274 
0.195592 0.125524 1.560903 7.810886 0.190792 0.275794 0.240269 0.812996 0.478984 1.817957 
1.462037 1.015552 0.132515 1.487834 6.520420 3.284291 0.168506 0.153155 0.409928 0.145170 
0.522487 3.115512 0.540619 0.407543 6.307128 0.221084 0.269819 0.774932 0.285208 0.131530 
0.137041 1.244983 2.149058 4.880740 6.755371 0.519583 0.638306 0.183989 0.171621 0.114610 
1.616914 0.365733 0.107773 1.399455 0.431260 7.325729 2.206526 0.581701 0.181171 1.208145 
0.408338 2.997899 0.190183 1.486333 0.605449 7.469793 3.477252 0.562520 0.223045 0.648584 
0.149130 1.260263 3.505896 1.303009 2.554664 8.594347 0.284713 1.480309 0.386459 0.116122 
0.285486 0.840742 2.340381 5.368346 0.310860 0.990873 7.249262 0.112531 0.171983 6.959044 
1.240808 0.594762 1.399416 0.110039 0.377707 1.123710 0.384719 12.548271 0.178878 0.177449 
0.189098 0.099830 1.267678 3.030501 3.465658 6.841173 0.205322 9.922141 0.110894 2.191091 
0.143916 0.537991 0.536715 0.328757 0.141600 3.877412 9.621161 10.579375 0.199545 0.200352 
1.588931 0.322845 1.485108 0.928616 1.190528 0.441310 0.076824 0.660897 10.450873 0.129591 
0.396981 2.453654 2.393741 1.869010 0.446527 0.197456 0.707718 5.624776 10.538665 0.960356 
0.165689 0.907037 2.067092 5.321622 2.279239 0.334831 3.574075 0.518362 10.262528 0.220399 
1.534060 1.273625 0.379137 1.121875 1.115335 0.117822 1.806031 0.262643 0.455803 11.862530 
0.673844 3.415185 0.911300 0.275968 0.937764 0.185591 0.849958 0.141685 0.260892 9.583402 
0.421610 0.190221 4.930383 0.746214 0.969523 0.257168 0.226681 0.703203 0.472615 11.348507 
0.772860 0.202939 0.142388 3.440730 0.322944 0.312079 1.826707 5.477002 0.107667 15.269768 
0.190780 0.787841 0.294341 2.301626 6.662516 0.371056 0.272618 0.155244 0.143480 13.800356 
0.179192 0.150962 1.066289 2.461130 3.371074 8.339878 1.203383 0.242462 0.712526 11.113006 
0.877836 0.704577 0.751327 0.318895 4.112311 3.722952 7.273391 0.176906 0.145880 10.868041 
