0.513039 0.045533 0.080309 0.132958 0.121383 0.090196 0.138789 0.035703 0.162558 0.264072 
0.375199 0.339656 0.029514 0.072513 0.109989 0.029338 0.129013 0.023851 0.092931 0.064510 
0.201456 0.515107 0.036804 0.073581 0.170707 0.082771 0.365506 0.027656 0.107623 0.148507 
0.055934 1.295463 0.054862 0.096947 0.110370 0.095930 0.230487 0.054315 0.212181 0.096234 
0.378641 0.064684 0.461034 0.115099 0.116571 0.115178 0.380692 0.065782 0.343857 0.123271 
0.170875 0.223162 0.551256 0.139529 0.112582 0.106793 0.192433 0.045740 0.124306 0.203021 
0.047424 0.597614 0.510469 0.098023 0.097869 0.096386 0.386502 0.041103 0.113702 0.198375 
0.142984 0.041622 1.076691 0.091776 0.109788 0.133115 0.317413 0.051667 0.156397 0.163226 
0.063773 0.247275 1.005737 0.134613 0.123783 0.171981 0.329624 0.066837 0.197413 0.103751 
0.047042 0.593265 0.044068 0.647862 0.090617 0.215099 0.346737 0.047979 0.029151 0.080660 
0.026524 0.214186 0.261634 0.829156 0.081824 0.109814 0.457429 0.032337 0.071264 0.030927 
0.048747 0.464596 0.040292 1.276599 0.102206 0.113417 0.041408 0.041862 0.192966 0.126674 
0.437314 0.041223 0.022361 0.027169 1.080043 0.099191 0.026505 0.037857 0.141211 0.463243 
0.144754 0.188639 0.040807 0.074784 1.569479 0.087419 0.187995 0.139868 0.121822 0.070069 
0.045719 0.537909 0.037326 0.084954 1.131623 0.111441 0.239701 0.038476 0.148366 0.160849 
0.178406 0.046438 0.384027 0.038881 1.040517 0.173056 0.038429 0.049753 0.153165 0.459972 
0.030660 0.039693 0.923090 0.039301 1.071486 0.098337 0.168871 0.030859 0.178358 0.074783 
0.183941 0.039145 0.033001 0.665119 1.134716 0.113365 0.040703 0.052348 0.155420 0.473825 
0.012649 0.016216 0.381126 0.571262 1.009703 0.057419 0.154633 0.017865 0.175180 0.244432 
0.022604 0.054241 0.060375 1.109976 1.194725 0.072583 0.393397 0.038005 0.038095 0.032999 
0.172038 0.103670 0.103276 0.113419 3.081480 0.161918 0.206754 0.100767 0.217707 0.189895 
0.048197 0.057581 0.050862 0.443192 1.398487 0.100008 0.213663 0.021608 0.349156 0.031266 
0.030103 0.574290 0.048454 0.056676 0.045566 1.020802 0.181082 0.021374 0.173049 0.065455 
0.259156 0.073376 0.294644 0.102546 0.103418 1.036066 0.383639 0.075239 0.344975 0.134067 
0.034850 0.296832 0.399385 0.069146 0.061887 1.000717 0.123549 0.042777 0.140023 0.095380 
0.086992 0.028823 0.685491 0.038414 0.083000 0.931790 0.127044 0.037682 0.423856 0.293056 
0.141499 0.027726 0.034330 0.577909 0.065903 0.948091 0.378487 0.024352 0.189458 0.268460 
0.069792 0.029225 0.382841 0.425268 0.075048 0.887380 0.334298 0.035650 0.170590 0.080448 
0.025416 0.054089 0.065254 1.456796 0.065413 0.939011 0.277377 0.030334 0.141123 0.095987 
0.036522 0.351368 0.029556 0.072831 0.717327 1.042400 0.224571 0.027525 0.144614 0.159754 
0.024884 0.051993 0.292162 0.037532 0.919496 0.908447 0.273535 0.037115 0.263790 0.036335 
0.028758 0.032573 0.045631 0.726954 0.685954 0.964815 0.263475 0.028585 0.213284 0.153624 
0.027832 0.025142 0.054507 0.025579 2.245769 0.850372 0.280764 0.038301 0.416876 0.288503 
0.162414 0.148400 0.018524 0.050217 0.045430 2.147234 0.073697 0.025437 0.152720 0.121887 
0.408812 0.018788 0.016417 0.044092 0.047127 0.096015 2.429218 0.016118 0.079267 0.052120 
0.135633 0.342189 0.082798 0.100795 0.118172 0.122968 2.635339 0.064589 0.081378 0.081225 
0.073134 0.033771 0.680030 0.058481 0.053518 0.066536 2.386863 0.035745 0.078718 0.157058 
0.049335 0.225090 0.052230 0.516751 0.080834 0.076753 2.311539 0.050702 0.201262 0.187216 
0.027673 0.048067 0.050618 1.299379 0.061883 0.054942 2.314223 0.038443 0.162649 0.169305 
0.158758 0.020141 0.024016 0.038159 0.910361 0.072171 1.892495 0.035652 0.146617 0.172678 
0.027486 0.210663 0.019579 0.032533 0.932702 0.055630 2.161948 0.027470 0.179231 0.135135 
0.015532 0.023333 0.292893 0.034271 0.863223 0.048444 1.764141 0.025826 0.179474 0.028674 
0.010803 0.014543 0.057944 0.106861 1.689253 0.048473 1.765640 0.025834 0.179614 0.015138 
0.019550 0.039345 0.025186 0.023527 0.091702 2.153305 2.284001 0.027620 0.174865 0.181685 
0.233292 0.048008 0.050312 0.083300 0.079259 0.084490 3.903059 0.063806 0.164183 0.056891 
0.044722 0.316410 0.041753 0.051892 0.055126 0.051956 4.690798 0.050476 0.208404 0.092456 
0.033331 0.042226 0.391222 0.040607 0.049239 0.030818 4.950263 0.038755 0.107807 0.079386 
0.050097 0.054334 0.069749 0.709715 0.082373 0.085044 3.873841 0.064665 0.179313 0.057738 
0.047121 0.054784 0.012402 0.024259 0.576939 0.027738 3.263422 0.025289 0.221442 0.040631 
0.021690 0.021917 0.030870 0.022589 0.037821 1.398709 4.945237 0.033355 0.102446 0.074025 
0.021430 0.038180 0.009672 0.133736 0.234455 0.022552 4.650001 0.020832 0.185416 0.061912 
0.423633 0.031402 0.054228 0.073754 0.095124 0.101432 0.264548 0.670253 0.159880 0.145960 
0.076525 0.772296 0.052725 0.102084 0.079515 0.141154 0.035555 0.550144 0.207554 0.853960 
0.097573 0.039575 0.879920 0.085434 0.067083 0.118795 0.159332 0.501274 0.183242 0.144552 
0.204975 0.037821 0.038917 0.819209 0.146315 0.089976 0.040246 0.592663 0.363264 0.127725 
0.023998 0.113696 0.023060 1.990429 0.066559 0.128389 0.022463 0.529146 0.193988 0.840862 
0.039420 0.428770 0.037214 0.049239 0.866593 0.089098 0.186813 0.527358 0.141591 0.145144 
0.085853 0.047329 0.240341 0.044210 0.845318 0.098755 0.179212 0.533966 0.140225 0.140183 
0.034782 0.096032 0.031684 0.034223 2.781467 0.095822 0.048049 0.571819 0.363400 0.082684 
0.047221 0.324908 0.033173 0.044313 0.055159 1.429235 0.033309 0.567131 0.358712 0.077996 
0.076198 0.070959 0.290130 0.053370 0.047981 0.760958 0.136276 0.517273 0.174475 0.133632 
0.040502 0.113012 0.135529 0.633958 0.069301 0.755466 0.157316 0.539134 0.200087 0.052368 
0.032823 0.018161 0.280289 0.020758 0.838389 0.793829 0.131870 0.535860 0.133741 0.134774 
0.251440 0.019157 0.024495 0.042602 0.039681 0.056201 1.692508 0.653319 0.148811 0.134890 
0.062335 0.031774 0.474585 0.055811 0.046260 0.076717 1.841978 0.528869 0.077375 0.124114 
0.024900 0.020627 0.040325 0.020353 1.406399 0.057354 1.881023 0.553069 0.069550 0.026028 
0.048557 0.036367 0.187792 0.044872 0.041467 0.896804 1.751539 0.538838 0.158726 0.135294 
0.026658 0.085218 0.025690 0.176384 0.026715 0.235102 4.056875 0.370846 0.076925 0.079085 
0.038060 0.542243 0.052309 0.077312 0.068572 0.060612 0.200132 1.257572 0.139271 0.113730 
0.058347 0.100668 0.540063 0.478354 0.125679 0.146147 0.160846 1.421882 0.067054 0.072989 
0.037068 0.261082 0.029089 0.041343 1.142198 0.074017 0.131982 1.339851 0.033659 0.036358 
0.165003 0.057913 0.124267 0.072708 0.082520 1.119983 0.223856 1.302770 0.163707 0.174789 
0.336380 0.018544 0.016612 0.039165 0.054217 0.045221 1.110544 0.016339 1.550383 0.130944 
0.268003 0.244261 0.035359 0.072055 0.083002 0.057422 0.190290 0.034216 1.499810 0.143600 
0.063049 0.632878 0.072713 0.107950 0.088024 0.109534 0.152864 0.075840 1.858220 0.880020 
0.026299 0.277653 0.337574 0.050975 0.093628 0.131225 0.181566 0.025633 1.548713 0.288850 
0.029468 0.246434 0.027659 0.589414 0.265289 0.087277 0.110110 0.023960 1.769908 0.031656 
0.045384 0.025990 0.474634 0.488855 0.063620 0.095298 0.133427 0.028587 2.163396 0.031855 
0.179458 0.037784 0.032966 0.050086 1.293827 0.057140 0.187180 0.041425 1.505694 0.045002 
0.017241 0.313799 0.014988 0.027335 1.164211 0.107871 0.114610 0.021505 1.502274 0.093038 
0.043047 0.087835 0.226660 0.032377 0.814789 0.041910 0.172452 0.023008 1.500266 0.128584 
0.030720 0.033096 0.031395 0.596724 1.069645 0.080493 0.162330 0.024041 1.660629 0.033491 
0.012080 0.011760 0.015220 0.066354 2.110133 0.081786 0.489152 0.019921 1.719981 0.041274 
0.239968 0.033338 0.035444 0.072661 0.062984 0.658567 0.135313 0.030409 1.907031 0.181959 
0.020334 0.009868 0.202793 0.026809 0.558626 0.608581 0.181483 0.017951 1.799230 0.028088 
0.021233 0.010654 0.199346 0.027282 0.574889 0.609479 0.182369 0.018837 1.800116 0.028974 
0.046169 0.050790 0.022833 0.026650 0.380279 1.559696 0.153323 0.027539 1.735416 0.138682 
0.135241 0.013636 0.015437 0.035890 0.033412 0.037092 2.531355 0.024300 1.827969 0.021088 
0.014937 0.048817 0.315795 0.032932 0.029652 0.159819 1.590172 0.012435 1.626127 0.128095 
0.078566 0.087541 0.078805 0.547551 0.410788 0.119477 1.666889 0.079803 1.684966 0.402462 
0.027732 0.024656 0.057300 0.103293 0.192755 0.644361 1.626975 0.025644 1.554193 0.157760 
0.173480 0.022328 0.018733 0.048278 0.041807 0.436154 0.089977 0.606744 1.840748 0.230677 
0.045333 0.554745 0.036050 0.055333 0.056039 0.062490 0.149352 0.434059 1.785034 0.084264 
0.041128 0.042672 0.524148 0.063631 0.069291 0.081564 0.135918 0.875034 1.541517 0.035561 
0.026328 0.141072 0.027265 0.457375 0.058718 0.054281 0.363663 0.389763 1.589071 0.078156 
0.025032 0.046548 0.025146 0.107223 1.386171 0.063586 0.204166 0.394690 1.587406 0.082477 
0.021147 0.040282 0.021345 0.096953 0.292283 1.244391 0.123461 0.395356 1.530415 0.079593 
0.035143 0.035750 0.058510 0.035477 0.342256 0.054016 2.287814 0.551164 1.598528 0.093598 
0.017726 0.090240 0.019473 0.279980 0.039361 0.354320 0.079203 0.988357 1.833698 0.229716 
0.167217 0.027308 0.036056 0.046780 0.401935 0.069988 0.025781 0.022034 4.123167 0.136133 
0.027335 0.439347 0.038091 0.059430 0.062022 0.059418 0.178561 0.023704 3.872308 0.074395 
0.031434 0.044936 0.392069 0.045088 0.050352 0.044842 1.044085 0.031894 3.887714 0.153326 
0.121566 0.022559 0.029222 0.499423 0.064801 0.049995 0.022208 0.023448 3.967380 0.259776 
0.047812 0.022723 0.075455 0.027901 0.243117 0.045279 1.674450 0.023713 2.756504 0.180340 
0.471590 0.029806 0.037897 0.072320 0.077832 0.076527 0.102734 0.027775 0.120184 5.954605 
0.181230 0.250610 0.026735 0.074123 0.097209 0.047795 0.115749 0.025251 0.068393 4.688844 
0.122818 0.152488 0.362632 0.101673 0.125213 0.084954 0.141107 0.042331 0.095315 5.070004 
0.045181 0.347155 0.377255 0.116900 0.081180 0.089600 0.115486 0.045277 0.133617 5.968320 
0.080200 0.179532 0.020052 0.518894 0.095757 0.048623 0.121069 0.044678 0.102313 4.147630 
0.034293 0.080281 0.034030 1.661776 0.074676 0.121933 0.191898 0.033945 0.110565 7.153588 
0.066061 0.151094 0.014495 0.017398 1.026289 0.036696 0.197237 0.019705 0.126691 4.137655 
0.023470 0.057365 0.413273 0.052850 0.690894 0.189406 0.195693 0.032823 0.059752 4.740832 
0.022547 0.072247 0.079655 0.034593 2.095964 0.074371 0.100942 0.022289 0.117282 5.951724 
0.019825 0.201499 0.025845 0.316133 0.062511 0.692054 0.136064 0.019911 0.099271 4.386940 
0.028842 0.032368 0.418107 0.041068 0.044398 1.853314 0.030558 0.021173 0.064984 5.928004 
0.108370 0.025229 0.030861 0.431379 0.069348 0.703517 0.133461 0.022659 0.136097 4.315588 
0.029853 0.032256 0.220922 0.036118 0.316234 1.798176 0.035912 0.030601 0.108991 5.933887 
0.235160 0.021165 0.025987 0.034891 0.059432 0.033187 1.566874 0.046569 0.023874 4.398492 
0.067398 0.204068 0.032639 0.044053 0.055848 0.059021 1.721499 0.020393 0.031318 5.969905 
0.024044 0.041033 0.218501 0.038776 0.347163 0.105935 1.614541 0.033592 0.088037 4.750852 
0.024969 0.027713 0.020825 0.021823 0.356243 0.784256 1.570699 0.025974 0.104721 5.774130 
0.035165 0.046980 0.026694 0.109346 0.176950 0.037179 3.152601 0.034488 0.144242 4.949053 
0.026819 0.036608 0.577192 0.024206 0.052569 0.514145 0.052549 1.515518 0.173707 9.974195 
0.048035 0.039068 0.085902 0.037734 1.369940 0.082004 0.215822 0.402321 0.067075 4.744788 
0.024580 0.048954 0.055715 0.149176 0.284683 0.424321 0.096476 0.831623 0.144918 4.536710 
0.171535 0.025522 0.023737 0.040750 0.049961 0.040457 0.018363 0.019151 2.522168 10.398223 
0.012507 0.043432 0.012443 0.658204 0.030276 0.051586 0.262562 0.015956 1.930182 4.044807 
0.025530 0.034459 0.028076 0.027311 0.058121 2.503475 0.109681 0.029126 2.927093 12.633943 
0.033521 0.203971 0.032445 0.036250 0.048335 0.255114 0.074514 0.642658 1.289275 4.086577 
0.329642 0.103826 0.088908 0.105463 0.099369 0.905864 0.071222 0.356503 0.073537 18.182942 
0.047327 0.282011 0.048202 0.062130 0.069487 0.380812 0.109758 0.058174 1.197715 9.962175 
0.077164 0.040360 0.583210 0.068365 0.910259 0.103867 0.040727 0.325795 0.042828 18.152234 
0.066696 0.022695 0.022282 0.025297 1.166843 0.065741 1.823759 0.022805 0.120213 15.084457 
0.149757 0.028648 0.027508 0.035653 0.041756 0.046781 3.889745 0.026666 0.124863 16.053852 
0.066404 0.555989 0.068250 0.096822 0.088713 0.685691 0.187342 0.086770 0.845378 0.872384 
0.062740 0.095800 0.605462 0.804974 0.166816 0.096478 0.212714 0.053268 0.188082 0.094351 
0.100443 0.170790 0.253621 0.079596 1.063437 0.221438 0.344276 0.069090 0.180847 0.285186 
0.149407 0.103474 0.102869 0.109808 2.140424 0.142989 0.173658 0.101152 0.182935 4.359684 
0.239516 0.038862 0.049996 0.065771 0.580391 1.212652 0.038966 0.030098 0.188189 0.142974 
0.062684 0.127101 0.035425 0.636015 0.053237 1.016334 0.322336 0.021826 0.139527 0.079089 
0.042528 0.066367 0.180846 0.058686 0.399688 1.968794 0.259897 0.251531 0.167105 0.072113 
0.201143 0.063223 0.060987 0.324782 0.090539 0.075650 3.411476 0.074827 0.141206 0.111742 
0.146861 0.108280 0.741698 0.140849 0.128653 0.141348 2.471065 0.110433 0.153579 0.124517 
0.021513 0.038013 0.021368 0.039137 0.539118 1.179598 2.319943 0.029713 0.149502 0.050111 
0.090660 0.039530 0.037100 0.037416 0.171491 0.270294 4.707972 0.057629 0.161954 0.089470 
0.315510 0.042484 0.056144 0.097296 0.060544 0.868568 0.041860 1.035223 0.044657 0.184426 
0.040229 0.280416 0.039734 0.337385 0.057217 0.665643 0.258235 0.620333 0.174060 0.084877 
0.052087 0.126017 0.893575 0.108348 0.118536 0.138997 0.153389 1.413960 0.060288 0.065490 
0.060930 0.032499 0.279966 0.062669 0.061679 1.755966 0.225969 0.532556 0.157509 0.062517 
0.060398 0.441886 0.061836 0.084469 0.075556 0.592640 0.156953 0.076836 1.846222 0.869100 
0.017241 0.015647 0.033045 0.015906 1.390340 0.522953 0.493447 0.023333 1.723793 0.044841 
0.055919 0.082119 0.041069 0.266408 0.050880 1.503875 0.231583 0.039516 1.830217 0.155559 
0.062621 0.062897 0.203365 0.066701 0.406085 0.075043 1.074286 0.062096 3.917915 0.183527 
0.225038 0.096489 0.095279 0.103925 0.110418 0.115946 4.198388 0.094401 0.121095 16.121490 
0.028306 0.035296 0.414230 0.042609 0.040256 0.403486 0.048464 1.150306 1.009595 9.977694 
0.032155 0.081658 0.082662 0.037077 0.450190 0.454051 0.192478 0.036668 1.013971 5.399220 
