2.046109 0.046114 0.046755 0.046277 0.046729 0.046802 0.049533 0.046920 
1.834416 1.835516 0.046989 0.046059 0.046112 0.046260 0.050044 0.050377 
0.934398 3.633443 0.049069 0.048028 0.048610 0.048569 0.051293 0.048823 
0.045735 4.045728 0.049094 0.048152 0.053344 0.048733 0.050062 0.052752 
1.834451 0.045551 2.728068 0.047886 0.046097 0.045823 0.046963 0.050142 
1.196879 2.360501 3.512330 0.046722 0.046044 0.046355 0.047848 0.052791 
0.046707 3.624158 2.728433 0.047064 0.046259 0.047733 0.048628 0.053148 
0.937060 0.045643 5.415678 0.045413 0.045574 0.052269 0.049058 0.045314 
0.046177 1.838458 5.409724 0.046443 0.046311 0.046322 0.047865 0.053114 
0.044979 0.044545 6.044524 0.044640 0.045141 0.045270 0.045229 0.051715 
1.834757 0.046450 0.046971 3.625590 0.051139 0.046726 0.050384 0.046412 
1.200849 2.364019 0.050975 4.662546 0.048264 0.048579 0.049697 0.055249 
0.044303 3.619185 0.044615 3.632759 0.051861 0.047586 0.050316 0.045717 
1.196150 0.047650 3.517309 4.680354 0.052122 0.050632 0.048011 0.048045 
0.046379 2.355986 3.500438 4.678043 0.051014 0.062679 0.050073 0.057809 
0.046160 0.047062 5.413288 3.622355 0.046424 0.049125 0.054122 0.051116 
0.935617 0.046640 0.046832 7.212686 0.046620 0.047045 0.047705 0.048007 
0.045196 1.833078 0.049612 7.201115 0.045102 0.047998 0.050933 0.048980 
0.044994 0.048811 2.727432 7.200756 0.051529 0.045615 0.049311 0.052003 
0.046434 0.046465 0.047705 8.046433 0.046531 0.047139 0.050574 0.048492 
1.836086 0.047106 0.047609 0.047276 4.517956 0.048585 0.050931 0.048558 
1.199487 2.370904 0.048139 0.047671 5.800014 0.050375 0.058088 0.054801 
0.047409 3.626792 0.049028 0.049558 4.502591 0.053282 0.048357 0.051237 
1.204078 0.048987 3.517059 0.058221 5.813874 0.049462 0.054493 0.050229 
0.046117 2.356602 3.514687 0.047072 5.808942 0.048388 0.047435 0.050170 
0.046375 0.048130 5.415593 0.049549 4.509261 0.046646 0.050145 0.046358 
1.203288 0.045257 0.048252 4.669831 5.794252 0.047862 0.049016 0.050014 
0.045631 2.364061 0.046075 4.654558 5.807235 0.047959 0.049481 0.050612 
0.045372 0.045427 3.520176 4.671409 5.791897 0.047738 0.046801 0.049511 
0.045872 0.045857 0.052572 7.202562 4.514754 0.046049 0.049586 0.052344 
0.940381 0.046703 0.046457 0.046211 8.991039 0.047038 0.050233 0.046234 
0.045327 1.843069 0.046017 0.045058 8.975674 0.044426 0.044737 0.044935 
0.044975 0.045863 2.734009 0.045174 8.984384 0.045592 0.046882 0.058488 
0.047537 0.047437 0.050831 3.645927 8.978671 0.047453 0.048331 0.047695 
0.044424 0.044404 0.045867 0.046347 10.044403 0.044729 0.045914 0.048367 
1.835000 0.044714 0.047624 0.047874 0.044767 5.392773 0.048878 0.046114 
1.203343 2.355055 0.049465 0.049707 0.046992 6.966561 0.048175 0.053793 
0.045394 3.621096 0.047877 0.054350 0.051576 5.420287 0.047305 0.052006 
1.201194 0.046860 3.517299 0.046930 0.048101 6.964403 0.048308 0.051505 
0.046740 2.357527 3.512911 0.046306 0.046291 6.962336 0.048658 0.050581 
0.045742 0.045524 5.414653 0.048727 0.050173 5.401723 0.047921 0.052573 
1.201016 0.049000 0.049440 4.691929 0.049533 6.956067 0.055323 0.049304 
0.049109 2.362297 0.049783 4.672886 0.054070 6.958366 0.052524 0.054528 
0.043667 0.044182 3.511441 4.663276 0.044341 6.963270 0.047775 0.044300 
0.046441 0.047492 0.046474 7.207916 0.051798 5.394783 0.048853 0.053568 
1.201913 0.044747 0.044821 0.046615 5.802703 6.974912 0.046938 0.051564 
0.045389 2.355505 0.046920 0.047391 5.821639 6.966484 0.049183 0.045696 
0.046128 0.046661 3.510803 0.046203 5.811731 6.982636 0.046179 0.050248 
0.048727 0.047492 0.047591 4.677719 5.811282 6.970029 0.051931 0.047539 
0.044635 0.044818 0.044637 0.044872 8.985044 5.420435 0.051010 0.045258 
0.939673 0.045548 0.045083 0.044781 0.051235 10.776169 0.046159 0.045296 
0.045352 1.839655 0.046558 0.045140 0.045158 10.769542 0.049351 0.046587 
0.046042 0.046093 2.736848 0.046582 0.048016 10.771539 0.047430 0.047501 
0.045448 0.045448 0.050352 3.633244 0.047467 10.770990 0.049642 0.046952 
0.044432 0.046780 0.044411 0.044420 4.521434 10.774598 0.050535 0.044998 
0.045015 0.045015 0.045013 0.045028 0.045106 12.045012 0.050543 0.045598 
1.833437 0.045859 0.048373 0.045364 0.045445 0.055817 6.314923 0.052465 
1.197979 2.362181 0.046303 0.045617 0.045690 0.045989 8.117576 0.050199 
0.046107 3.628431 0.048916 0.045810 0.045807 0.048745 6.270605 0.048342 
1.201379 0.045188 3.514631 0.048130 0.048847 0.047322 8.104432 0.046694 
0.048897 2.355986 3.515147 0.047305 0.048691 0.056862 8.123415 0.051852 
0.046792 0.047485 5.414221 0.046959 0.050865 0.047024 6.303605 0.051624 
1.201064 0.046942 0.047467 4.673788 0.047059 0.047478 8.118887 0.050869 
0.045380 2.354344 0.047169 4.664626 0.045346 0.054782 8.127316 0.049931 
0.045228 0.046367 3.516450 4.669491 0.045416 0.053360 8.101560 0.049372 
0.046293 0.046070 0.054679 7.203727 0.047199 0.046825 6.299182 0.050754 
1.203950 0.048374 0.047737 0.046638 5.798435 0.046571 8.140452 0.053884 
0.049856 2.358375 0.049842 0.050737 5.803773 0.054756 8.161223 0.050408 
0.047219 0.047680 3.514577 0.052326 5.810413 0.049483 8.136824 0.047861 
0.046983 0.047077 0.047379 4.667216 5.821272 0.049476 8.126276 0.048971 
0.044085 0.045523 0.044088 0.044365 8.987757 0.050046 6.306748 0.044202 
1.202373 0.054030 0.050990 0.052417 0.050452 6.999740 8.127132 0.057419 
0.049839 2.353777 0.050159 0.054659 0.052077 6.998631 8.125976 0.050179 
0.047974 0.050537 3.518024 0.049645 0.048164 6.979717 8.112587 0.054883 
0.044891 0.044906 0.048750 4.666471 0.045066 6.978085 8.117031 0.051949 
0.045419 0.045557 0.045469 0.045423 5.807660 6.996674 8.117104 0.046164 
0.045426 0.045428 0.045360 0.045364 0.045360 10.787231 6.285903 0.046012 
0.943396 0.045916 0.046362 0.045854 0.049144 0.047159 12.556786 0.046723 
0.047097 1.846677 0.046533 0.047625 0.049244 0.046593 12.547215 0.053269 
0.045882 0.045930 2.734586 0.045971 0.046145 0.046139 12.561428 0.050867 
0.045143 0.044468 0.046603 3.625028 0.052473 0.047295 12.563854 0.051485 
0.044744 0.044749 0.044754 0.044756 4.503779 0.046303 12.575870 0.050237 
0.044593 0.044709 0.044593 0.044607 0.044876 5.421081 12.560777 0.045248 
0.043741 0.043741 0.043741 0.043740 0.045871 0.043740 14.043740 0.044492 
1.835933 0.046144 0.048022 0.046221 0.046823 0.048248 0.049918 7.186539 
1.200949 2.365839 0.050981 0.049272 0.049882 0.058652 0.050981 9.282072 
0.046879 3.623259 0.047161 0.047430 0.046803 0.053504 0.050509 7.210606 
1.201648 0.046907 3.516878 0.054827 0.046617 0.049243 0.049718 9.262096 
0.045774 2.365994 3.500307 0.045950 0.046838 0.050917 0.052809 9.260745 
0.046829 0.045779 5.415145 0.054291 0.046456 0.047882 0.049521 7.186172 
1.207271 0.048414 0.050207 4.661314 0.052203 0.051133 0.053286 9.263457 
0.047488 2.366052 0.048996 4.672918 0.048619 0.048271 0.047814 9.232612 
0.044522 0.045039 3.515320 4.671000 0.046247 0.045061 0.047312 9.248797 
0.046045 0.046803 0.046100 7.202838 0.046075 0.046696 0.049749 7.195955 
1.198910 0.047073 0.049062 0.048186 5.831326 0.048247 0.063831 9.290297 
0.048648 2.365812 0.050215 0.050557 5.825260 0.054209 0.050185 9.247422 
0.045735 0.046951 3.518702 0.047394 5.818102 0.051468 0.060050 9.261441 
0.049511 0.049976 0.050902 4.688793 5.799585 0.059084 0.051236 9.283464 
0.044927 0.046387 0.045289 0.047918 8.994422 0.048063 0.049841 7.183530 
1.202482 0.046666 0.047183 0.046660 0.050340 6.973236 0.050094 9.277443 
0.049648 2.359667 0.053670 0.049170 0.051060 6.975768 0.068233 9.273544 
0.045832 0.048176 3.518673 0.047187 0.045860 6.983626 0.049329 9.246984 
0.045460 0.045192 0.045220 4.675762 0.047945 6.973149 0.046913 9.259527 
0.046499 0.046490 0.048429 0.046491 5.824894 6.993310 0.048467 9.251333 
0.044709 0.044709 0.044762 0.044747 0.045225 10.783452 0.045032 7.185127 
1.205329 0.047237 0.049075 0.047647 0.050247 0.048959 8.126759 9.261481 
0.046414 2.369164 0.046320 0.049628 0.056668 0.049746 8.091479 9.271080 
0.046184 0.046745 3.521152 0.049771 0.048337 0.047944 8.113665 9.272308 
0.044431 0.044443 0.046017 4.673061 0.044622 0.044470 8.134296 9.254357 
0.044630 0.045021 0.044589 0.044512 5.822609 0.044339 8.133971 9.266489 
0.046567 0.046567 0.046567 0.046567 0.046781 6.984087 8.138799 9.261044 
0.045226 0.045225 0.045226 0.045225 0.045395 0.045229 12.573772 7.185612 
0.940577 0.044997 0.045945 0.050359 0.047330 0.046307 0.047794 14.351201 
0.045788 1.842507 0.047950 0.046086 0.047554 0.046201 0.047508 14.340468 
0.045085 0.049484 2.742999 0.046153 0.045105 0.050364 0.046920 14.336205 
0.045435 0.045843 0.045386 3.630676 0.046324 0.046190 0.048187 14.348604 
0.046407 0.046380 0.047279 0.046435 4.527943 0.046508 0.047324 14.349662 
0.044365 0.044361 0.044371 0.044374 0.044544 5.425808 0.046225 14.345254 
0.045341 0.045333 0.045333 0.045334 0.045416 0.045333 6.319939 14.348377 
0.043672 0.044052 0.043671 0.043745 0.043710 0.043680 0.044658 16.043667 
1.977796 0.525593 0.728907 0.909819 1.360250 1.344598 1.550808 1.759391 
1.395463 2.737103 0.832981 1.109802 1.367540 1.572459 1.927925 2.140841 
0.255228 3.892059 0.715306 0.896843 1.058167 1.328702 1.534915 1.743498 
1.378590 0.578083 4.076775 1.107540 1.363840 1.658497 1.900097 2.147212 
0.301864 2.758373 4.087480 1.079894 1.335655 1.526369 1.937203 2.293129 
0.256832 0.478135 5.813132 0.894109 1.035856 1.330667 1.485904 1.741873 
1.403711 0.598212 0.692679 5.408923 1.243179 1.677105 1.865860 2.060779 
0.306555 2.745371 0.851387 5.419781 1.393536 1.639766 1.861344 2.121415 
0.305735 0.566851 4.069211 5.400167 1.364398 1.656760 1.926777 2.038016 
0.253193 0.466386 0.692146 7.736130 1.111685 1.328705 1.536051 1.722540 
1.387040 0.585938 0.844473 1.069902 6.750743 1.534544 1.905538 2.216028 
0.323661 2.757219 0.839333 1.069763 6.745451 1.608726 1.939082 2.254469 
0.297744 0.576642 4.082276 1.115612 6.734570 1.663841 1.863372 2.149614 
0.314727 0.582358 0.846753 5.399118 6.737895 1.619802 1.916054 2.212911 
0.260817 0.491491 0.688813 0.905686 9.655620 1.355369 1.547809 1.698010 
1.386157 0.586841 0.837273 1.132141 1.403123 8.066854 1.957073 2.144882 
0.318007 2.735414 0.858547 1.121374 1.398521 8.091229 1.961672 2.250788 
0.308093 0.578872 4.068861 1.135788 1.328894 8.091125 1.948574 2.178355 
0.310642 0.578266 0.843976 5.435564 1.408223 8.053066 1.888663 2.136379 
0.302474 0.558347 0.813250 1.081241 6.741624 8.134563 1.862871 2.126377 
0.252259 0.470436 0.680109 0.884371 1.116705 11.586978 1.537466 1.730245 
1.389239 0.599636 0.875393 1.088332 1.409033 1.674342 9.424986 2.289725 
0.305811 2.737917 0.850696 1.133699 1.401865 1.680881 9.438599 2.237511 
0.308704 0.572800 4.072506 1.139161 1.329690 1.635981 9.420453 2.176205 
0.315009 0.584229 0.861126 5.400658 1.383950 1.658612 9.469935 2.207850 
0.302517 0.576766 0.822676 1.098493 6.776660 1.611712 9.411919 2.239245 
0.314421 0.571860 0.857866 1.095877 1.392289 8.067131 9.417108 2.172860 
0.237738 0.472297 0.669150 0.875102 1.103328 1.398653 13.522589 1.719658 
1.405662 0.586622 0.845963 1.132361 1.263362 1.630780 1.905375 10.797760 
0.315341 2.764922 0.861132 1.101048 1.441155 1.699673 1.923476 10.793133 
0.316817 0.582798 4.055338 1.120291 1.355171 1.691522 1.944776 10.766005 
0.319929 0.586327 0.851060 5.428278 1.392476 1.704729 1.918004 10.690788 
0.308816 0.565390 0.860414 1.122552 6.727690 1.677718 1.936812 10.759213 
0.313396 0.569314 0.849489 1.108996 1.387520 8.050879 1.917638 10.782496 
0.328361 0.606532 0.862180 1.162971 1.371915 1.645720 9.442008 10.756896 
0.236954 0.442304 0.674657 0.904077 1.074409 1.363767 1.361738 15.490557 
