2.330506 2.336645 1.000256 1.000390 1.000567 1.000664 1.000901 1.001288 1.001021 0.999879 
2.219803 2.239255 1.014557 1.021894 1.029544 1.118728 1.045452 1.062643 1.326209 1.505211 
1.182508 4.632313 1.000320 1.000480 1.000656 1.000762 1.000901 1.001299 1.001250 0.999901 
2.229344 1.000035 3.308426 1.000490 1.000613 1.000746 1.000857 1.001003 1.001128 1.000097 
1.287559 2.553863 3.802908 1.000411 1.000886 1.000748 1.000878 1.001314 1.001093 0.999911 
1.128537 0.999836 6.609899 1.000582 1.000807 1.001029 1.001279 1.001670 1.001528 0.999859 
0.958268 1.033644 6.025047 1.119263 1.165747 1.214307 1.265045 1.318176 1.373539 0.953364 
2.179111 1.000049 1.000319 4.279162 1.000529 1.000669 1.000834 1.001285 1.001011 0.999904 
1.275558 2.471849 1.000200 4.947714 1.001595 1.000936 1.001116 1.001656 1.001503 0.999892 
1.256072 2.400312 1.006036 4.813748 1.059951 1.059471 1.071961 1.086596 1.097354 0.988789 
1.211046 0.999865 3.559847 4.737774 1.000752 1.000953 1.001177 1.001314 1.001452 0.999875 
1.211063 0.999875 3.559952 4.737897 1.000701 1.000889 1.000977 1.001390 1.001351 0.999888 
1.102209 0.999872 0.999898 8.587168 1.000623 1.000754 1.000916 1.001409 1.001153 0.999931 
2.141668 1.000025 1.000192 1.000301 5.286681 1.000652 1.000789 1.001220 1.001077 0.999920 
2.120606 1.000545 1.003180 1.005484 5.250252 1.021002 1.025787 1.029865 1.033897 0.995818 
1.259953 2.451718 1.000154 1.000155 6.065920 1.000732 1.000829 1.001352 1.001088 0.999869 
1.105286 2.987060 1.001077 1.033584 5.412064 1.007668 1.009305 1.013759 1.012242 0.998473 
1.184937 0.999855 3.519247 1.000224 5.870546 1.000954 1.001155 1.001645 1.001531 0.999865 
1.033449 0.993960 4.244783 1.008031 5.232043 1.031140 1.038033 1.044244 1.050432 0.993751 
1.185157 0.999867 0.999898 4.525051 5.662954 1.000838 1.001014 1.001523 1.001325 0.999837 
1.089229 0.999805 0.999815 0.999827 10.547765 1.001112 1.001343 1.001866 1.001787 0.999833 
1.050506 0.999318 0.999336 0.999356 10.679330 1.062467 1.004367 1.005040 1.005824 0.999328 
2.126467 1.000027 1.000158 1.000281 1.000538 6.233431 1.001183 1.001313 1.001498 1.000050 
1.246435 2.431051 1.000116 1.000173 1.000374 7.222560 1.000898 1.001002 1.001141 0.999915 
0.966398 2.530413 1.031696 1.119269 1.074199 6.254571 1.315046 1.380986 1.450104 1.269190 
1.188127 0.999791 3.480633 1.000277 1.000445 6.900827 1.001608 1.001959 1.002136 0.999780 
1.166370 0.993727 3.332576 1.012681 1.019024 6.648213 1.105065 1.376020 1.105184 0.986899 
1.151878 0.999843 0.999864 4.543670 1.000337 6.766764 1.001567 1.001674 1.001497 0.999860 
1.035431 0.980491 0.981106 4.501173 1.028336 6.881358 1.120630 1.202409 1.165463 0.979390 
1.136988 0.999563 0.999611 0.999632 5.578868 6.668934 1.003055 1.004211 1.004067 0.999539 
0.941424 0.905418 0.907834 0.910482 5.173743 5.800470 1.525850 1.652741 1.789931 0.904026 
1.022325 0.968802 0.969783 0.970806 0.971833 12.026145 1.190830 1.227224 1.264495 0.966993 
2.113320 1.000026 1.000180 1.000265 1.000331 1.000448 7.198617 1.001734 1.001437 0.999871 
2.113244 1.000027 1.000188 1.000279 1.000444 1.000474 7.198544 1.001814 1.001529 0.999859 
1.220086 2.425816 1.000063 1.000128 1.000290 1.000293 8.462722 1.001443 1.001252 0.999899 
1.185863 0.999860 3.450959 1.000215 1.000358 1.000377 7.973481 1.001316 1.001455 0.999874 
1.152828 0.998639 0.998785 4.463489 1.002531 1.003352 7.817078 1.011560 1.012921 0.998433 
1.067403 0.965301 0.967540 0.969863 5.302216 1.077925 7.417708 1.266726 1.311452 0.961126 
1.009064 0.929964 0.933821 0.937966 0.942426 6.083179 7.142388 1.515113 1.615342 0.923103 
0.981414 0.927335 0.929990 0.932851 0.935929 0.939237 13.358390 1.517847 1.619215 0.922601 
2.072234 1.000030 1.000436 1.000381 1.000563 1.000708 1.000893 8.407864 1.002509 0.999741 
2.033681 1.006860 1.001643 1.002733 1.004056 1.050741 1.006746 8.535463 1.021885 0.997559 
1.207793 2.389821 1.000085 1.000158 1.000260 1.000321 1.000441 9.771099 1.001396 1.000064 
1.160368 0.999771 3.407892 1.000262 1.000403 1.000534 1.000680 9.286005 1.002270 0.999759 
1.110790 0.966652 3.106444 1.030402 1.049606 1.105282 1.091101 9.073857 1.315056 0.960652 
1.109818 0.988956 0.989745 4.365926 1.018135 1.024536 1.030970 8.988844 1.100897 0.987435 
0.993863 0.925652 0.929176 0.932979 5.042636 1.148538 1.197841 8.379626 1.644830 0.919409 
0.931068 0.877626 0.882904 0.888881 0.895782 5.820637 1.314224 8.055441 2.048703 0.870162 
0.908837 0.854437 0.861433 0.869555 0.878942 0.889643 6.779237 8.016917 2.253673 0.843345 
0.945665 0.875106 0.881991 0.890665 0.900580 0.911821 0.924537 14.717097 2.106432 0.861792 
2.245238 1.000043 1.000149 1.000269 1.000350 1.000473 1.000539 1.000690 7.784749 0.999890 
2.224381 1.000900 1.003312 1.005827 1.008360 1.010611 1.013021 1.015598 7.789279 0.996163 
1.306206 2.593720 1.000195 1.000187 1.000303 1.000397 1.000435 1.000716 9.065056 0.999856 
1.246153 0.999892 3.695328 1.000235 1.000330 1.000417 1.000553 1.000758 8.691805 0.999892 
1.112725 0.945865 0.952680 4.419714 1.116275 1.160369 1.207385 1.257199 7.978778 0.933603 
0.895776 0.819824 0.834583 0.852355 4.805741 1.429963 1.618373 1.841003 7.191462 0.797813 
0.794518 0.740856 0.760973 0.787860 0.822664 5.546164 1.838209 2.214777 6.923745 0.742238 
0.802856 0.748129 0.767034 0.802930 0.849581 0.909069 7.128021 2.311497 6.494550 0.770442 
0.863258 0.786322 0.806423 0.835463 0.871660 0.916440 7.611759 2.118905 6.335432 0.819284 
0.756698 0.701629 0.768283 0.797589 0.881189 0.987574 1.116430 8.114206 6.787293 0.726082 
0.296646 0.307104 0.354117 0.524186 0.703107 0.856295 3.689205 4.423264 6.533299 0.687011 
0.912398 0.787670 0.828784 0.881877 0.948744 1.032514 1.163539 1.275354 14.128996 0.810638 
0.074990 0.085542 0.126843 0.198640 0.375775 0.761745 1.586897 4.322595 8.584429 0.628979 
0.150953 0.161636 0.204306 0.249632 0.376811 1.007910 1.460358 4.836911 8.376586 0.737710 
2.545353 1.000077 1.000184 1.000306 1.000413 1.000485 1.000620 1.000928 1.000798 5.536491 
1.483085 2.956144 1.000306 1.000350 1.000529 1.000518 1.000637 1.000760 1.000856 6.377571 
1.429135 0.999915 4.184708 1.000343 1.000432 1.000554 1.000679 1.001041 1.000932 6.083033 
1.486326 1.011092 3.478237 1.088422 1.126470 1.210511 1.209019 1.252716 1.298096 4.670027 
0.927683 1.898717 2.950402 1.151054 1.229500 1.315321 1.409136 1.511573 1.622964 4.575152 
1.385864 0.999898 0.999933 5.465217 1.000475 1.000620 1.000728 1.000931 1.000971 5.968867 
0.934524 1.913606 0.984462 3.840395 1.212101 1.289671 1.373621 1.467802 1.563604 4.753988 
0.941021 0.980335 2.903525 3.877100 1.157680 1.210360 1.263803 1.324345 1.382251 4.525698 
1.372465 0.999878 0.999919 1.001005 6.687711 1.000765 1.000903 1.001072 1.001215 5.887279 
0.946877 0.971752 2.911614 1.022777 4.808687 1.205113 1.258148 1.314035 1.373198 4.411459 
1.358595 0.999798 0.999886 0.999912 0.999973 7.940022 1.001375 1.001672 1.001844 5.833654 
0.935266 1.943331 0.986761 1.017801 1.056770 5.750447 1.388813 1.483894 1.586382 4.413556 
0.951196 0.984158 2.949504 1.020382 1.039710 5.777455 1.222857 1.268786 1.317729 4.514112 
0.970098 0.992524 3.119989 1.014956 1.026721 5.879404 1.139938 1.166307 1.194317 4.533407 
1.233356 0.958515 0.968311 0.978678 0.989679 1.001273 8.742904 1.296962 1.353853 5.485516 
1.089614 0.894514 0.915740 0.939937 0.967481 0.998726 1.034061 9.714547 1.850988 5.138855 
1.002371 0.885205 0.897226 0.910860 0.926306 0.943747 2.003769 9.743639 1.817303 5.144400 
0.933997 1.981643 0.990552 1.023985 1.061206 1.105294 1.146471 7.672971 1.611175 4.409656 
0.960541 0.978981 2.913888 1.017861 1.040906 1.049045 1.066773 7.920587 1.273014 4.604802 
0.845999 0.741485 0.810976 0.927578 1.112978 1.361516 1.581929 1.956765 7.306244 4.142066 
0.891030 1.896490 0.988317 1.050705 1.122510 1.204879 1.307717 1.407278 7.344536 4.465472 
0.899611 0.965453 2.929841 1.052547 1.102162 1.157910 1.216669 1.282988 7.238483 4.522057 
0.921394 0.920179 1.010091 3.941811 1.084240 1.125003 1.204708 1.223679 7.154075 4.666831 
0.925783 0.924206 1.008751 3.978714 1.081147 1.119742 1.196737 1.213368 7.153388 4.670784 
0.193058 0.203878 0.247984 0.385422 0.474387 0.766188 1.324889 4.861205 6.248719 3.611250 
0.140834 0.150839 0.190832 0.305646 0.423643 0.745982 1.391865 2.667391 8.767936 3.225481 
1.718511 0.999940 1.000076 1.000098 1.000183 1.000270 1.000367 1.000456 1.000520 13.805733 
0.919945 2.192871 1.017922 1.074471 1.141955 1.214613 1.297506 1.392763 1.492248 9.848605 
0.918440 0.982776 3.316418 1.063048 1.108071 1.156732 1.209537 1.269676 1.327430 10.073590 
0.940901 0.942697 1.023397 4.505468 1.080951 1.114252 1.149128 1.188329 1.225388 10.252770 
0.963362 0.953925 0.974349 1.015437 5.654027 1.092884 1.120093 1.148490 1.177713 10.260809 
0.942359 0.942060 0.988374 0.944080 1.028215 6.640407 1.147825 1.184272 1.222612 10.198354 
0.931776 0.932111 0.931784 0.931829 0.938044 1.132243 7.702790 1.215994 1.261710 10.188170 
0.098698 0.105285 0.131156 0.202727 0.300466 0.546877 1.059865 2.111929 6.145363 7.802018 
0.024414 0.024421 0.024449 0.024510 0.024657 0.025021 0.025771 0.027555 0.031201 20.008934 
0.208277 0.208811 0.211057 0.212464 0.217303 0.236015 0.250963 0.316473 0.379492 19.727081 
2.660800 1.000277 1.000821 1.000962 1.097260 1.295727 1.518385 1.677029 1.555670 1.481915 
1.518285 2.972900 1.014720 1.023559 1.261923 1.379340 1.603533 1.954324 1.662205 1.565873 
1.419842 0.973245 4.138673 1.113336 1.159775 1.363030 1.536120 1.685266 1.585093 1.472738 
1.391970 0.965187 0.982496 5.350416 1.208179 1.274757 1.407565 1.796578 1.516051 1.464332 
0.847437 0.934657 2.602179 3.503402 1.401054 1.570400 1.765045 1.987208 2.240497 1.168534 
0.846860 0.934243 2.598645 3.499160 1.407256 1.572617 1.768319 1.991793 2.246693 1.147656 
1.338690 0.953200 0.974115 0.996692 6.615323 1.340916 1.533088 1.625578 1.650532 1.424843 
0.858214 0.934803 2.660796 1.065970 4.526225 1.546047 1.726254 1.931805 2.164107 1.229922 
0.837924 0.845991 0.990253 3.347449 4.413575 1.579225 1.779407 2.008983 2.271925 1.216152 
0.827346 0.836414 0.987825 3.168126 4.514947 1.612501 1.830355 2.082251 2.372979 0.979256 
1.352090 0.959811 0.977385 0.996280 1.016236 8.098024 1.505130 1.805292 1.556820 1.454869 
0.906397 1.840449 0.978097 1.024005 1.072028 5.616375 1.543166 1.698788 1.877488 3.585361 
0.842798 0.937874 2.636959 1.077636 1.151985 5.349013 1.778903 2.007309 2.268988 1.164906 
0.812514 0.822943 0.983586 3.250536 1.161183 5.132518 1.875127 2.152700 2.476846 1.138438 
0.811644 0.822141 0.983088 3.243697 1.161416 5.125394 1.878158 2.157405 2.483924 1.137561 
0.787061 0.788603 0.810317 1.056486 3.978253 4.911172 1.956786 2.283394 2.671190 1.134343 
1.364406 0.960166 0.978876 0.998572 1.019629 1.257652 9.365751 1.807070 1.567067 1.433807 
0.898370 1.782673 0.971877 1.019464 1.069920 1.181962 6.755795 1.734388 1.913538 3.597525 
0.920558 1.848603 0.978637 1.015046 1.051792 1.094633 6.545866 1.539085 2.787025 3.626077 
0.819194 0.916841 2.472036 1.064072 1.158644 1.270528 6.385160 2.137779 2.456139 1.204677 
0.776095 0.789527 0.966676 3.046048 1.180261 1.322983 5.904251 2.340193 2.758805 1.168135 
0.758072 0.760347 0.788481 1.053436 3.859702 1.341398 5.725753 2.424898 2.891417 1.175431 
0.722435 0.723406 0.733483 0.828677 1.090110 4.608734 5.599397 2.590944 3.163371 1.185248 
0.794899 0.798841 0.853553 0.805151 1.092705 5.207190 6.068236 2.234481 2.599784 1.259357 
1.338599 0.952616 0.973955 0.997039 1.022125 1.291176 1.386932 10.795350 1.661689 1.393806 
0.896540 1.810378 0.981822 1.025897 1.083229 1.146525 1.219096 7.697193 1.931794 3.772566 
0.789628 0.895823 2.341898 1.067044 1.181439 1.319585 1.485353 7.364125 2.698847 1.188348 
0.737205 0.754281 0.947108 2.869022 1.203753 1.382698 1.605352 6.770300 3.057960 1.210451 
0.715132 0.718725 0.753923 1.043737 3.647309 1.397499 1.643834 6.663495 3.220831 1.188790 
0.776752 0.779480 0.812919 1.153169 4.073407 1.355640 1.537209 6.872565 2.739898 1.250554 
0.679308 0.681333 0.700003 0.830608 1.056506 4.495168 1.692749 6.579117 3.499993 1.144876 
0.642288 0.643064 0.649557 0.695566 0.920839 1.121089 5.521053 6.634636 3.775690 1.181303 
0.758616 0.758852 0.761738 0.791753 0.978788 1.120901 6.565678 7.269190 2.929636 0.773223 
0.669400 0.671703 0.694089 0.861164 0.979703 1.313744 0.985556 11.642184 3.603694 0.963884 
1.401973 0.944980 0.987778 1.035880 1.091541 1.226116 1.496413 1.887842 9.709411 1.456402 
0.759813 1.470214 0.950889 1.096778 1.294604 1.552154 1.881871 2.311773 6.509193 1.277651 
0.658588 0.792330 1.901271 1.088778 1.322572 1.637002 2.056641 2.611405 5.869650 1.090192 
0.544485 0.579621 0.802046 2.063705 1.283139 1.700418 2.301158 3.157838 5.402478 0.951211 
0.555988 0.565279 0.633092 0.969373 2.953912 1.617768 2.151358 2.903315 6.149017 1.168267 
0.552060 0.560871 0.624895 0.979493 2.952576 1.629553 2.175003 2.945833 6.242934 0.910714 
0.500196 0.508234 0.555539 0.736229 0.996012 3.804053 2.221001 3.125809 6.177367 1.090975 
0.397462 0.407306 0.455923 0.652090 0.827268 0.962684 4.831562 3.551924 5.935853 1.199849 
0.300601 0.315722 0.382847 0.586950 0.619185 0.893980 1.373834 6.716381 6.370871 1.145109 
0.297789 0.309875 0.363792 0.532120 0.726635 0.893301 1.375081 2.205345 11.428036 1.157709 
1.671079 0.982343 1.019200 1.058887 1.271229 1.564107 1.718148 2.091270 1.807823 6.972367 
0.918095 2.481190 1.061724 1.153005 1.257412 1.376438 1.511751 1.665149 1.838699 5.900345 
0.835593 0.970040 3.298279 1.165795 1.289452 1.433010 1.600276 1.792237 2.014086 5.433782 
0.797916 0.813910 1.047065 4.081878 1.313399 1.487239 1.692922 1.936880 2.223644 5.183025 
0.762376 0.766294 0.805608 1.143469 4.917719 1.526545 1.774210 2.074885 2.438365 5.104866 
0.717240 0.718690 0.734922 0.885065 1.173233 5.820431 1.860311 2.238369 2.710748 5.059777 
0.965462 0.971728 1.137190 0.969634 4.433252 5.790364 1.158813 1.189401 1.221873 4.529099 
0.657643 0.658502 0.664790 0.714564 1.020957 1.220884 6.883838 2.431655 3.065840 5.030780 
0.584754 0.585668 0.592209 0.632220 0.857505 0.971369 1.435256 8.361784 3.481274 5.088128 
0.781850 0.782296 0.788376 0.861768 0.987426 3.895967 1.281478 6.714411 2.319927 5.117405 
0.314719 0.325816 0.378019 0.560739 0.764252 0.903873 1.365883 2.151244 8.037089 5.051332 
0.450681 0.461606 0.519166 0.790971 0.994485 1.105333 1.396073 1.890312 2.688810 11.426104 
