2.008174 0.008298 0.008251 0.008864 0.009086 
1.970004 0.781220 0.007826 0.008427 0.009000 
1.798979 1.796550 0.009658 0.010211 0.020258 
1.424584 2.835724 0.009418 0.009991 0.010004 
0.905031 3.592199 0.012622 0.014354 0.012726 
0.401993 3.936004 0.013702 0.014354 0.012665 
0.006387 4.004908 0.008137 0.010585 0.008954 
1.966770 0.006182 1.183869 0.005908 0.013596 
1.894847 0.942095 1.420296 0.008119 0.010368 
1.617155 2.153019 1.605105 0.013089 0.013610 
1.093454 3.240361 1.607523 0.030164 0.028066 
0.481580 3.804278 1.431542 0.025910 0.026910 
0.012376 3.936278 1.160559 0.011202 0.014419 
1.798619 0.010596 2.698353 0.010687 0.021440 
1.619710 1.075946 3.209172 0.014089 0.016728 
1.164875 2.329075 3.495727 0.019651 0.022167 
0.554456 3.263032 3.261933 0.045080 0.044731 
0.014636 3.591472 2.695230 0.013595 0.014475 
1.423676 0.010210 4.252635 0.013594 0.010760 
1.079002 1.079897 4.824672 0.011966 0.015079 
0.542488 2.150633 4.821355 0.015160 0.010981 
0.011331 2.838537 4.252869 0.013679 0.010947 
0.903483 0.011721 5.382110 0.017244 0.013249 
0.482500 0.949708 5.683175 0.018588 0.019667 
0.013773 1.799157 5.381346 0.016315 0.021761 
0.402394 0.013362 5.898710 0.017274 0.017413 
0.008956 0.795706 5.891615 0.008972 0.013263 
0.009616 0.008662 6.008576 0.008796 0.009828 
1.970409 0.007003 0.008010 1.529577 0.007850 
1.893316 0.954879 0.008884 1.895445 0.018986 
1.627099 2.155425 0.027306 2.190610 0.024427 
1.080713 3.226672 0.019642 2.161409 0.019653 
0.478681 3.790819 0.015387 1.894346 0.018136 
0.010528 3.932117 0.010861 1.568526 0.009700 
1.895463 0.010650 1.418644 1.887247 0.011487 
1.744498 1.158857 1.749788 2.323627 0.022139 
1.280693 2.579135 1.894527 2.582978 0.030114 
0.602055 3.522884 1.753785 2.347166 0.047035 
0.011059 3.785303 1.407119 1.868981 0.010589 
1.612038 0.012336 3.230431 2.135829 0.010508 
1.276225 1.274092 3.824765 2.538607 0.049953 
0.662615 2.605114 3.889285 2.633769 0.070734 
0.010021 3.212459 3.218841 2.158487 0.012118 
1.083066 0.023358 4.833211 2.162033 0.021680 
0.597705 1.180386 5.323297 2.368723 0.064962 
0.014264 2.146987 4.832335 2.134246 0.013840 
0.487065 0.017261 5.676038 1.898869 0.019434 
0.009684 0.961291 5.664529 1.884913 0.014788 
0.007210 0.006045 5.891541 1.561485 0.007269 
1.800560 0.015378 0.013666 3.593091 0.013939 
1.617170 1.046049 0.012200 4.299346 0.011542 
1.161811 2.314876 0.009232 4.638227 0.019193 
0.546069 3.223487 0.018014 4.294724 0.019036 
0.009702 3.588258 0.009538 3.577857 0.009168 
1.615229 0.016732 1.609918 4.314582 0.018707 
1.271207 1.269225 1.911836 5.109547 0.017440 
0.640969 2.560412 1.931048 5.124403 0.032157 
0.019368 3.230264 1.608899 4.286319 0.040426 
1.162065 0.015617 3.485545 4.650934 0.015224 
0.649805 1.294261 3.842652 5.134942 0.043381 
0.014290 2.329350 3.470261 4.628022 0.016919 
0.545446 0.018077 4.831679 4.299359 0.018637 
0.010801 1.066685 4.824637 4.292222 0.050791 
0.010833 0.009753 5.384425 3.565513 0.013567 
1.425195 0.014974 0.015559 5.685951 0.018714 
1.079422 1.067232 0.012599 6.439478 0.019662 
0.543320 2.152488 0.015702 6.438994 0.016344 
0.010207 2.843239 0.011915 5.656019 0.011719 
1.075716 0.008664 1.608188 6.428474 0.011077 
0.591414 1.158617 1.697739 6.996676 0.023028 
0.011753 2.143840 1.608203 6.436038 0.016043 
0.554588 0.030607 3.242855 6.453855 0.032643 
0.016808 1.074978 3.222827 6.437958 0.024641 
0.009800 0.009673 4.255676 5.662023 0.014881 
0.910327 0.025697 0.025518 7.199272 0.029599 
0.489543 0.959220 0.027305 7.583838 0.028299 
0.013240 1.800645 0.012875 7.168948 0.013742 
0.478292 0.019821 1.405267 7.566588 0.015770 
0.019820 0.963050 1.409179 7.569599 0.020410 
0.008286 0.007623 2.683053 7.168171 0.034941 
0.400699 0.009852 0.008182 7.852302 0.008844 
0.010729 0.799996 0.010759 7.853073 0.015538 
0.008708 0.008473 1.184192 7.853379 0.009548 
0.008749 0.006192 0.005888 8.005876 0.010842 
1.970367 0.010038 0.010572 0.021077 1.973907 
1.893449 0.949504 0.008089 0.008257 2.353553 
1.619442 2.138657 0.015524 0.012383 2.670411 
1.083115 3.234527 0.019255 0.019763 2.681951 
0.481139 3.785362 0.012920 0.018164 2.367235 
0.007437 3.929732 0.008545 0.008885 1.966476 
1.894786 0.009848 1.421215 0.009195 2.366101 
1.747671 1.140340 1.711470 0.013114 2.873987 
1.288059 2.575649 1.930533 0.035331 3.200548 
0.593851 3.525478 1.774476 0.047772 2.903114 
0.007481 3.781495 1.418634 0.012476 2.340334 
1.614589 0.014862 3.213461 0.012605 2.691250 
1.287319 1.288928 3.886150 0.041543 3.124694 
0.659419 2.603065 3.908437 0.067628 3.192109 
0.013280 3.221148 3.218529 0.015808 2.671005 
1.086167 0.017960 4.822389 0.016238 2.684597 
0.591569 1.180502 5.243402 0.029979 2.913589 
0.020836 2.163626 4.827732 0.035215 2.682013 
0.477752 0.011905 5.676491 0.012035 2.341581 
0.011331 0.952117 5.667792 0.016568 2.375796 
0.012465 0.011961 5.893366 0.023868 1.982517 
1.895053 0.009896 0.010618 1.901730 2.367003 
1.749201 1.140301 0.016853 2.321998 2.826491 
1.289544 2.570803 0.028534 2.550113 3.168778 
0.582186 3.475364 0.011699 2.315130 2.930626 
0.014992 3.786590 0.014610 1.911769 2.338743 
1.747741 0.018438 1.741765 2.290213 2.904724 
1.463421 1.425836 2.087309 2.878960 3.390850 
0.735785 2.891302 2.233534 2.840447 3.501120 
0.011572 3.470563 1.770266 2.364452 2.823325 
1.282687 0.020485 3.849873 2.505081 3.149197 
0.731340 1.443426 4.316883 2.930064 3.596252 
0.026678 2.554816 3.831419 2.554788 3.159165 
0.593492 0.024331 5.228627 2.330544 2.892320 
0.023098 1.172931 5.224287 2.327184 2.896411 
0.013549 0.014801 5.669652 1.899969 2.359352 
1.614155 0.008978 0.010612 4.276529 2.665737 
1.294395 1.303468 0.037891 5.121994 3.209299 
0.652751 2.596189 0.061089 5.185765 3.216886 
0.017487 3.228960 0.018317 4.278059 2.685545 
1.279791 0.018616 1.919208 5.074981 3.190633 
0.741885 1.470970 2.177119 5.912768 3.645000 
0.025004 2.564285 1.912546 5.083577 3.151501 
0.654291 0.045440 3.866994 5.123958 3.185111 
0.012569 1.269292 3.802203 5.081574 3.184181 
0.015478 0.016087 4.839815 4.268614 2.676790 
1.077478 0.019138 0.019869 6.452942 2.697171 
0.588543 1.161279 0.019178 6.967648 2.894921 
0.009548 2.145706 0.012198 6.425647 2.676659 
0.588364 0.019756 1.740117 6.966702 2.887866 
0.012871 1.160330 1.757923 6.936342 2.905050 
0.014708 0.014127 3.225210 6.431286 2.662617 
0.484432 0.015838 0.017496 7.565105 2.351526 
0.015146 0.962635 0.016081 7.557432 2.357623 
0.010429 0.010156 1.426276 7.555414 2.350005 
0.009794 0.008869 0.014221 7.855007 1.960586 
1.799334 0.011591 0.013775 0.014740 4.492326 
1.611763 1.076080 0.008844 0.014000 5.360016 
1.168928 2.314405 0.018728 0.018911 5.807062 
0.544200 3.236623 0.024101 0.023874 5.375569 
0.008707 3.585872 0.008461 0.017652 4.474954 
1.611093 0.006691 1.595387 0.010967 5.353776 
1.280744 1.276407 1.930857 0.028507 6.377021 
0.657131 2.586918 1.934222 0.046177 6.400289 
0.014285 3.224334 1.618098 0.023416 5.340049 
1.165864 0.014328 3.495165 0.018715 5.771604 
0.649793 1.276679 3.851632 0.039572 6.398682 
0.017071 2.316255 3.484549 0.021052 5.809589 
0.545266 0.017374 4.840708 0.022559 5.347021 
0.009200 1.078860 4.823217 0.012649 5.344386 
0.009127 0.014332 5.376318 0.014086 4.475548 
1.612578 0.013241 0.008898 2.154716 5.341980 
1.282537 1.276057 0.022066 2.556045 6.370963 
0.647016 2.560113 0.030934 2.542360 6.369812 
0.015682 3.215848 0.023143 2.197744 5.352771 
1.278308 0.013371 1.911142 2.551216 6.332072 
0.723502 1.450832 2.155228 2.888845 7.172055 
0.021795 2.553730 1.906070 2.520521 6.369359 
0.642859 0.021356 3.830934 2.525662 6.350849 
0.035345 1.316427 3.873761 2.479259 6.317517 
0.013107 0.013503 4.818455 2.178392 5.353952 
1.163797 0.011033 0.012470 4.629959 5.793069 
0.647547 1.276255 0.031277 5.122279 6.375849 
0.015370 2.329870 0.013469 4.639063 5.759776 
0.643194 0.017588 1.910596 5.101942 6.320196 
0.021322 1.277007 1.925454 5.109256 6.314727 
0.019275 0.020343 3.483114 4.646822 5.780958 
0.552527 0.022087 0.021548 6.442775 5.360184 
0.014503 1.091477 0.014209 6.432304 5.340926 
0.020203 0.021399 1.625649 6.441333 5.350778 
0.010152 0.014839 0.009509 7.169101 4.471115 
1.424947 0.010987 0.011169 0.011481 7.078211 
1.083926 1.076564 0.016345 0.016174 8.042365 
0.549087 2.156316 0.023952 0.023625 8.062971 
0.024416 2.858946 0.017596 0.018111 7.055929 
1.078430 0.017461 1.614271 0.017759 8.056684 
0.592767 1.170141 1.740320 0.031705 8.727591 
0.021375 2.169539 1.627630 0.023815 8.018532 
0.541076 0.015739 3.209896 0.011664 8.035161 
0.011619 1.080129 3.216946 0.023937 8.029590 
0.007023 0.007286 4.252075 0.010523 7.073840 
1.075321 0.011893 0.011442 2.119966 8.054976 
0.591976 1.178577 0.024800 2.336340 8.700864 
0.011358 2.145161 0.011311 2.148666 8.034048 
0.591587 0.024525 1.755096 2.329907 8.703837 
0.015548 1.169093 1.750202 2.310006 8.671212 
0.017586 0.018095 3.222514 2.153903 8.034428 
0.549417 0.033478 0.029192 4.296966 8.075878 
0.023471 1.094394 0.023258 4.329720 8.013940 
0.009692 0.009305 1.607354 4.301261 8.016966 
0.012359 0.014825 0.012163 5.668058 7.084403 
0.902131 0.014520 0.014457 0.015724 8.974487 
0.479092 0.952426 0.011083 0.011260 9.442938 
0.012840 1.805896 0.012964 0.020306 8.950613 
0.478931 0.014220 1.417039 0.013915 9.449494 
0.013063 0.957758 1.425064 0.013509 9.440787 
0.013428 0.013004 2.705219 0.013865 8.949811 
0.481737 0.015173 0.014440 1.908205 9.444774 
0.014353 0.962486 0.015762 1.913995 9.433430 
0.006993 0.006946 1.424530 1.909127 9.428430 
0.011348 0.010911 0.011301 3.597185 8.949819 
0.400487 0.007946 0.007205 0.007189 9.811347 
0.012206 0.784606 0.014757 0.012945 9.823537 
0.009824 0.009465 1.188452 0.010018 9.814031 
0.013559 0.011323 0.011346 1.604113 9.811107 
0.008286 0.007336 0.007324 0.007326 10.007322 
