2.334120 2.329739 1.000220 1.000587 1.000610 1.000570 1.000636 1.000975 1.000747 1.000042 
1.178212 4.642179 1.000170 1.000300 1.000510 1.000345 1.000490 1.000632 1.000588 0.999935 
1.159507 4.312932 1.040217 1.061899 1.084036 1.107483 1.129991 1.153753 1.177847 0.977778 
2.199193 1.000026 3.399899 1.000389 1.000399 1.000615 1.000598 1.000814 1.000784 0.999923 
1.270218 2.505598 3.927363 1.000714 1.000698 1.000718 1.000841 1.001090 1.001065 0.999958 
1.114796 0.999908 6.653019 1.000401 1.000581 1.000552 1.000714 1.000766 1.000865 0.999980 
2.170545 1.000026 1.000157 4.314167 1.000597 1.000566 1.000795 1.000927 1.000879 0.999919 
2.067326 1.000232 1.016956 4.639534 1.009699 1.011977 1.014403 1.016905 1.019193 0.997654 
1.258114 2.493386 1.000069 4.977167 1.000474 1.000654 1.000782 1.000978 1.000961 0.999900 
0.959169 2.038939 0.997704 4.550177 1.291004 1.461773 1.503306 1.622252 1.751558 0.910325 
1.197372 0.999870 3.658146 4.661301 1.000876 1.000927 1.001088 1.001386 1.001430 0.999875 
0.879710 0.951659 2.688961 3.985478 1.341649 1.470999 1.625260 1.776725 1.955047 1.362680 
1.098441 0.999909 0.999918 8.603539 1.000411 1.000537 1.000694 1.000719 1.000862 0.999916 
2.138970 1.000018 1.000068 1.000144 5.302131 1.000412 1.000519 1.000714 1.000641 1.000053 
1.251275 2.459857 1.000063 1.000171 6.090278 1.000625 1.000670 1.000850 1.000817 0.999905 
1.200853 2.271653 1.011912 1.028231 5.720735 1.158360 1.194127 1.231190 1.269250 0.966350 
1.196481 0.999880 3.521595 1.000281 5.809594 1.000870 1.001036 1.001289 1.001284 0.999947 
1.182152 0.996825 3.383065 1.167434 5.759341 1.024816 1.029873 1.035018 1.039967 0.995022 
1.158812 0.999918 0.999926 4.577848 5.730673 1.000533 1.000673 1.000697 1.000813 1.000031 
1.103144 0.958674 0.962779 4.118892 5.247996 1.223854 1.277257 1.333135 1.391700 0.951170 
1.080093 0.999900 0.999904 0.999908 10.596517 1.000558 1.000736 1.000785 1.000900 0.999909 
2.123043 1.000019 1.000093 1.000132 1.000177 6.257724 1.000654 1.000853 1.000773 0.999927 
2.036032 1.000006 1.000104 1.088920 1.000309 6.517156 1.001032 1.170902 1.001328 0.999846 
1.256637 2.402474 1.000052 1.000238 1.000249 7.248589 1.000635 1.000841 1.000823 0.999928 
1.168093 0.999922 3.544554 1.000114 1.000226 6.898650 1.000625 1.000945 1.000812 0.999920 
1.149441 0.999863 0.999877 4.536634 1.000299 6.793366 1.000986 1.001134 1.001333 0.999865 
1.139607 0.999925 0.999921 0.999949 5.553402 6.695182 1.000687 1.000881 1.000831 0.999949 
1.055733 0.990994 0.991317 0.991640 0.991970 12.417492 1.057268 1.067298 1.077159 0.990379 
2.103626 1.000023 1.000109 1.000095 1.000221 1.000184 7.271033 1.000585 1.000628 0.999941 
2.073993 1.000021 1.000107 1.000099 1.000225 1.177811 7.270983 1.000638 1.000689 0.999933 
1.233056 2.430604 1.000050 1.000176 1.000228 1.000265 8.356861 1.000775 1.000918 0.999899 
0.991511 2.765106 1.032492 1.013127 1.020550 1.028073 8.223082 1.107682 1.124198 0.984489 
1.169400 0.998987 3.462245 1.001241 1.001890 1.009001 8.017771 1.008566 1.009804 0.998912 
1.143726 0.999884 0.999900 4.493058 1.000214 1.000299 7.876613 1.000961 1.001139 0.999880 
0.931783 1.191251 0.946686 3.827627 1.094765 1.136465 7.307344 1.501159 1.598362 0.925227 
1.107917 0.987917 0.988782 0.989654 5.477326 1.028807 7.587097 1.095659 1.110202 0.986245 
1.106754 0.985967 0.986986 0.988016 4.725348 1.180716 6.850725 2.893076 1.128126 0.988019 
1.058286 0.957225 0.960033 0.962972 0.966054 6.217433 7.324873 1.326837 1.384065 0.952047 
0.987697 0.939375 0.941259 0.943262 0.945397 0.947652 13.627285 1.431967 1.512433 0.935969 
0.987302 0.938517 0.940453 0.942513 0.944711 0.947034 13.602508 1.441905 1.522671 0.935022 
2.084518 1.000012 1.000058 1.000123 1.000217 1.000189 1.000256 8.320239 1.000620 0.999929 
1.224798 2.403134 1.000052 1.000122 1.000215 1.000197 1.000269 9.584515 1.000906 0.999901 
1.132035 1.756698 2.522647 1.020874 1.031314 1.049936 1.052457 8.086379 1.148400 0.981541 
1.154017 0.999912 3.529693 1.000104 1.000156 1.000224 1.000299 9.018126 1.000854 0.999922 
1.049989 0.922872 2.843730 1.059553 1.105924 1.156365 1.211119 8.564069 1.723429 0.909583 
1.136616 0.999833 0.999851 4.503329 1.000303 1.000415 1.000760 8.893669 1.001621 0.999821 
0.863593 0.870526 1.020391 3.927774 1.164972 1.261134 1.350879 7.255262 2.063313 1.353914 
1.037165 0.951559 0.954248 0.957083 5.246102 1.104357 1.135691 8.427614 1.427321 0.946589 
0.966925 0.906706 0.910834 0.915371 0.920382 6.072380 1.249220 8.137615 1.803313 0.899597 
0.935447 0.878776 0.884334 0.890626 0.897711 0.905688 7.011612 8.068512 2.043337 0.869699 
0.955922 0.952543 0.952636 0.952733 1.075249 0.957065 8.066111 7.714316 1.367508 1.584403 
0.957402 0.889392 0.895379 0.902065 0.909558 0.918025 0.927238 15.007477 1.965016 0.879412 
0.953632 1.094449 0.954980 0.957218 0.959581 0.962152 0.964671 15.833165 1.409144 0.948896 
2.267310 1.000029 1.000104 1.000127 1.000274 1.000233 1.000331 1.000343 7.589639 1.000056 
2.265261 1.000123 1.000458 1.000721 1.001043 1.001228 1.001552 1.001789 7.590140 0.999700 
1.322375 2.634282 1.000075 1.000150 1.000264 1.000405 1.000314 1.000408 8.739520 0.999947 
0.812072 1.714744 0.991838 1.130004 1.324329 1.515167 1.783137 2.211425 6.409133 1.203831 
1.244905 0.999920 3.826515 1.000156 1.000224 1.000294 1.000402 1.000473 8.311530 0.999924 
1.232129 1.009409 3.753132 1.002385 1.003439 1.004497 1.005595 1.110519 8.411755 0.999821 
1.217287 0.992620 0.993727 4.835720 1.019045 1.024939 1.030899 1.036850 8.069765 0.990455 
1.070399 0.910883 0.924052 3.801617 1.161054 1.234471 1.321673 1.407669 7.794284 1.532622 
0.952807 0.855328 0.869061 0.885109 5.094276 1.381361 1.530588 1.702514 7.079551 0.833774 
0.802950 0.746073 0.768037 0.793775 4.052400 1.505883 1.787778 2.141053 7.354781 0.718370 
0.806430 0.749169 0.769463 0.795600 0.828953 5.723339 1.838724 2.204470 6.639271 0.822054 
1.049055 0.990612 0.990913 1.990318 0.997792 6.267933 1.031881 1.038045 8.147409 1.008413 
0.785621 0.723039 0.752202 0.790638 0.841153 0.906916 6.805462 2.338746 6.750945 0.792879 
0.850350 0.773017 0.797070 0.827247 0.865214 0.912678 7.399630 2.141515 6.608083 0.741120 
0.756129 0.691815 0.735641 0.790347 0.867985 0.972457 1.111584 8.039074 6.837352 0.768576 
0.386642 0.399217 0.400546 0.531643 0.927630 0.821430 4.090078 5.173134 5.865183 0.639312 
0.432471 0.444668 0.443899 0.573757 0.990840 0.821945 4.439189 5.292910 5.495268 0.699920 
0.792817 0.708346 0.762655 0.835468 0.936312 1.074851 1.250059 1.486939 13.219914 0.754322 
0.063409 0.073625 0.114037 0.188628 0.371459 0.774777 1.646836 4.353010 8.274004 0.737759 
2.543014 1.000062 1.000118 1.000218 1.000339 1.000380 1.000380 1.000503 1.000469 5.563374 
2.475924 1.004731 1.011969 1.019319 1.026761 1.034195 1.041659 1.049315 1.056896 5.553886 
1.499985 2.906632 1.000296 1.000405 1.000540 1.000771 1.000893 1.001093 1.001132 6.452753 
1.400736 0.999897 4.259420 1.000442 1.000697 1.000641 1.000748 1.000901 1.001008 6.116428 
1.360858 0.991012 4.008196 1.137110 1.097760 1.048732 1.059771 1.071013 1.082371 6.100530 
0.933915 1.924209 3.005390 1.141733 1.213327 1.291061 1.375466 1.467010 1.566163 4.704608 
0.945598 1.991779 3.123291 1.126613 1.187074 1.251878 1.321380 1.395863 1.475602 4.703383 
1.396359 0.999666 0.999791 5.377356 1.001657 1.001983 1.002438 1.003175 1.003307 6.061149 
0.939224 2.007603 0.991012 3.804264 1.208369 1.282803 1.363506 1.457573 1.544285 4.507504 
1.353618 0.999928 0.999952 0.999981 6.743988 1.000417 1.000549 1.000592 1.000693 5.970059 
1.355823 0.999614 0.999735 0.999855 0.999963 7.885840 1.002659 1.003309 1.003524 5.938899 
1.323238 0.999590 0.999699 0.999810 0.999909 7.256401 1.002385 1.002979 1.200380 7.096175 
0.936665 1.927332 0.993817 1.021712 1.048505 5.740844 1.375961 1.467201 1.565690 4.601310 
1.242227 0.966790 0.974312 0.982748 0.990395 0.999013 8.871998 1.234928 1.277592 5.663033 
1.278598 0.974998 0.981252 0.987736 0.994455 1.001421 8.853064 1.184502 1.216705 5.671693 
1.148349 0.915559 0.935372 0.957433 0.982096 1.009564 1.040074 9.511415 1.705044 5.352458 
1.122834 0.906945 0.926191 0.950996 0.979027 1.010714 1.046119 9.388023 1.789832 5.338299 
0.891701 0.756824 0.828502 0.925806 1.054226 1.224362 1.447073 1.736422 7.602588 4.930155 
0.857923 0.732209 0.824927 0.954525 1.132498 1.376059 1.705315 2.146740 5.784751 4.777045 
0.896108 1.925930 0.990669 1.051852 1.119742 1.208572 1.287755 1.413999 7.349614 4.457885 
0.682151 0.686976 0.738666 0.699088 0.707101 1.434451 5.914941 2.054486 5.893709 4.118169 
0.709111 0.699554 0.704297 0.710453 0.717219 1.431724 6.008413 2.014396 5.898895 4.130584 
0.201609 0.212449 0.256892 0.397425 0.479229 0.764214 1.304301 4.883532 6.122639 3.813139 
0.135882 0.146518 0.191977 0.275405 0.415068 0.737847 1.388266 2.679954 8.656219 3.333977 
0.294165 0.296128 0.401237 0.424004 0.561058 0.807721 1.242860 2.067004 9.945366 3.484803 
1.704327 0.999980 1.000011 1.000055 1.000146 1.000103 1.000148 1.000154 1.000182 13.953196 
0.085925 0.092217 0.116658 0.183406 0.282862 0.528781 1.046902 2.122522 5.963239 7.991197 
0.024630 0.024630 0.024630 0.024631 0.024632 0.024636 0.024645 0.024662 0.024707 20.024461 
2.632470 1.000199 1.000312 1.000483 1.054969 1.247068 1.677947 1.808279 1.505635 1.603667 
1.496615 2.957399 1.027693 1.044811 1.079137 1.464795 1.762300 1.859190 1.661450 1.581222 
1.378668 0.968952 4.190406 1.120896 1.171434 1.338749 1.461538 1.803067 1.595505 1.553162 
0.913114 1.882457 2.942902 1.190172 1.291119 1.404224 1.529908 1.669453 1.832822 3.247298 
1.386871 0.966961 0.982537 5.417627 1.191834 1.252368 1.537157 1.669240 1.474354 1.574308 
0.936220 2.027949 0.993060 3.857245 1.229511 1.373005 1.404118 1.501884 1.607111 3.769545 
0.934511 1.994251 0.990617 3.773852 1.224123 1.365193 1.397229 1.630208 1.606170 4.006875 
1.360377 0.961813 0.978736 0.996792 6.718669 1.280561 1.525752 1.687689 1.531232 1.545909 
0.840418 0.848730 0.994846 3.433126 4.302275 1.569297 1.764724 1.989001 2.244816 1.333886 
1.362296 0.961038 0.978661 0.997520 1.045311 8.114183 1.484376 1.616652 1.545461 1.562088 
0.915750 1.908357 0.984429 1.027127 1.072497 5.588782 1.500972 1.632577 1.777618 3.731649 
0.986105 2.419870 1.023109 1.011320 1.020106 5.989949 1.103136 1.122724 1.142554 4.469015 
0.827855 0.836745 0.989528 3.331250 1.151020 5.264590 1.812381 2.059079 2.344142 1.301669 
0.833919 0.842646 0.987014 3.305953 1.179166 5.232216 1.982294 2.025441 2.296444 1.311503 
0.799488 0.800592 0.819219 1.060639 4.057506 4.996266 1.910740 2.211083 2.564673 1.247614 
1.353158 0.958664 0.977171 0.996914 1.045860 1.267658 9.446306 1.639486 1.574257 1.539872 
0.804217 0.921014 2.401335 1.112723 1.182969 1.312451 6.173004 2.256240 2.624177 0.800552 
0.794321 0.806230 0.977252 3.166256 1.174205 1.303412 6.021589 2.238743 2.606250 1.278995 
0.766068 0.768435 0.796773 1.049244 3.879742 1.326948 5.818014 2.378873 2.820670 1.260884 
0.760706 0.762841 0.789265 1.080348 3.787932 1.328790 5.808373 2.406073 2.863312 1.245960 
0.745994 0.747080 0.759751 0.863307 1.063405 4.791314 5.731602 2.474743 2.973626 1.263441 
0.783852 0.785524 0.808450 1.020394 0.837605 4.701486 5.490281 2.146277 2.502168 3.126210 
1.378748 0.961133 0.980346 1.000809 1.054147 1.129711 1.416486 10.761089 1.564365 1.577792 
0.873903 1.731575 0.967036 1.028107 1.099207 1.181697 1.276971 7.864503 2.178237 2.959501 
0.794409 0.900808 2.399055 1.074384 1.193657 1.333858 1.494867 7.160688 2.662063 1.254686 
0.758312 0.773881 0.962750 3.015898 1.201359 1.363849 1.563027 6.886744 2.889281 1.247737 
0.727307 0.730704 0.767494 1.049405 3.767963 1.395107 1.629644 6.627627 3.120572 1.244628 
0.696397 0.698274 0.711609 0.837778 1.067122 4.578109 1.652674 6.664874 3.348955 1.292465 
0.696029 0.704254 0.698108 0.835181 1.061835 4.518602 1.646032 6.586761 3.498931 1.338723 
0.667633 0.668623 0.676544 0.725001 0.908152 1.127255 5.678572 6.728015 3.568008 1.282269 
0.663000 0.687829 0.670543 0.976549 0.762590 0.808877 5.621385 6.697005 3.627418 1.274576 
0.702270 0.703163 0.711938 0.787255 1.123903 0.817089 1.557168 12.166117 3.353551 0.918983 
1.433009 0.953490 0.990135 1.036219 1.076245 1.422619 1.551166 1.658352 9.562811 1.671033 
0.780470 1.557307 0.963555 1.110246 1.318384 1.537154 1.841745 2.322139 6.510289 1.172455 
0.714266 0.849590 2.191868 1.111940 1.304803 1.553104 1.869904 2.271383 6.447998 1.184344 
0.580885 0.613834 0.845440 2.270195 1.299668 1.678438 2.208546 2.944492 5.420782 1.235699 
0.543025 0.553532 0.625800 0.966971 2.940317 1.655223 2.228215 3.043935 5.595696 1.295462 
0.504810 0.512701 0.558979 0.779279 0.974776 3.901450 2.248674 3.157410 5.812194 1.247709 
0.500760 0.508401 0.552894 0.763186 0.951270 3.705191 2.170408 3.532915 5.834985 1.243689 
0.415219 0.424511 0.472888 0.670569 0.893432 0.909213 4.978980 3.486092 5.872793 1.262936 
0.303510 0.315628 0.369760 0.525594 0.752662 0.893971 1.367726 6.706124 6.304152 1.261901 
0.297520 0.309072 0.360046 0.535152 0.725461 0.888691 1.367684 2.192457 11.301656 1.344008 
1.623256 0.977042 1.017024 1.059177 1.372835 1.537775 1.865840 2.103774 1.662748 7.000833 
0.921018 2.503897 1.060967 1.149182 1.249607 1.363635 1.492837 1.642889 1.803743 6.036430 
0.920439 2.303572 1.040098 1.119723 1.211198 1.378738 1.589580 1.591175 2.746782 6.051970 
0.841462 0.972722 3.334751 1.161636 1.279365 1.419104 1.573979 1.755294 1.963095 5.619474 
0.923786 1.836675 2.842160 1.327393 1.232312 1.320377 1.416916 1.522597 1.638106 4.693174 
0.806719 0.821865 1.049468 4.155890 1.304603 1.468592 1.662750 1.889756 2.156411 5.348214 
0.765054 0.768457 0.811446 1.137557 4.921968 1.518262 1.760961 2.054979 2.409859 5.223047 
0.783306 0.786914 0.836293 1.231181 4.916010 1.627728 1.719282 2.003401 2.300411 5.241308 
0.725243 0.726990 0.747757 0.924265 1.121770 5.886740 1.839117 2.201770 2.650578 5.165524 
0.816113 0.816808 0.829191 0.978730 1.136237 7.147824 1.642201 1.855710 2.104258 5.256555 
0.672876 0.674398 0.687731 0.783012 0.971229 1.173402 6.988517 2.361768 2.944629 5.247005 
0.601873 0.602839 0.609995 0.654972 0.883007 1.089787 1.225622 8.428822 3.336105 5.344907 
0.325245 0.339904 0.406860 0.646249 0.649466 0.920741 1.370479 2.138913 7.845700 5.270871 
0.464193 0.473963 0.529044 0.795288 1.034188 1.134143 1.339357 1.833831 2.573404 11.741954 
