2.561855 1.224059 1.922682 1.019865 0.994201 
2.626808 1.245949 1.565690 1.065624 0.978332 
1.905242 2.487024 1.995408 1.020904 0.993392 
1.811803 2.379698 2.017535 1.168830 0.944074 
1.292060 3.765863 1.917317 1.020308 0.994579 
1.284632 3.718940 1.923478 1.050834 0.984401 
1.922159 1.275496 3.768356 1.018579 0.993958 
1.817172 1.251889 3.720808 1.159008 0.947143 
1.279268 2.582095 3.722787 1.023305 0.992662 
1.160766 2.657515 3.741312 1.094319 1.007230 
1.337450 1.292997 5.484240 1.022768 0.993245 
1.259995 0.984946 6.055880 1.064361 0.988713 
2.600301 1.307502 1.070498 1.559539 0.960386 
2.623769 1.289298 1.062962 1.548459 0.964746 
1.996945 2.642956 1.020951 1.600156 0.988297 
1.747746 2.526787 1.294855 1.413712 0.862243 
1.349528 3.951044 1.017498 1.595204 0.990376 
1.277991 4.059966 1.116714 1.160732 0.954699 
1.898389 1.245242 1.825738 1.745519 0.751841 
1.296464 2.491098 1.852299 1.713447 0.762691 
1.553367 2.075715 2.042040 1.642672 0.807851 
0.952146 3.520581 1.735962 1.575454 0.808864 
1.012024 4.406207 1.587979 1.099910 0.969413 
1.757551 1.001816 3.292769 1.504821 0.836991 
1.789282 0.999119 3.511484 1.396216 0.868064 
1.288286 1.286195 3.677648 1.715946 0.762020 
1.231968 1.250609 3.556451 1.837169 0.721602 
0.871618 2.302157 3.507563 1.680330 0.773764 
1.008983 2.371382 3.740855 1.415448 0.864376 
1.111111 0.859166 4.922027 1.690324 0.769973 
1.100967 0.858828 5.007137 1.668032 0.788549 
0.778846 1.142137 5.333282 1.747331 0.751011 
1.900935 1.291643 1.230968 2.914840 0.809256 
2.038774 1.301726 1.153954 2.964871 0.887891 
1.302747 2.518362 1.220438 2.934928 0.817329 
1.211734 2.298988 1.292527 3.031005 0.744057 
0.983385 3.765499 1.077350 2.919637 0.938521 
2.034711 1.002899 2.309320 2.859658 0.974535 
1.972910 1.001325 2.429640 2.870525 0.966007 
1.133902 1.090759 1.701655 2.680118 0.440117 
1.138080 1.082756 1.595430 2.907437 0.450484 
0.754544 2.049191 1.641537 2.595271 0.470959 
0.968029 0.813793 3.095824 2.510479 0.496831 
0.967254 0.797055 3.456417 2.377235 0.603388 
0.607706 1.132082 3.251488 2.668648 0.443954 
0.932118 0.802302 3.009208 2.585144 0.471937 
0.848035 0.722555 4.292238 2.249311 0.623972 
0.842404 0.719315 4.242621 2.261929 0.654712 
1.221464 1.127595 1.274177 4.121980 0.595442 
1.369703 1.087378 1.234507 4.390975 0.703034 
0.815472 2.204454 1.248642 4.095941 0.651874 
0.852637 2.391985 1.213020 4.104507 0.710050 
1.068785 0.924504 1.424827 3.718631 0.468863 
1.028501 0.887559 1.391607 3.974430 0.514755 
0.549271 0.990637 1.630807 3.411865 0.212780 
0.547904 0.604321 2.603149 3.239998 0.253338 
0.437536 0.825399 2.593958 3.174417 0.429347 
0.436242 0.847368 2.635614 3.171247 0.375516 
1.019575 0.838057 1.137452 5.197466 0.554414 
1.020115 0.838227 1.137269 5.198188 0.555100 
0.576089 1.066816 0.953449 5.995363 0.464311 
0.752459 0.751683 0.887740 6.418826 0.493892 
0.382271 0.468167 1.653764 4.772580 0.173344 
0.310925 0.539989 1.471840 3.700023 0.497462 
0.292174 0.586585 1.528914 3.882409 0.081220 
0.295087 0.592772 1.534692 3.887741 0.055974 
0.756757 0.691788 0.887197 6.382170 0.492275 
0.781175 0.703218 0.871743 6.531494 0.521777 
2.682196 1.377572 1.011358 1.015350 1.544101 
2.034607 2.678427 1.010852 1.014823 1.535986 
1.946610 2.818409 1.010972 1.085437 1.535836 
1.359066 4.026454 1.009910 1.013439 1.552477 
1.342350 4.231634 1.043650 1.021102 1.031767 
1.000080 4.953583 1.013438 1.021670 0.994330 
1.004686 4.954422 1.010186 1.017102 0.995669 
2.192072 1.522228 2.249685 1.019867 1.546133 
2.528609 1.065352 2.002530 1.024001 1.396294 
1.506465 2.902491 2.256892 1.020941 1.506001 
1.500229 2.886732 2.256607 1.035215 1.500893 
0.999375 4.118123 1.946001 1.014345 1.555386 
0.999785 4.357500 1.589409 1.013094 1.555926 
2.008537 1.001167 3.686011 1.014100 1.404674 
1.917356 1.008309 3.496874 1.086077 1.758555 
1.501506 1.546225 4.250999 1.018598 1.609575 
1.334492 0.990250 5.405972 1.043905 1.768464 
0.997435 2.646464 4.169640 1.012419 1.548135 
1.085141 2.443992 4.117602 1.136135 1.548160 
1.357270 0.997256 5.643203 1.015698 1.399220 
1.326853 0.991757 5.489026 1.101723 1.368954 
0.996971 1.363446 6.089311 1.012787 1.555877 
1.001449 0.984132 6.429941 1.086113 1.522281 
2.787447 1.020282 1.012886 1.461402 1.328976 
2.772754 1.022964 1.018977 1.469581 1.334640 
2.335057 1.605410 1.009048 1.863430 1.646978 
1.556128 3.157621 1.010593 1.865135 1.646074 
1.588114 3.254184 1.022338 1.932316 1.065719 
0.999081 4.299492 1.010713 1.784707 1.677260 
0.998139 4.402605 1.052528 1.239127 1.761360 
2.197202 1.012811 2.149521 1.672808 1.698026 
2.110298 1.035455 1.691686 1.272989 2.533954 
1.460986 1.460940 2.200210 1.726082 1.539226 
0.903476 2.847048 2.051938 1.688148 1.559141 
1.276807 0.900788 3.860341 1.656881 1.500760 
0.795573 1.454361 4.234118 1.705339 1.603371 
0.946306 0.823057 5.273642 1.600777 1.360234 
1.006573 0.865910 5.457877 1.458007 1.411791 
2.246316 1.005344 1.020368 3.326298 1.597320 
1.977020 1.020446 1.175399 3.319601 1.504552 
1.720042 1.724388 1.014159 3.817352 1.843583 
1.986503 1.052890 1.179093 3.364870 1.329184 
0.996268 3.229962 1.008018 3.821788 1.781825 
1.116806 3.145521 1.024260 3.998162 0.977137 
1.049826 0.940251 1.548303 2.518415 1.418665 
1.070530 0.947564 1.547420 2.496034 1.427531 
0.649452 1.199529 1.716315 2.735375 1.305729 
0.662601 0.628141 3.059715 2.620584 1.223472 
0.554081 0.858294 3.020811 2.577151 1.359179 
1.251387 0.905969 1.106764 4.491227 1.498358 
1.211558 0.896806 1.119835 4.486226 1.401006 
0.615603 1.323965 1.226412 3.986192 1.357775 
0.565527 0.963827 0.908724 5.796987 1.491909 
0.404803 0.594313 1.453126 3.333049 1.104854 
0.893125 0.846494 1.253565 4.111080 1.087593 
0.323600 0.650021 1.471522 3.397313 1.056358 
0.378754 0.768900 1.349587 3.615218 1.118002 
0.647369 0.619853 0.897528 5.352616 1.388205 
0.644549 0.618574 0.900166 5.339932 1.385444 
0.386601 0.741319 1.043282 4.600704 1.230598 
0.386447 0.741922 1.047097 4.586762 1.229606 
0.253047 0.444541 1.393789 3.791069 0.964292 
0.349719 0.436557 1.489334 4.408362 1.098141 
2.648469 1.004668 1.011413 1.016069 2.628842 
2.623691 1.009150 1.022626 1.032570 2.621900 
2.288217 1.476708 1.008380 1.013163 3.264909 
2.550644 1.010246 1.029900 1.043066 2.918859 
1.515258 3.028297 1.007583 1.010539 3.269753 
1.540509 3.197918 1.016630 1.024501 2.625509 
0.999232 4.126246 1.008733 1.009964 3.109287 
0.997721 3.957562 1.061634 1.019040 3.384701 
2.173377 1.003689 2.198433 1.013296 3.043197 
2.188105 1.171135 1.734747 1.032959 3.226819 
1.662981 1.776254 2.327018 1.013360 3.442072 
1.696104 1.829934 2.394229 1.012372 3.043621 
0.997638 3.122675 2.352364 1.011797 3.370884 
0.990181 3.036302 2.384820 1.043239 3.355542 
1.473792 0.995208 4.240840 1.020098 3.109960 
1.283831 0.997001 4.654108 1.018668 3.370920 
0.993376 1.580810 4.659311 1.016156 3.372147 
0.993342 1.605682 4.814215 1.017399 3.049229 
1.000395 0.995974 5.812732 1.009694 2.928562 
0.996739 0.978200 5.907195 1.052865 2.572292 
2.273694 1.003296 1.010794 1.991044 3.238752 
2.121479 1.038265 1.330652 1.305146 2.999759 
1.793457 1.809168 1.009231 2.080708 3.558168 
2.009625 1.792644 1.158636 1.181936 3.255535 
0.996878 3.392112 1.006694 2.106254 3.549192 
1.322403 0.928803 2.183029 1.699457 2.919934 
0.762311 1.519155 2.280458 1.805878 3.129117 
0.825612 0.723188 3.748020 1.766775 2.890603 
1.296480 0.928902 1.150369 3.138044 2.855394 
1.572739 0.984910 1.123797 2.993294 2.970846 
0.676178 1.482276 1.134656 3.201891 2.915296 
0.925069 2.498408 1.068478 3.409621 2.816222 
0.502391 0.572438 1.723150 2.600708 2.546495 
0.390681 0.505317 1.548687 2.761957 2.468202 
0.381773 0.749321 1.637040 2.739761 2.291670 
0.387774 0.774695 1.225943 2.512533 3.051348 
0.645380 0.602730 0.793893 4.665036 3.004816 
0.695662 0.632519 0.795050 5.031315 2.752769 
0.235406 0.414315 1.294046 3.201566 1.991163 
2.248359 1.001583 1.004996 1.008364 4.673147 
2.209713 1.031878 1.012970 1.015719 4.711773 
1.748725 1.753379 1.004833 1.007812 5.288517 
1.605822 1.187915 1.606406 1.129626 5.195081 
0.998266 3.249077 1.004102 1.007592 5.304990 
1.217055 3.069241 1.006201 1.010796 4.640835 
1.623115 0.996599 2.496709 1.012086 5.276217 
1.454215 1.122220 2.644013 1.119246 4.636593 
0.995246 1.883852 2.799496 1.007666 5.726589 
1.200011 1.173247 3.856625 1.010272 4.715449 
0.994373 0.986636 4.495710 1.018662 5.057467 
0.977808 0.951101 4.329960 1.069559 5.018427 
1.409864 0.948877 1.139833 1.818878 4.459164 
0.880186 1.562899 1.060328 2.046942 5.007136 
0.684748 0.632030 2.081448 1.813949 4.299447 
1.037893 0.883762 1.327131 1.678367 4.392412 
0.564269 0.548331 0.699403 3.511618 4.870052 
0.458917 0.643885 0.728544 3.430115 4.694952 
0.227110 0.414326 1.215299 2.630376 3.218647 
0.361757 0.584402 1.723026 2.372834 3.345938 
0.221466 0.427612 1.013251 3.058142 2.917917 
0.283703 0.526217 0.940434 3.357426 2.995719 
1.720484 0.997212 1.001263 1.005458 7.268271 
1.564154 0.982203 1.006987 1.051450 7.143805 
0.866929 1.852788 0.991410 1.076543 7.300411 
0.864164 1.839643 0.990178 1.076755 7.311574 
0.827610 0.776083 2.379273 1.101698 7.213243 
0.615158 0.792810 2.058644 1.238314 6.671991 
0.562780 0.584481 0.960354 1.676719 5.430473 
0.771114 0.727955 1.080284 1.563625 5.462692 
0.258209 0.434915 1.146988 1.830907 5.196060 
0.520598 0.704484 1.760897 1.298060 6.564934 
0.179318 0.338997 0.824259 2.411215 4.380618 
0.235853 0.340805 1.071023 2.142717 4.465651 
0.602019 0.569952 1.126255 1.101171 7.491451 
0.628755 0.931557 1.321730 1.077531 7.619509 
0.123885 0.221333 0.530799 1.510125 6.492036 
0.443471 0.654631 1.016910 1.114397 7.419763 
0.042658 0.049630 0.072703 0.144467 9.775139 
0.388406 0.404744 0.563069 0.876533 8.261228 
