2.220041 1.791085 0.353671 0.354089 0.355288 0.355283 0.354050 0.354210 
1.193080 3.892673 0.308180 0.307458 0.309075 0.308020 0.307192 0.310177 
0.264779 4.261139 0.261349 0.267376 0.270212 0.279577 0.262285 0.262268 
2.225617 0.354007 2.467564 0.356656 0.355290 0.355103 0.354152 0.358658 
1.595532 2.594976 3.363584 0.309316 0.314768 0.309565 0.309000 0.311960 
0.259590 3.944174 2.593475 0.259519 0.261364 0.260709 0.259427 0.263483 
1.286330 0.306768 5.537706 0.310171 0.307394 0.308183 0.307221 0.308554 
1.284930 0.383001 5.413131 2.717602 0.373030 0.373879 0.372782 0.373953 
0.211162 2.107398 5.492015 0.210241 0.213816 0.211434 0.210148 0.220458 
0.161034 0.163639 6.161026 0.166729 0.171710 0.164486 0.161705 0.164871 
2.267126 0.359834 0.356439 2.712094 0.358107 0.357413 0.360064 0.357486 
1.632020 2.599277 0.306909 4.163527 0.308252 0.306912 0.307506 0.307350 
0.258033 4.005605 0.258109 3.053455 0.259131 0.259418 0.257889 0.265492 
1.662292 0.310241 3.567788 4.295066 0.310805 0.311701 0.310479 0.311162 
0.208508 2.793921 3.651516 4.228428 0.211838 0.211528 0.211452 0.230099 
0.160710 0.161566 5.676835 3.308130 0.166010 0.177345 0.167114 0.161108 
1.379751 0.307659 0.307062 7.053963 0.307271 0.307159 0.307431 0.306972 
0.209903 2.300224 0.212943 7.027753 0.220181 0.211723 0.210909 0.212274 
0.115945 0.117352 3.000365 7.130856 0.115971 0.119088 0.116207 0.123101 
0.065625 0.065633 0.070840 8.065595 0.069383 0.096194 0.071978 0.069070 
2.255501 0.355018 0.368422 0.357523 3.467212 0.356118 0.355159 0.359761 
1.619237 2.673954 0.308008 0.308063 4.995201 0.308374 0.307849 0.316800 
0.256822 4.005309 0.257120 0.256981 3.745486 0.258368 0.256740 0.264311 
1.688106 0.308547 3.560458 0.308677 5.108465 0.309944 0.308955 0.331153 
0.211541 2.814661 3.674407 0.211663 5.143724 0.211676 0.213467 0.212853 
0.163109 0.163878 5.677866 0.167487 4.102710 0.178813 0.166799 0.174092 
1.706305 0.307038 0.306629 4.428875 5.249158 0.306736 0.306563 0.312336 
0.209067 2.908143 0.208385 4.471558 5.311746 0.212147 0.209632 0.210192 
0.110538 0.112047 3.862678 4.627345 5.496998 0.120719 0.111530 0.126416 
0.063158 0.063615 0.067671 7.263136 4.421968 0.063646 0.070936 0.066513 
1.407453 0.303607 0.303642 0.307124 8.642496 0.303722 0.303846 0.304663 
0.208239 2.316495 0.214418 0.211845 8.705397 0.207823 0.208190 0.212358 
0.113726 0.115173 3.073599 0.114724 8.812230 0.131313 0.116075 0.125782 
0.013193 0.013851 0.022227 3.725966 8.870912 0.024196 0.015970 0.044935 
0.025048 0.025055 0.025118 0.025698 10.025042 0.028314 0.025180 0.040859 
2.261904 0.355959 0.357675 0.356186 0.358024 3.989948 0.356142 0.357836 
1.633730 2.654172 0.305365 0.305740 0.306693 5.857105 0.318921 0.309526 
0.256650 4.009181 0.257110 0.256026 0.257010 4.404742 0.256531 0.263181 
1.676213 0.310254 3.570017 0.307727 0.308808 6.136855 0.307995 0.309362 
0.210122 2.819160 3.643786 0.214234 0.212917 6.169630 0.210180 0.211774 
0.165772 0.167343 5.705490 0.165808 0.181479 4.775075 0.165915 0.166247 
1.754672 0.311080 0.308570 4.247586 0.308932 6.117527 0.321630 0.316804 
0.209902 2.907201 0.210793 4.463210 0.213280 6.359453 0.211554 0.211843 
0.111948 0.113810 3.872653 4.637561 0.112465 6.541915 0.113574 0.117512 
0.061617 0.062173 0.066697 7.304135 0.065273 5.158475 0.069644 0.077556 
1.732664 0.310884 0.308328 0.308001 5.325786 6.195116 0.308660 0.308947 
0.211757 2.933296 0.211729 0.214771 5.451158 6.355487 0.217103 0.212640 
0.110584 0.112499 3.988434 0.111858 5.544753 6.538915 0.110628 0.115878 
0.018940 0.019706 0.022316 4.788073 5.699570 6.827150 0.063327 0.030829 
0.014524 0.014597 0.014629 0.018093 8.991481 5.301859 0.027800 0.030025 
1.438057 0.304955 0.305322 0.305387 0.305590 10.193256 0.305271 0.307036 
0.209919 2.352109 0.210069 0.212250 0.217972 10.342063 0.209928 0.210725 
0.113257 0.114484 3.159225 0.115622 0.113541 10.451888 0.114269 0.117912 
0.013510 0.013604 0.016393 3.773521 0.018963 10.605476 0.014593 0.025533 
0.015741 0.015751 0.015944 0.015741 4.510637 10.735147 0.037497 0.024895 
0.014130 0.014170 0.014710 0.014692 0.014543 12.014128 0.018784 0.017545 
2.258387 0.356961 0.364841 0.357134 0.357796 0.358475 4.697203 0.357968 
1.641464 2.653378 0.308795 0.307444 0.307883 0.308130 6.735829 0.311323 
0.257520 4.001537 0.258890 0.257674 0.258816 0.257683 5.183845 0.258876 
1.686259 0.306236 3.508565 0.306137 0.306575 0.307175 7.147350 0.315625 
0.212037 2.824002 3.613259 0.215608 0.211786 0.211380 7.237894 0.219669 
0.166652 0.168997 5.700771 0.166794 0.182095 0.230398 5.574817 0.209685 
1.721670 0.305804 0.308510 4.347078 0.306398 0.307143 7.216251 0.311846 
0.210967 2.908889 0.211811 4.501450 0.214420 0.212066 7.313729 0.219203 
0.114591 0.116265 3.869337 4.634717 0.123419 0.123008 7.641881 0.121611 
0.063776 0.064226 0.068229 7.295802 0.074468 0.074046 6.049002 0.100286 
1.724152 0.305698 0.305461 0.308957 5.280681 0.304461 7.282513 0.305501 
0.210195 2.921235 0.215652 0.213784 5.337633 0.210744 7.587759 0.220604 
0.109109 0.110403 3.932638 0.110404 5.552323 0.122974 7.746687 0.112561 
0.016505 0.017284 0.019883 4.804347 5.716462 0.020073 7.897700 0.023482 
0.014330 0.014337 0.016484 0.016439 8.960865 0.022774 6.268951 0.029969 
1.734849 0.307096 0.307449 0.307274 0.307634 6.257798 7.227658 0.313208 
0.208818 2.939284 0.226947 0.214519 0.222176 6.372757 7.485091 0.220693 
0.110070 0.120338 3.954108 0.111273 0.113063 6.580637 7.762215 0.121729 
0.020775 0.021088 0.023284 4.803515 0.023479 6.802148 7.980118 0.022219 
0.024490 0.024519 0.024771 0.024495 5.869870 6.896205 8.071683 0.031745 
0.015260 0.015283 0.015276 0.016768 0.015262 10.750653 6.270950 0.026881 
1.428981 0.306139 0.307602 0.306274 0.306629 0.306668 11.891467 0.307672 
0.208791 2.387873 0.208164 0.212534 0.215086 0.208523 11.946686 0.215383 
0.112554 0.115439 3.138066 0.121819 0.112706 0.126527 12.202259 0.148974 
0.012544 0.012563 0.012788 3.768884 0.014574 0.018100 12.373270 0.028592 
0.016216 0.016238 0.016887 0.016216 4.562213 0.029004 12.485944 0.023400 
0.016384 0.016663 0.016385 0.024216 0.016522 5.397583 12.529757 0.023290 
0.015302 0.015300 0.015415 0.015433 0.015303 0.017655 14.015270 0.046503 
2.256844 0.360241 0.360408 0.362124 0.361274 0.360460 0.360245 5.433900 
1.620878 2.689241 0.307097 0.309832 0.308018 0.307693 0.307807 7.701055 
0.257219 3.994476 0.258360 0.257363 0.258519 0.258400 0.257274 5.958621 
1.682044 0.306304 3.587310 0.306489 0.307135 0.306711 0.307837 7.941706 
0.209890 2.836219 3.617930 0.209977 0.210903 0.209899 0.213022 8.149061 
0.160705 0.161555 5.667876 0.161833 0.163879 0.178306 0.166473 6.511034 
1.720173 0.308381 0.308760 4.343921 0.309136 0.308789 0.319524 8.263267 
0.209027 2.911878 0.209712 4.461881 0.209476 0.211531 0.211737 8.373881 
0.112463 0.113817 3.855689 4.602346 0.112894 0.140477 0.130532 8.813542 
0.059766 0.060849 0.074610 7.289852 0.070215 0.068679 0.067017 6.907754 
1.751509 0.306735 0.306796 0.306792 5.188799 0.312648 0.306873 8.140788 
0.208292 2.926760 0.208381 0.212381 5.349510 0.211402 0.208898 8.580059 
0.113289 0.114424 3.931643 0.114583 5.540566 0.148643 0.117145 8.883265 
0.016352 0.017230 0.018980 4.784850 5.724880 0.019492 0.016539 9.050809 
0.015971 0.016313 0.019233 0.019627 8.990747 0.018204 0.016125 7.072801 
1.737936 0.306834 0.306249 0.312050 0.306584 6.185437 0.306148 8.260197 
0.212434 2.932960 0.212566 0.212543 0.223169 6.369791 0.215829 8.589632 
0.112515 0.114052 3.960206 0.112540 0.115566 6.610468 0.113676 8.810615 
0.019865 0.020951 0.023109 4.788518 0.026524 6.833295 0.019917 9.103337 
0.025948 0.026078 0.027663 0.025950 5.838507 6.956092 0.026103 9.197979 
0.013895 0.014030 0.015107 0.014882 0.013898 10.716660 0.015263 7.249705 
1.719663 0.307703 0.308050 0.308182 0.309059 0.308087 7.317183 8.322039 
0.211461 2.945310 0.214068 0.222497 0.212069 0.213323 7.319047 8.598436 
0.112899 0.117303 3.900201 0.114068 0.124624 0.114170 7.791880 8.886389 
0.015985 0.016206 0.016663 4.818424 0.026813 0.024296 7.903921 9.097799 
0.012516 0.012500 0.013615 0.014240 5.805907 0.014331 8.103732 9.208499 
0.015305 0.019985 0.029008 0.015247 0.015309 6.912882 8.128927 9.257053 
0.012476 0.013177 0.021525 0.012475 0.024293 0.012665 12.532867 7.171272 
1.417476 0.307279 0.308357 0.307502 0.308346 0.315521 0.307471 13.615722 
0.208218 2.350840 0.208152 0.208328 0.228861 0.208165 0.208403 13.718796 
0.115310 0.116503 3.099566 0.115653 0.115631 0.120245 0.118363 13.995808 
0.026346 0.026347 0.026426 3.768510 0.037974 0.028050 0.026471 14.167933 
0.012913 0.013016 0.014246 0.012928 4.497695 0.014218 0.018438 14.313589 
0.012775 0.012795 0.013051 0.012780 0.012774 5.349158 0.016643 14.343656 
0.016674 0.016680 0.016768 0.016675 0.016678 0.016673 6.242013 14.347808 
0.012810 0.013283 0.025302 0.013601 0.021194 0.026049 0.012801 16.012751 
2.357859 0.368686 0.368995 0.372217 1.133131 0.369776 0.368818 1.473272 
1.809466 2.978154 0.754324 0.964144 0.873724 1.295363 1.513572 1.265597 
0.279069 4.223978 0.582524 0.722346 0.811207 1.053605 1.449046 1.501535 
1.833337 0.401697 4.227802 0.952230 1.493160 1.512722 1.513102 1.946743 
0.648280 3.215394 4.205939 0.824393 1.467922 1.487483 1.487863 1.928260 
0.365653 0.493903 6.095573 0.815176 1.004972 1.154393 1.389725 1.549158 
1.925702 0.519547 0.838287 4.924190 1.423226 1.470069 1.529480 1.567142 
0.320304 3.465432 0.779092 4.833936 1.362391 1.409235 1.468615 1.506307 
0.439444 0.733504 4.446514 5.302285 1.153968 1.244275 1.931759 2.151016 
0.362348 0.542000 0.769273 7.978981 1.083614 1.136803 1.455108 1.714318 
1.938106 0.783502 0.879775 1.131126 6.238727 1.539656 1.565864 1.961796 
0.433970 3.347225 0.732074 0.980279 6.092154 1.221705 1.416754 1.977934 
0.435037 0.711189 4.464358 1.045471 6.514439 1.697628 1.787847 2.241643 
0.452140 0.762770 0.997203 5.682601 6.750222 1.450330 1.676687 2.146825 
0.362859 0.619832 0.782166 0.865334 9.851590 1.322780 1.598276 1.745725 
1.910842 0.588214 0.663883 0.825544 1.573769 7.235769 1.509544 1.495379 
0.370462 3.562732 0.690073 0.853393 1.176281 7.199952 1.531587 1.634612 
0.448760 0.691328 4.528892 1.261896 1.505990 7.857127 1.725273 2.138775 
0.447898 0.727604 0.982373 5.715288 1.334451 7.958689 1.854008 2.182289 
0.441138 0.759844 0.979483 1.136882 6.828780 8.081647 1.830485 2.097445 
0.369466 0.629679 0.784651 0.938885 1.104906 11.758966 1.606168 1.742400 
1.873717 0.365455 1.085139 1.320393 1.446958 1.177191 8.898976 2.309125 
0.421032 3.196187 1.098828 1.115963 1.388254 1.441918 8.781258 2.312469 
0.479804 0.794883 4.603376 1.034913 1.475498 1.504380 8.689617 1.412622 
0.433796 0.745586 0.989708 5.689427 1.319708 1.006950 9.438382 2.306802 
0.447995 0.765145 1.008109 1.135397 6.904344 1.435742 9.346417 2.249910 
0.429666 0.736990 1.030500 1.142137 1.500713 8.107997 9.424529 2.238782 
0.375747 0.524688 0.676620 0.995266 1.011468 1.313123 13.695825 1.712070 
1.967583 0.421366 0.834802 1.480290 1.302211 1.079107 1.048927 8.967477 
0.332849 3.535021 0.758752 0.857493 1.216016 1.214549 1.262748 8.963935 
0.441030 0.709038 4.428567 1.047896 1.490222 1.353120 1.409113 10.647377 
0.393839 0.706897 0.908470 5.706604 1.442800 1.653794 1.735176 10.639869 
0.435782 0.758014 0.992186 1.117454 6.817204 1.677256 1.750588 10.802261 
0.458838 0.734497 0.938487 1.136065 1.348972 8.044719 1.900889 10.968215 
0.458897 0.754522 1.035433 1.120286 1.377905 1.582189 9.538167 10.982284 
0.375462 0.588497 0.735548 0.873149 1.093263 1.098932 1.711911 15.727856 
