2.050945 0.051493 0.051772 0.051226 0.054499 
2.013299 0.837649 0.052715 0.052661 0.053113 
1.838952 1.844002 0.051652 0.051539 0.052945 
1.464413 2.882753 0.053839 0.053310 0.056378 
0.943041 3.633495 0.052312 0.053999 0.054921 
0.444235 3.974548 0.052678 0.052463 0.054878 
0.051716 4.051295 0.052955 0.051717 0.055875 
2.012861 0.052861 1.229091 0.052783 0.056932 
1.937006 0.993656 1.467391 0.051809 0.051799 
1.654992 2.197261 1.654642 0.053557 0.056447 
1.117463 3.264108 1.655784 0.053734 0.053902 
0.521239 3.829560 1.460785 0.055088 0.055523 
0.052937 3.974813 1.229926 0.055820 0.058850 
1.840344 0.052597 2.734952 0.052093 0.053463 
1.655784 1.122769 3.263387 0.053474 0.060998 
1.204727 2.361557 3.519361 0.055531 0.052701 
0.585268 3.267209 3.261611 0.056761 0.056351 
0.051489 3.630511 2.729397 0.052779 0.051491 
1.464753 0.052498 4.296071 0.052103 0.053289 
1.119226 1.118943 4.864189 0.051588 0.053155 
0.585937 2.183312 4.872928 0.054415 0.057588 
0.051761 2.882129 4.290263 0.051713 0.052735 
0.946188 0.053139 5.420044 0.060397 0.052503 
0.521750 0.988562 5.714602 0.053565 0.056301 
0.051539 1.846436 5.413247 0.052995 0.055559 
0.446851 0.052005 5.933530 0.051982 0.055097 
0.051406 0.836688 5.934542 0.052282 0.056796 
0.051742 0.050960 6.050948 0.052570 0.054480 
2.012372 0.052445 0.055307 1.620388 0.052229 
1.936383 0.997057 0.053298 1.940348 0.052657 
1.654177 2.191569 0.055780 2.197596 0.052469 
1.120100 3.264336 0.054381 2.180030 0.056467 
0.519061 3.826831 0.054459 1.931949 0.053320 
0.051977 3.974386 0.053659 1.614949 0.057720 
1.937674 0.052855 1.465967 1.933464 0.052111 
1.786751 1.211218 1.779497 2.370837 0.055910 
1.317309 2.588863 1.951879 2.584110 0.059269 
0.626693 3.519548 1.782874 2.364678 0.057540 
0.052348 3.821787 1.469150 1.943238 0.055093 
1.654310 0.054166 3.260491 2.192585 0.051901 
1.319086 1.321769 3.848435 2.599297 0.058625 
0.683712 2.585405 3.838014 2.592321 0.060252 
0.053797 3.260673 3.262025 2.183906 0.055323 
1.120157 0.051804 4.862954 2.185003 0.055465 
0.630210 1.207983 5.248246 2.387422 0.056232 
0.053170 2.189489 4.863272 2.185320 0.055782 
0.525457 0.052362 5.707456 1.935301 0.053943 
0.051790 0.998475 5.705480 1.945544 0.052041 
0.052713 0.055782 5.935424 1.620005 0.056478 
1.840137 0.053050 0.052347 3.634534 0.055171 
1.652978 1.120750 0.053013 4.338421 0.055010 
1.205312 2.362344 0.051978 4.673053 0.052164 
0.582683 3.260960 0.052935 4.325275 0.055338 
0.053779 3.628640 0.055095 3.634802 0.055466 
1.654973 0.053552 1.656014 4.336230 0.053634 
1.319173 1.314979 1.957602 5.111272 0.063671 
0.681873 2.592563 1.952072 5.112590 0.059785 
0.052199 3.259179 1.658106 4.325507 0.053842 
1.207390 0.055742 3.520964 4.674636 0.055410 
0.682354 1.315225 3.850921 5.114268 0.053918 
0.051904 2.358279 3.518529 4.672201 0.052974 
0.585002 0.053361 4.863685 4.332024 0.055132 
0.052853 1.118240 4.861708 4.334176 0.056880 
0.051780 0.052205 5.415595 3.633517 0.052715 
1.463824 0.052744 0.052920 5.718818 0.052596 
1.119372 1.119115 0.054135 6.470196 0.056472 
0.585001 2.194269 0.052219 6.463291 0.054903 
0.053507 2.875497 0.052333 5.718586 0.054652 
1.120126 0.052041 1.649459 6.467892 0.052536 
0.627705 1.206394 1.775135 6.997607 0.057023 
0.052702 2.189578 1.649925 6.468358 0.053018 
0.586663 0.052470 3.262424 6.463573 0.052182 
0.053741 1.123479 3.262843 6.464349 0.054639 
0.051375 0.052266 4.291936 5.710594 0.052837 
0.943870 0.052844 0.051720 7.210907 0.053361 
0.521708 0.981883 0.054110 7.606778 0.054126 
0.052845 1.842785 0.053498 7.207135 0.056131 
0.521589 0.055467 1.456326 7.597546 0.052608 
0.052089 0.992636 1.456909 7.598129 0.053191 
0.051444 0.053296 2.727206 7.211691 0.053012 
0.441950 0.051585 0.051450 7.897298 0.054180 
0.052302 0.830641 0.052187 7.899138 0.055060 
0.051824 0.052641 1.216730 7.899551 0.055632 
0.051013 0.051569 0.050988 8.050954 0.059485 
2.013428 0.053793 0.053668 0.052568 2.012505 
1.938758 0.991414 0.052206 0.052627 2.384116 
1.654361 2.192003 0.052189 0.053700 2.736706 
1.118205 3.261787 0.052443 0.053245 2.738080 
0.519007 3.827226 0.054488 0.053278 2.404262 
0.054794 3.975169 0.053394 0.055477 2.019703 
1.937418 0.052869 1.465150 0.053167 2.419841 
1.785258 1.210741 1.783181 0.052688 2.908955 
1.318304 2.589701 1.953340 0.054960 3.196697 
0.627099 3.516295 1.803446 0.053832 2.927419 
0.051409 3.824137 1.454714 0.052341 2.409311 
1.653507 0.053229 3.267351 0.055555 2.727297 
1.315608 1.320188 3.848163 0.052492 3.217411 
0.683983 2.585698 3.848277 0.054945 3.212183 
0.052476 3.255198 3.267494 0.055862 2.728677 
1.119575 0.053194 4.867515 0.054839 2.730088 
0.629035 1.206645 5.249181 0.052992 2.936549 
0.052722 2.190371 4.862301 0.056086 2.730344 
0.522281 0.052171 5.709926 0.052304 2.405838 
0.052497 0.992848 5.710081 0.055167 2.405994 
0.051920 0.051914 5.935485 0.052240 2.012251 
1.938248 0.053692 0.052758 1.936026 2.410567 
1.784548 1.209934 0.053346 2.371164 2.936321 
1.313111 2.585687 0.051115 2.587729 3.206244 
0.625590 3.523166 0.054387 2.355955 2.934447 
0.053485 3.824108 0.052814 1.935255 2.410623 
1.784649 0.053686 1.787311 2.366686 2.947990 
1.463718 1.472410 2.179787 2.876805 3.595536 
0.758605 2.879413 2.178969 2.882955 3.599673 
0.052711 3.513997 1.789109 2.365622 2.946926 
1.315932 0.052820 3.852105 2.581150 3.208203 
0.756803 1.473906 4.304185 2.880916 3.593744 
0.052604 2.581415 3.850165 2.569967 3.224255 
0.627583 0.052657 5.250716 2.364922 2.932247 
0.053140 1.203681 5.250864 2.366960 2.935379 
0.051499 0.055015 5.708646 1.932411 2.412417 
1.653025 0.055854 0.052171 4.339313 2.721990 
1.312582 1.316048 0.053845 5.133199 3.219271 
0.684109 2.581076 0.052510 5.112937 3.217799 
0.052228 3.254146 0.052755 4.343153 2.723331 
1.314015 0.054384 1.947834 5.131960 3.218816 
0.754605 1.463741 2.182489 5.710128 3.596462 
0.051901 2.583290 1.945849 5.105285 3.223164 
0.681437 0.053904 3.844337 5.122724 3.225013 
0.052969 1.316482 3.851169 5.105233 3.224804 
0.052205 0.051682 4.863420 4.327735 2.716867 
1.119666 0.054020 0.052013 6.468842 2.728268 
0.625782 1.200044 0.057136 6.995669 2.950725 
0.052253 2.195475 0.052198 6.457743 2.729884 
0.627674 0.052090 1.783247 6.980958 2.941430 
0.052448 1.208019 1.778281 6.981619 2.942699 
0.052382 0.051481 3.254626 6.466156 2.735551 
0.521832 0.051943 0.052684 7.595690 2.408124 
0.051947 0.997405 0.053259 7.591212 2.413984 
0.053647 0.053646 1.462188 7.599155 2.404906 
0.051237 0.051479 0.051236 7.895685 2.013624 
1.840165 0.052832 0.051793 0.054154 4.524633 
1.653154 1.137443 0.053073 0.058409 5.396059 
1.204391 2.363317 0.053798 0.053332 5.835882 
0.584546 3.258731 0.052339 0.053352 5.402776 
0.053305 3.632371 0.056076 0.057352 4.516285 
1.656122 0.052426 1.654553 0.051948 5.389178 
1.318496 1.317875 1.946122 0.055424 6.392386 
0.682438 2.588820 1.944586 0.056269 6.384370 
0.053027 3.258483 1.661085 0.053264 5.399903 
1.205160 0.054227 3.514468 0.052245 5.835463 
0.682226 1.319238 3.846679 0.054147 6.391160 
0.052349 2.363575 3.513772 0.051788 5.818003 
0.586401 0.054366 4.864493 0.055190 5.404171 
0.051931 1.121195 4.860313 0.052602 5.402132 
0.053329 0.051120 5.417354 0.051305 4.524332 
1.654770 0.053664 0.054037 2.196058 5.403323 
1.316762 1.318625 0.056344 2.579340 6.382987 
0.680545 2.587998 0.055960 2.572954 6.392004 
0.052621 3.257137 0.054015 2.196077 5.403342 
1.316184 0.053232 1.948358 2.579367 6.383538 
0.759846 1.467419 2.169957 2.881010 7.152703 
0.052507 2.580344 1.948465 2.579474 6.383644 
0.684218 0.058357 3.843755 2.580478 6.386071 
0.052547 1.319215 3.841767 2.580910 6.384131 
0.052853 0.055406 4.862089 2.188793 5.403061 
1.205278 0.052586 0.052258 4.668826 5.836477 
0.682269 1.312515 0.053609 5.115772 6.385660 
0.051538 2.360611 0.055338 4.674356 5.819089 
0.682448 0.053670 1.944047 5.115732 6.383399 
0.054131 1.318940 1.947229 5.109482 6.386668 
0.051521 0.051478 3.515138 4.674161 5.818893 
0.586539 0.052269 0.052539 6.463873 5.402459 
0.051798 1.121399 0.057205 6.469858 5.388511 
0.053492 0.053051 1.638646 6.474675 5.398614 
0.051389 0.051404 0.056787 7.206372 4.524603 
1.463402 0.052654 0.052249 0.054567 7.137832 
1.120999 1.124171 0.053545 0.053389 8.072759 
0.579995 2.195418 0.053465 0.053449 8.075769 
0.052710 2.879671 0.055997 0.053173 7.126405 
1.119436 0.053565 1.654846 0.052598 8.077356 
0.625385 1.206616 1.780885 0.053394 8.722151 
0.052982 2.188939 1.655329 0.053161 8.073917 
0.586489 0.052113 3.257170 0.052353 8.071133 
0.055564 1.127569 3.256736 0.054901 8.073609 
0.053418 0.053159 4.291004 0.052079 7.129043 
1.119393 0.054633 0.056293 2.191447 8.079964 
0.629092 1.206964 0.058102 2.367361 8.709312 
0.053420 2.196096 0.052145 2.189572 8.058384 
0.628770 0.052291 1.784328 2.369529 8.709396 
0.053353 1.209298 1.789159 2.361749 8.710784 
0.052410 0.055375 3.254885 2.190445 8.074865 
0.586856 0.052898 0.052072 4.323822 8.072994 
0.052566 1.126086 0.052401 4.341835 8.053875 
0.054173 0.054618 1.659996 4.330279 8.069702 
0.051115 0.051499 0.051116 5.705575 7.125154 
0.945409 0.052086 0.051580 0.051972 8.997183 
0.522192 0.999096 0.058027 0.053084 9.479688 
0.052679 1.840272 0.052845 0.052907 8.998170 
0.521256 0.052431 1.462253 0.052263 9.484790 
0.051189 0.997325 1.467139 0.052826 9.476296 
0.052859 0.052154 2.725201 0.053006 9.004919 
0.521784 0.052498 0.052203 1.937376 9.482452 
0.054411 0.991381 0.054503 1.934927 9.487561 
0.051709 0.051200 1.461410 1.938155 9.480522 
0.052051 0.051819 0.054507 3.631972 8.994561 
0.440155 0.051358 0.051014 0.051094 9.859728 
0.051153 0.829441 0.051071 0.051154 9.859788 
0.052291 0.052038 1.227034 0.051951 9.858184 
0.050924 0.051033 0.050913 1.616172 9.857636 
0.051311 0.053791 0.052857 0.051152 10.051019 
