1.862596 0.006339 0.006287 0.007275 0.007237 0.007762 0.008083 0.006657 
0.671355 0.633257 0.015571 0.022284 0.013617 0.007312 0.006667 0.006297 
0.351166 1.391764 0.017385 0.012955 0.008780 0.008740 0.008358 0.010115 
0.005060 3.674845 0.005262 0.007923 0.009232 0.005175 0.006719 0.005904 
0.734342 0.008696 1.075446 0.010428 0.014752 0.008899 0.009506 0.041106 
0.266774 0.516529 0.796853 0.007963 0.008758 0.012418 0.010964 0.011361 
0.009609 1.463392 1.107811 0.011482 0.009387 0.009509 0.010100 0.019561 
0.373355 0.007309 2.215584 0.009106 0.007100 0.007144 0.007673 0.017256 
0.006306 0.740764 2.187703 0.008563 0.006641 0.008521 0.006646 0.016665 
0.004802 0.005496 5.390772 0.005400 0.006367 0.006490 0.004662 0.005176 
0.597673 0.012372 0.021900 1.251613 0.037295 0.005568 0.019814 0.006258 
0.248087 0.505514 0.017837 1.065233 0.022069 0.009447 0.010472 0.013092 
0.009017 1.173111 0.021721 1.278360 0.037327 0.005572 0.019835 0.006280 
0.243010 0.014221 0.726000 1.008688 0.009630 0.015451 0.014519 0.010388 
0.010885 0.474916 0.741217 1.016197 0.007234 0.005295 0.023561 0.007036 
0.011055 0.017767 1.713959 1.229987 0.007745 0.015765 0.037929 0.023978 
0.343598 0.007377 0.006683 2.858245 0.010321 0.005094 0.019753 0.007944 
0.006983 0.638643 0.010677 2.754357 0.011454 0.011658 0.020229 0.006804 
0.009466 0.012430 0.964923 2.730424 0.012631 0.006947 0.021271 0.012362 
0.004747 0.004776 0.005096 7.575638 0.006884 0.004845 0.005589 0.005572 
0.671408 0.008641 0.006889 0.022932 1.765177 0.005564 0.007448 0.006007 
0.258116 0.499885 0.008974 0.027629 1.346289 0.013832 0.008888 0.016580 
0.013080 1.248627 0.015114 0.007259 1.726202 0.007956 0.030919 0.027189 
0.242023 0.015844 0.724859 0.020113 1.261692 0.008588 0.006116 0.006712 
0.009245 0.454486 0.692622 0.022572 1.199243 0.009612 0.016977 0.007880 
0.007625 0.011885 1.898743 0.020052 1.702315 0.007010 0.006677 0.007966 
0.253996 0.008549 0.013517 1.056591 1.305057 0.010274 0.020547 0.009281 
0.008184 0.505950 0.013303 1.074698 1.346625 0.012719 0.008833 0.008415 
0.007291 0.011589 0.749203 1.082543 1.333469 0.007893 0.010185 0.010447 
0.005394 0.007742 0.005425 2.909207 1.812487 0.008235 0.015538 0.009392 
0.347245 0.014794 0.008005 0.006725 3.596643 0.005626 0.007509 0.013429 
0.005684 0.690346 0.006474 0.013069 3.698053 0.011104 0.007806 0.006872 
0.008044 0.009035 0.944623 0.023445 3.331178 0.008633 0.011548 0.014290 
0.006109 0.008294 0.013871 1.406115 3.428159 0.005616 0.009560 0.027085 
0.004454 0.004806 0.004957 0.004454 9.565967 0.004670 0.005704 0.004865 
0.620898 0.012917 0.019870 0.011752 0.020861 1.938327 0.007546 0.012715 
0.242431 0.456531 0.018467 0.031569 0.015623 1.591657 0.012505 0.038879 
0.008040 1.282000 0.020939 0.013366 0.009605 2.126701 0.017880 0.010551 
0.246765 0.017071 0.719241 0.013980 0.008566 1.507598 0.010240 0.007417 
0.011256 0.452382 0.668380 0.016523 0.034145 1.450138 0.013062 0.007599 
0.008633 0.011378 1.842448 0.014069 0.030198 1.925416 0.009981 0.006143 
0.255717 0.012139 0.013341 1.077932 0.015527 1.574556 0.012400 0.038760 
0.014940 0.415456 0.011821 0.860153 0.039255 1.270724 0.048650 0.010808 
0.007866 0.007229 0.746711 1.060633 0.006143 1.597405 0.010119 0.008921 
0.009053 0.010975 0.008508 2.747453 0.012437 2.027556 0.009050 0.007592 
0.266152 0.007641 0.007145 0.011007 1.332957 1.641022 0.008497 0.008814 
0.007765 0.475822 0.008021 0.022048 1.304400 1.590551 0.022265 0.011635 
0.006042 0.006211 0.748077 0.016297 1.314024 1.586497 0.012668 0.006750 
0.008550 0.011282 0.025803 0.943937 1.181144 1.311730 0.019194 0.008777 
0.007137 0.007970 0.006113 0.006367 3.549401 2.201210 0.018233 0.015196 
0.341421 0.013765 0.004846 0.013085 0.006043 4.165284 0.004253 0.004900 
0.010201 0.618746 0.016945 0.014073 0.025408 3.977735 0.023263 0.020030 
0.008020 0.008082 1.002681 0.012413 0.005774 4.200715 0.006741 0.005415 
0.005768 0.013160 0.006682 1.362354 0.022290 3.976034 0.019705 0.016735 
0.006443 0.007216 0.005663 0.011272 1.814352 4.296056 0.010057 0.006349 
0.004534 0.004536 0.004537 0.004971 0.005646 11.624936 0.004886 0.004878 
0.654113 0.010479 0.005231 0.020028 0.017269 0.008334 2.371616 0.014046 
0.241405 0.485753 0.019092 0.021763 0.008595 0.006759 1.833677 0.009536 
0.017161 1.217131 0.018664 0.011114 0.020893 0.012094 2.274604 0.009694 
0.254364 0.011913 0.762434 0.008315 0.006219 0.007230 1.887900 0.008555 
0.006531 0.499496 0.738959 0.006405 0.006187 0.018331 1.890020 0.015985 
0.008931 0.013186 1.898832 0.021190 0.008520 0.006964 2.375991 0.006787 
0.243939 0.006506 0.010178 0.999866 0.031053 0.005416 1.805338 0.006480 
0.008511 0.490546 0.009715 1.055529 0.007420 0.005315 1.798516 0.024143 
0.007562 0.009226 0.727672 0.983320 0.029625 0.006225 1.799635 0.029139 
0.008276 0.011043 0.005400 2.742461 0.017413 0.005468 2.386599 0.006755 
0.256692 0.010588 0.018351 0.010354 1.339844 0.009706 1.887803 0.010026 
0.007816 0.494593 0.015714 0.007615 1.334745 0.010719 1.742625 0.007278 
0.007266 0.009570 0.730893 0.008924 1.293945 0.004977 1.812334 0.007395 
0.005923 0.006435 0.007453 1.030977 1.281872 0.015506 1.820528 0.006911 
0.007560 0.012862 0.015057 0.015436 3.194022 0.005858 2.222748 0.015377 
0.268467 0.009302 0.009007 0.008306 0.008477 1.592077 1.875731 0.007721 
0.009659 0.501672 0.007931 0.007211 0.006587 1.577180 1.874613 0.006603 
0.007616 0.010348 0.732109 0.005987 0.005120 1.558409 1.873001 0.007382 
0.007647 0.008774 0.006689 1.034986 0.012055 1.538403 1.874845 0.006985 
0.008024 0.009089 0.011298 0.023936 1.220756 1.438410 1.724149 0.007605 
0.007391 0.011681 0.015937 0.026005 0.013928 3.854786 2.348034 0.022307 
0.349318 0.011612 0.014525 0.009620 0.014592 0.008171 4.884359 0.012048 
0.008573 0.658434 0.012781 0.026204 0.008292 0.008243 5.222424 0.011190 
0.007544 0.009176 0.926382 0.021779 0.028259 0.007823 4.576493 0.009211 
0.004612 0.008830 0.011150 1.350666 0.039038 0.004644 4.704656 0.004642 
0.006584 0.008733 0.011126 0.011263 1.686221 0.004995 4.726356 0.015091 
0.013648 0.021323 0.013801 0.005962 0.017354 1.802251 4.294424 0.008220 
0.004268 0.004344 0.004739 0.004204 0.004400 0.004195 13.535973 0.004611 
1.141648 0.011158 0.007879 0.011140 0.008183 0.007943 0.011914 4.862122 
0.356601 0.690067 0.010359 0.005434 0.023934 0.005502 0.008620 3.187337 
0.010185 2.144186 0.009468 0.011503 0.015588 0.008360 0.012398 4.862605 
0.365118 0.008358 1.056404 0.009936 0.007319 0.008653 0.011195 3.220567 
0.006477 0.727110 1.078765 0.009289 0.006688 0.008022 0.010564 3.219936 
0.011319 0.015713 2.773801 0.008355 0.020905 0.016336 0.009813 4.120992 
0.359757 0.005252 0.010427 1.517116 0.007475 0.004967 0.005815 3.187454 
0.012550 0.716969 0.017784 1.524483 0.014842 0.012334 0.013182 3.194821 
0.006842 0.006316 1.073808 1.524295 0.006242 0.006130 0.016900 3.189735 
0.007793 0.008683 0.021716 4.069203 0.005852 0.008868 0.014840 4.213918 
0.361775 0.007222 0.007856 0.009993 1.926986 0.006383 0.006211 3.186653 
0.006185 0.715892 0.007515 0.009622 1.900156 0.007604 0.005893 3.186335 
0.006594 0.007271 1.068195 0.009888 1.900422 0.007870 0.006159 3.186601 
0.011261 0.011235 0.020652 1.501763 1.865295 0.011289 0.012370 3.193965 
0.006557 0.011805 0.017425 0.006331 5.470692 0.005968 0.006477 4.537118 
0.370447 0.006544 0.011564 0.006742 0.008454 2.315452 0.007049 3.236711 
0.007745 0.707243 0.012396 0.007465 0.009274 2.308370 0.008603 3.267927 
0.008944 0.012323 1.045399 0.005672 0.006524 2.141504 0.005680 3.211846 
0.010228 0.007826 0.014264 1.446897 0.008003 2.153495 0.008703 3.206173 
0.006711 0.011324 0.014500 0.011890 1.720129 2.021397 0.008285 3.188821 
0.005534 0.012983 0.021450 0.038768 0.023526 4.685178 0.117978 3.297809 
0.366840 0.007987 0.007195 0.006385 0.008069 0.006244 2.704376 3.186804 
0.007150 0.713538 0.008220 0.010066 0.008425 0.008333 2.720482 3.192064 
0.007263 0.008532 1.087933 0.010018 0.008543 0.007350 2.718108 3.196221 
0.006178 0.005830 0.006835 1.534914 0.005847 0.005661 2.677378 3.185457 
0.005922 0.004932 0.008072 0.004896 1.881388 0.005059 2.650724 3.187327 
0.004846 0.008959 0.007831 0.007846 0.007643 2.121968 2.495180 3.187200 
0.006420 0.006592 0.006747 0.008084 0.008278 0.007765 8.334948 4.908943 
0.526082 0.012930 0.007861 0.007505 0.024356 0.006884 0.009080 8.871755 
0.012733 1.027102 0.008066 0.021645 0.006084 0.005977 0.011069 8.895695 
0.008714 0.012435 1.482042 0.019478 0.008065 0.011841 0.011351 8.662455 
0.008166 0.008785 0.008951 2.475346 0.007697 0.007838 0.012677 10.274354 
0.006603 0.009570 0.013672 0.013566 2.611843 0.004729 0.009734 8.587554 
0.006857 0.008296 0.033447 0.005641 0.024311 3.040319 0.005487 8.422001 
0.005787 0.005903 0.007537 0.005922 0.007438 0.005683 4.508920 10.619473 
0.004069 0.004069 0.004069 0.004069 0.004069 0.004070 0.004071 15.989752 
0.315319 0.090988 0.101162 0.128824 0.191701 0.209248 0.291593 0.338446 
0.156330 0.297518 0.100142 0.137347 0.191245 0.231770 0.283898 0.325517 
0.044752 0.639970 0.100671 0.138235 0.192358 0.209915 0.292298 0.309411 
0.163438 0.053548 0.528139 0.137698 0.196590 0.214149 0.296505 0.313702 
0.024721 0.372746 0.524849 0.155901 0.158000 0.262691 0.318870 0.424651 
0.039412 0.073375 0.944486 0.171819 0.191316 0.219206 0.251556 0.283539 
0.167714 0.060547 0.095106 0.692699 0.176441 0.177647 0.284998 0.342274 
0.041143 0.334428 0.087430 0.707213 0.169976 0.172334 0.298834 0.219011 
0.033473 0.066850 0.492852 0.684420 0.174417 0.234714 0.258905 0.344043 
0.033454 0.072391 0.105577 1.366669 0.190058 0.242943 0.273794 0.312864 
0.163386 0.077113 0.100412 0.150354 0.872708 0.137859 0.254887 0.278580 
0.037080 0.321471 0.104386 0.134865 0.850298 0.160765 0.304375 0.354370 
0.032926 0.069738 0.488122 0.133185 0.850104 0.233766 0.255381 0.269652 
0.034929 0.071540 0.118778 0.685289 0.872773 0.187472 0.265470 0.312812 
0.040170 0.068980 0.118665 0.171782 1.747984 0.223251 0.276093 0.341265 
0.171451 0.087111 0.086895 0.103840 0.140385 1.061678 0.286331 0.323996 
0.037335 0.362067 0.108550 0.155114 0.195989 1.072190 0.278069 0.291037 
0.036606 0.062691 0.491952 0.123452 0.166375 1.038802 0.315280 0.324434 
0.037684 0.066109 0.096435 0.647879 0.239113 0.901620 0.261156 0.309188 
0.038924 0.068775 0.100624 0.149965 0.868844 0.901288 0.260823 0.308856 
0.045192 0.078105 0.120966 0.160417 0.165824 2.183651 0.241753 0.400313 
0.170788 0.071815 0.090449 0.134165 0.172187 0.178375 1.248374 0.312223 
0.042704 0.373155 0.103670 0.170922 0.176529 0.199852 1.362534 0.300497 
0.037121 0.071546 0.483768 0.145224 0.151540 0.214724 1.267793 0.324697 
0.040581 0.072895 0.110721 0.768637 0.194936 0.196905 1.297752 0.322076 
0.039864 0.067849 0.102050 0.090080 0.931849 0.216264 1.314037 0.310616 
0.041777 0.075344 0.097805 0.159508 0.183168 0.994195 1.315783 0.270247 
0.040747 0.076094 0.118237 0.163227 0.159539 0.182347 2.536296 0.366388 
0.242824 0.087170 0.113335 0.181240 0.235042 0.209770 0.329445 2.131453 
0.050713 0.417459 0.123833 0.211691 0.236249 0.221670 0.310144 1.933191 
0.049934 0.085956 0.685651 0.196022 0.237365 0.242954 0.301141 2.005481 
0.042868 0.082732 0.123353 0.924389 0.244777 0.243540 0.319328 1.924536 
0.050078 0.097512 0.130908 0.223835 1.051281 0.250393 0.300618 1.739478 
0.046317 0.087337 0.140129 0.195439 0.234739 1.213978 0.328427 1.737384 
0.051789 0.091158 0.146754 0.215245 0.181894 0.231964 1.722668 2.058470 
0.050802 0.095115 0.142270 0.169669 0.195038 0.216759 0.323838 3.451045 
