2.067939 0.069826 0.068550 0.071331 0.068637 
2.029528 0.854190 0.069824 0.070531 0.068495 
1.860361 1.857457 0.071393 0.073824 0.073791 
1.480246 2.907369 0.070811 0.076137 0.073209 
0.954573 3.655148 0.073610 0.070924 0.069367 
0.445885 4.003098 0.073193 0.073376 0.073718 
0.071164 4.071014 0.071483 0.078814 0.073851 
2.035956 0.074164 1.240957 0.077454 0.076758 
1.958992 1.003923 1.472880 0.074295 0.072109 
1.667778 2.215772 1.663709 0.069904 0.068283 
1.136564 3.287199 1.624657 0.072374 0.076888 
0.527786 3.850225 1.462663 0.074561 0.071738 
0.067938 3.990579 1.237361 0.070712 0.106860 
1.860940 0.074410 2.739220 0.075128 0.071255 
1.677300 1.148041 3.282643 0.074773 0.075971 
1.225574 2.395527 3.550348 0.077917 0.080893 
0.600833 3.295745 3.267073 0.075815 0.076155 
0.068737 3.645268 2.751460 0.071032 0.068408 
1.477661 0.076072 4.341942 0.077717 0.073884 
1.138635 1.138087 4.883123 0.071869 0.070633 
0.597908 2.204065 4.890437 0.070863 0.073155 
0.068415 2.895329 4.310925 0.067692 0.075700 
0.958061 0.070564 5.440145 0.076182 0.069124 
0.535824 1.011154 5.733097 0.072219 0.071628 
0.074404 1.858075 5.437711 0.088039 0.073178 
0.458075 0.076726 5.956180 0.075674 0.074132 
0.071191 0.865190 5.948851 0.070007 0.070341 
0.069553 0.069358 6.069352 0.072090 0.079645 
2.036637 0.075515 0.073472 1.588893 0.075742 
1.957758 1.015126 0.076878 1.952933 0.073113 
1.676174 2.209474 0.072470 2.203744 0.072847 
1.136256 3.292940 0.076775 2.224581 0.077649 
0.539705 3.845787 0.073639 1.957562 0.072788 
0.068454 3.990948 0.068774 1.634074 0.069002 
1.960596 0.074483 1.470065 1.954391 0.077524 
1.807226 1.219732 1.759539 2.390501 0.070976 
1.333327 2.603068 1.961731 2.621328 0.073835 
0.645972 3.568585 1.803075 2.421064 0.090481 
0.074285 3.843078 1.493206 1.960126 0.081979 
1.671044 0.074125 3.289340 2.220044 0.071355 
1.341836 1.339183 3.880437 2.616764 0.079376 
0.697617 2.613329 3.863540 2.605562 0.073220 
0.069835 3.284491 3.272626 2.169524 0.069739 
1.134249 0.087023 4.898669 2.220226 0.077104 
0.635768 1.221116 5.308269 2.398692 0.082845 
0.068235 2.205050 4.876034 2.217498 0.072869 
0.537281 0.072533 5.730434 1.959919 0.074607 
0.068948 1.012503 5.724585 1.958018 0.072519 
0.062330 0.062714 5.942189 1.655194 0.073334 
1.858169 0.069730 0.070025 3.642760 0.071796 
1.669228 1.144083 0.070688 4.363931 0.072427 
1.220020 2.388929 0.073425 4.699645 0.072128 
0.599350 3.293262 0.074489 4.331534 0.082370 
0.067933 3.642852 0.071117 3.652020 0.071242 
1.675356 0.077042 1.665790 4.362850 0.074263 
1.336114 1.341764 1.973134 5.133241 0.073584 
0.699842 2.615105 1.969998 5.121242 0.075890 
0.072704 3.276719 1.660466 4.368250 0.073189 
1.222694 0.071368 3.538140 4.694826 0.073717 
0.702627 1.336073 3.901361 5.154500 0.084736 
0.070950 2.377731 3.542399 4.684009 0.085169 
0.605408 0.072286 4.871454 4.364140 0.072508 
0.075145 1.134878 4.892351 4.346996 0.076166 
0.064837 0.065189 5.431734 3.641656 0.067136 
1.485992 0.075954 0.075205 5.742661 0.077390 
1.136951 1.131651 0.068793 6.486263 0.070852 
0.597584 2.209939 0.071464 6.494171 0.071282 
0.070220 2.902140 0.075878 5.718911 0.076870 
1.139589 0.074450 1.671606 6.495822 0.074206 
0.645219 1.210610 1.797219 7.006919 0.077412 
0.068834 2.205318 1.662517 6.487913 0.069365 
0.603493 0.071512 3.285353 6.474598 0.073101 
0.071904 1.142428 3.270086 6.486891 0.072303 
0.071460 0.071738 4.313904 5.728567 0.082916 
0.958779 0.067858 0.068776 7.227047 0.068117 
0.536748 1.004717 0.074752 7.632709 0.075221 
0.067090 1.868974 0.066744 7.207808 0.078563 
0.537687 0.068152 1.483902 7.610502 0.071666 
0.070346 1.006008 1.479551 7.607692 0.068873 
0.066673 0.066218 2.745135 7.224535 0.070439 
0.464698 0.071413 0.071139 7.914246 0.071406 
0.069458 0.852657 0.069906 7.914394 0.073699 
0.067873 0.067941 1.232678 7.915672 0.069092 
0.064690 0.064684 0.064725 8.064202 0.077807 
2.031870 0.071027 0.076476 0.070377 2.000345 
1.955582 1.008091 0.067869 0.072766 2.364832 
1.677812 2.216530 0.076347 0.074155 2.723549 
1.129214 3.286807 0.074928 0.076332 2.745613 
0.541345 3.843440 0.072401 0.071457 2.427949 
0.074310 3.989650 0.068543 0.068651 2.038398 
1.956250 0.070583 1.465840 0.072102 2.430718 
1.802408 1.220207 1.808119 0.070260 2.940536 
1.336991 2.633859 1.895662 0.074137 3.227908 
0.644612 3.549742 1.796814 0.080183 2.975791 
0.067895 3.846423 1.464721 0.069132 2.377125 
1.678583 0.075653 3.274494 0.074241 2.752119 
1.337059 1.338273 3.872333 0.076284 3.264269 
0.701587 2.594923 3.867773 0.069348 3.226057 
0.071017 3.279938 3.273366 0.070136 2.733040 
1.135790 0.068309 4.881211 0.073531 2.742804 
0.642681 1.216267 5.287442 0.074059 2.947683 
0.069309 2.200082 4.881830 0.074390 2.765404 
0.535717 0.069340 5.731622 0.070713 2.407763 
0.072773 0.995128 5.735174 0.071299 2.408328 
0.069371 0.068808 5.951582 0.071962 2.035699 
1.954544 0.071490 0.070095 1.966293 2.418911 
1.804124 1.219988 0.071221 2.380561 2.943159 
1.330299 2.602643 0.071917 2.609876 3.220424 
0.643310 3.543419 0.073315 2.375504 2.930755 
0.072415 3.840798 0.067266 1.945328 2.398325 
1.804285 0.074992 1.801633 2.407992 2.926950 
1.490988 1.476295 2.175715 2.920664 3.606070 
0.768814 2.906588 2.186715 2.897100 3.606910 
0.070155 3.538030 1.783953 2.370531 2.959036 
1.338119 0.074652 3.873050 2.631428 3.204474 
0.782203 1.481934 4.333078 2.905659 3.614755 
0.075430 2.599517 3.885846 2.602739 3.213222 
0.631945 0.074844 5.274183 2.386387 2.960575 
0.073749 1.209835 5.280038 2.374778 2.963283 
0.072382 0.069483 5.722576 1.960932 2.443985 
1.673059 0.072517 0.072305 4.364694 2.739435 
1.332310 1.312242 0.073126 5.169475 3.251685 
0.697025 2.611117 0.085246 5.148888 3.227403 
0.076303 3.288999 0.078884 4.329723 2.720223 
1.329691 0.068505 1.969336 5.129210 3.220615 
0.776121 1.479589 2.189605 5.752205 3.613337 
0.069351 2.601982 1.971765 5.121085 3.220545 
0.694028 0.069354 3.882098 5.125638 3.217676 
0.066846 1.335959 3.873968 5.111603 3.212410 
0.068373 0.069815 4.889826 4.328092 2.725994 
1.137373 0.069959 0.070751 6.486261 2.746169 
0.640940 1.230464 0.073046 7.013296 2.953976 
0.073535 2.205649 0.078898 6.495034 2.727697 
0.635514 0.069341 1.803494 7.012544 2.921773 
0.067784 1.222891 1.814081 6.994760 2.929528 
0.066292 0.066314 3.290999 6.462768 2.746709 
0.531474 0.073572 0.073620 7.625795 2.444494 
0.069362 1.014219 0.075466 7.616484 2.394448 
0.068263 0.070186 1.490706 7.602030 2.449774 
0.065411 0.065412 0.067635 7.909566 2.029508 
1.860527 0.068976 0.074547 0.080838 4.510794 
1.673302 1.154437 0.069125 0.071447 5.385377 
1.219253 2.384576 0.072955 0.074207 5.842293 
0.595439 3.287144 0.071058 0.072471 5.403848 
0.071671 3.654849 0.071358 0.072966 4.513510 
1.669413 0.066871 1.667281 0.067066 5.403719 
1.338588 1.338701 1.973814 0.073617 6.386288 
0.696523 2.608656 1.977385 0.078923 6.407407 
0.073792 3.280999 1.672642 0.071980 5.393713 
1.222049 0.075171 3.544956 0.075538 5.867346 
0.695982 1.336042 3.868596 0.068267 6.388093 
0.070292 2.367828 3.541579 0.072543 5.856299 
0.598286 0.072939 4.894728 0.076356 5.407809 
0.073904 1.119887 4.900144 0.076925 5.402595 
0.067026 0.068067 5.436320 0.069900 4.529953 
1.676358 0.072123 0.071526 2.199898 5.401306 
1.330808 1.328501 0.070787 2.626752 6.409956 
0.704335 2.623314 0.080598 2.613056 6.371535 
0.071394 3.278342 0.072169 2.193825 5.415430 
1.339005 0.074974 1.960778 2.603040 6.374920 
0.768889 1.482247 2.191910 2.902206 7.151343 
0.071051 2.605315 1.959153 2.606756 6.380036 
0.697693 0.068034 3.872373 2.604332 6.361121 
0.074207 1.328161 3.874485 2.614074 6.394863 
0.071928 0.072874 4.884670 2.194949 5.421426 
1.221006 0.077750 0.077985 4.716867 5.881917 
0.695787 1.339319 0.071678 5.146739 6.394007 
0.071992 2.383222 0.069594 4.691398 5.826555 
0.700359 0.069674 1.966995 5.125373 6.395816 
0.066945 1.331251 1.979674 5.116467 6.390818 
0.067422 0.066847 3.532309 4.681237 5.843534 
0.594193 0.071982 0.068076 6.500228 5.391255 
0.073013 1.142828 0.072320 6.480817 5.413061 
0.069257 0.069529 1.678859 6.482003 5.412283 
0.070697 0.068281 0.076072 7.217802 4.554373 
1.487393 0.074261 0.071299 0.072780 7.130420 
1.134235 1.137961 0.069478 0.069918 8.100964 
0.600504 2.211064 0.072472 0.072915 8.099333 
0.067893 2.900274 0.073543 0.072062 7.127556 
1.132497 0.069056 1.698875 0.069062 8.084423 
0.636370 1.215051 1.783574 0.071592 8.758332 
0.068846 2.207869 1.673283 0.070119 8.082351 
0.598448 0.074602 3.286582 0.074270 8.102684 
0.067197 1.138056 3.278289 0.067057 8.078604 
0.064232 0.065061 4.323983 0.065300 7.106629 
1.138447 0.070848 0.071161 2.206740 8.084673 
0.635079 1.214417 0.066525 2.373896 8.747337 
0.065749 2.203168 0.065665 2.208743 8.081130 
0.644034 0.071479 1.787064 2.378255 8.747472 
0.073334 1.212634 1.798542 2.391236 8.737302 
0.068719 0.069133 3.270691 2.195194 8.097085 
0.597935 0.075111 0.075654 4.361411 8.101635 
0.071356 1.149692 0.072547 4.350590 8.077595 
0.070997 0.070730 1.679781 4.370272 8.065949 
0.066382 0.068814 0.066410 5.711766 7.151748 
0.959991 0.070811 0.070694 0.084204 9.026991 
0.536461 1.016599 0.072579 0.079985 9.496535 
0.067610 1.864336 0.069410 0.069215 9.001882 
0.536053 0.072043 1.478700 0.072702 9.510767 
0.071432 1.025354 1.477681 0.073106 9.495610 
0.069915 0.067713 2.758728 0.070515 9.005321 
0.538038 0.066928 0.066697 1.971249 9.488702 
0.071046 1.010801 0.080208 1.944287 9.503219 
0.069044 0.075992 1.479959 1.943138 9.502070 
0.066334 0.066905 0.066336 3.643483 9.010956 
0.453463 0.068052 0.067813 0.069458 9.879632 
0.067703 0.855079 0.067879 0.070618 9.871268 
0.071078 0.069809 1.255844 0.082608 9.872443 
0.065022 0.064971 0.065023 1.649512 9.866849 
0.066001 0.071019 0.066000 0.066399 10.065992 
