2.006918 0.006940 0.007030 0.008497 0.011760 
1.969933 0.786879 0.008314 0.009376 0.012965 
1.799235 1.786311 0.007832 0.010761 0.008081 
1.422453 2.839501 0.009213 0.009885 0.013243 
0.898839 3.601082 0.014388 0.014662 0.014833 
0.395324 3.931587 0.008544 0.011219 0.007726 
0.006777 4.006358 0.006862 0.009696 0.015205 
1.969218 0.011054 1.172147 0.008560 0.007491 
1.905691 0.952874 1.425466 0.031260 0.020963 
1.623719 2.136193 1.638747 0.019077 0.016645 
1.078615 3.229582 1.615709 0.015927 0.017880 
0.483597 3.792948 1.429438 0.019757 0.023458 
0.007067 3.928325 1.188300 0.030322 0.008455 
1.794680 0.005451 2.685458 0.008347 0.015288 
1.616766 1.076911 3.223652 0.014482 0.014093 
1.173228 2.334517 3.500605 0.025974 0.023747 
0.548899 3.245851 3.245826 0.031907 0.037533 
0.006830 3.582509 2.694839 0.010664 0.009502 
1.422665 0.009353 4.245280 0.010134 0.010072 
1.083098 1.084039 4.840201 0.019691 0.019587 
0.540391 2.149108 4.836976 0.015092 0.015256 
0.005944 2.834487 4.248310 0.015039 0.006433 
0.900102 0.008178 5.378468 0.008693 0.008821 
0.477492 0.951286 5.684933 0.018157 0.016992 
0.009729 1.802070 5.373404 0.015326 0.009630 
0.399302 0.009219 5.893963 0.011600 0.009430 
0.005111 0.795686 5.886469 0.009569 0.012580 
0.004590 0.004448 6.004425 0.008273 0.004979 
1.965962 0.005159 0.005232 1.580097 0.009082 
1.894955 0.948205 0.015007 1.898892 0.010462 
1.619259 2.151782 0.014813 2.146186 0.014998 
1.074073 3.218990 0.013466 2.154852 0.009900 
0.476876 3.784659 0.011370 1.893914 0.011516 
0.006843 3.929326 0.008846 1.571786 0.006852 
1.897678 0.013819 1.429306 1.880430 0.012214 
1.746979 1.157601 1.740079 2.322428 0.015789 
1.280696 2.564167 1.916261 2.561958 0.026346 
0.579932 3.494158 1.706665 2.304548 0.016385 
0.012288 3.789378 1.410379 1.871427 0.022313 
1.613942 0.010276 3.214317 2.145211 0.019053 
1.294020 1.271710 3.849316 2.535800 0.029400 
0.645185 2.550149 3.820248 2.546452 0.019138 
0.007635 3.216305 3.224621 2.109656 0.012678 
1.082220 0.019500 4.842033 2.154794 0.019107 
0.590776 1.175099 5.237877 2.337547 0.028020 
0.009679 2.150254 4.815369 2.155077 0.010228 
0.478229 0.010968 5.670789 1.892709 0.010712 
0.012506 0.976513 5.664009 1.882941 0.015912 
0.006742 0.006946 5.889938 1.572516 0.006367 
1.795680 0.006792 0.006863 3.583989 0.009960 
1.618095 1.075748 0.016401 4.313030 0.016568 
1.169204 2.328955 0.020663 4.654421 0.020353 
0.541426 3.234120 0.017962 4.288467 0.018091 
0.009784 3.592137 0.009608 3.567166 0.010383 
1.614721 0.013378 1.616653 4.298881 0.012886 
1.299583 1.296288 1.931629 5.157744 0.051997 
0.649487 2.618437 1.908184 5.177826 0.061827 
0.010064 3.222850 1.621804 4.262702 0.011005 
1.169043 0.016518 3.473983 4.647184 0.015639 
0.651799 1.294805 3.863397 5.157124 0.049899 
0.028365 2.339182 3.508128 4.621699 0.028605 
0.545841 0.017463 4.830930 4.299020 0.017202 
0.005688 1.075522 4.816540 4.280254 0.008324 
0.007029 0.006719 5.374864 3.580182 0.022690 
1.423165 0.008521 0.010330 5.663155 0.015297 
1.091364 1.089365 0.032648 6.477722 0.031831 
0.543037 2.154126 0.014247 6.433333 0.016941 
0.008442 2.837982 0.007589 5.660417 0.023185 
1.085686 0.020981 1.621241 6.445967 0.032584 
0.589033 1.163702 1.739208 6.962321 0.020894 
0.011223 2.151638 1.612208 6.423436 0.012041 
0.542502 0.016452 3.228423 6.435836 0.016492 
0.013086 1.082266 3.229511 6.418814 0.013067 
0.010568 0.010350 4.262872 5.653568 0.011055 
0.903553 0.009475 0.009597 7.164297 0.012380 
0.480618 0.949379 0.018638 7.573983 0.018264 
0.008895 1.805280 0.009052 7.155701 0.009191 
0.476472 0.007347 1.431588 7.548549 0.013606 
0.011822 0.947175 1.401415 7.566124 0.017953 
0.009718 0.010601 2.691187 7.164607 0.033807 
0.396283 0.007729 0.007964 7.854350 0.016543 
0.007329 0.796622 0.007279 7.849923 0.015228 
0.007000 0.006710 1.187052 7.850100 0.009370 
0.005489 0.005233 0.005453 8.005221 0.008955 
1.967702 0.006406 0.006477 0.007127 1.962738 
1.896227 0.942360 0.010330 0.010898 2.375262 
1.613966 2.143490 0.013112 0.011364 2.665017 
1.080023 3.230777 0.015394 0.017140 2.669276 
0.477097 3.778567 0.012791 0.013044 2.361003 
0.007690 3.931997 0.007405 0.008496 1.938777 
1.894227 0.017598 1.415046 0.009090 2.372012 
1.748186 1.163792 1.748640 0.017073 2.919822 
1.276615 2.544244 1.897976 0.010820 3.140477 
0.582813 3.479874 1.745749 0.012155 2.885972 
0.007674 3.781337 1.416265 0.009278 2.346410 
1.607863 0.009096 3.231606 0.015447 2.698554 
1.275743 1.269214 3.832173 0.015776 3.166869 
0.645607 2.573689 3.852314 0.037535 3.194754 
0.013325 3.227729 3.208115 0.019750 2.671577 
1.082830 0.012426 4.822204 0.012780 2.662368 
0.586079 1.163232 5.216880 0.010723 2.857923 
0.007377 2.150507 4.815745 0.007850 2.664850 
0.475914 0.005114 5.665236 0.005334 2.343217 
0.006242 0.944698 5.665701 0.006428 2.356244 
0.006067 0.006249 5.890521 0.011662 1.958881 
1.893111 0.008106 0.006286 1.875061 2.357921 
1.753990 1.174369 0.023507 2.341239 2.932118 
1.281525 2.548874 0.023167 2.537254 3.170345 
0.586411 3.489925 0.018143 2.332949 2.883518 
0.007106 3.782773 0.007087 1.876276 2.337428 
1.739924 0.010163 1.737834 2.334561 2.870814 
1.465257 1.457062 2.191260 2.925370 3.619827 
0.723068 2.876767 2.151225 2.854654 3.568356 
0.009374 3.474752 1.740437 2.291338 2.919598 
1.294043 0.030734 3.841370 2.553305 3.154196 
0.718030 1.439836 4.301938 2.853221 3.579471 
0.022782 2.556777 3.821492 2.550558 3.151967 
0.580864 0.010229 5.209090 2.303631 2.892354 
0.019048 1.189364 5.209665 2.327334 2.891370 
0.009009 0.012062 5.670930 1.882240 2.342925 
1.612402 0.009357 0.009744 4.298618 2.654981 
1.274630 1.270036 0.015407 5.102902 3.160659 
0.653981 2.583467 0.052634 5.159695 3.234446 
0.007990 3.218341 0.008864 4.282503 2.659828 
1.276759 0.011696 1.904274 5.073796 3.166166 
0.731340 1.450102 2.170022 5.799643 3.596281 
0.013874 2.547685 1.902082 5.084305 3.143796 
0.643536 0.019912 3.833516 5.072739 3.172207 
0.015029 1.280991 3.812434 5.073619 3.167431 
0.010325 0.010306 4.826828 4.281927 2.658375 
1.083455 0.013755 0.013847 6.435965 2.643534 
0.587712 1.171940 0.029325 6.988582 2.908067 
0.015642 2.165876 0.015834 6.419382 2.664512 
0.592033 0.025368 1.756100 6.968593 2.910604 
0.020164 1.190603 1.727853 6.950430 2.897192 
0.016736 0.012688 3.232366 6.429384 2.633648 
0.477203 0.010090 0.010499 7.552437 2.388802 
0.009602 0.956850 0.010751 7.553472 2.347210 
0.009036 0.009007 1.427937 7.554477 2.343051 
0.006748 0.006746 0.008413 7.851667 1.966182 
1.796463 0.006276 0.006113 0.006962 4.462558 
1.614556 1.072781 0.010436 0.015834 5.355667 
1.168098 2.326993 0.016894 0.017124 5.802837 
0.543929 3.218284 0.009914 0.013697 5.350816 
0.007719 3.589893 0.007751 0.008692 4.457038 
1.612542 0.007581 1.614565 0.011215 5.338000 
1.292554 1.282446 1.921590 0.035878 6.432848 
0.639736 2.547969 1.906888 0.013906 6.344310 
0.013827 3.228497 1.605821 0.013775 5.331333 
1.163963 0.010734 3.482489 0.010765 5.778720 
0.640734 1.274870 3.850068 0.026472 6.335151 
0.008346 2.321648 3.470846 0.009592 5.774140 
0.539435 0.015850 4.829206 0.015705 5.380010 
0.014174 1.096159 4.828650 0.030924 5.333158 
0.008106 0.009470 5.379346 0.009182 4.463942 
1.616105 0.009415 0.010147 2.131617 5.328970 
1.283843 1.267245 0.022462 2.537107 6.389026 
0.642983 2.563597 0.028650 2.556339 6.364023 
0.009107 3.222033 0.007920 2.149842 5.323506 
1.281469 0.017303 1.920106 2.547052 6.328977 
0.718223 1.440055 2.134741 2.849202 7.092928 
0.029927 2.583108 1.927048 2.527683 6.315173 
0.646553 0.027143 3.835717 2.530900 6.374050 
0.015553 1.287222 3.821211 2.521030 6.328006 
0.013043 0.012552 4.838016 2.165414 5.311346 
1.164686 0.008661 0.011292 4.623995 5.779231 
0.641807 1.282627 0.019648 5.093235 6.350999 
0.012125 2.326704 0.015185 4.622877 5.782355 
0.645307 0.014917 1.929797 5.080700 6.320765 
0.016958 1.307071 1.888393 5.106013 6.288055 
0.014169 0.013732 3.479359 4.640404 5.773149 
0.538169 0.010801 0.012907 6.434628 5.355540 
0.021488 1.083418 0.021892 6.455542 5.338332 
0.014611 0.014078 1.627588 6.427479 5.352586 
0.008643 0.008874 0.012806 7.164489 4.479683 
1.424740 0.010385 0.010449 0.010012 7.073740 
1.085349 1.082095 0.015407 0.014880 8.024076 
0.546692 2.174145 0.030967 0.029292 8.063422 
0.007518 2.838883 0.006407 0.008398 7.066807 
1.081706 0.015051 1.618642 0.013614 8.030352 
0.591023 1.169704 1.750031 0.024815 8.706775 
0.007184 2.149528 1.604058 0.007963 8.020283 
0.542536 0.008973 3.222131 0.008969 8.021583 
0.008762 1.084152 3.206940 0.010331 8.031018 
0.007663 0.007466 4.254712 0.008542 7.070729 
1.077310 0.009869 0.009880 2.142488 8.035002 
0.579328 1.165591 0.012806 2.303498 8.688777 
0.009186 2.156292 0.010082 2.161576 8.005866 
0.589884 0.019115 1.756010 2.299901 8.693962 
0.023011 1.183192 1.790593 2.296479 8.672309 
0.010685 0.010605 3.228826 2.103464 8.034748 
0.541406 0.011581 0.011709 4.299154 8.025763 
0.012517 1.078663 0.012858 4.313158 8.012290 
0.011621 0.011658 1.606283 4.301067 8.014987 
0.008718 0.009405 0.008562 5.675069 7.067540 
0.906234 0.009937 0.009814 0.014353 8.949063 
0.479754 0.958972 0.010710 0.010791 9.437840 
0.011481 1.805644 0.011358 0.011727 8.948747 
0.479395 0.010190 1.435100 0.010385 9.436321 
0.007750 0.954652 1.417041 0.008156 9.435311 
0.006782 0.006645 2.703295 0.009561 8.939734 
0.478667 0.007824 0.008196 1.892587 9.435230 
0.013454 0.964502 0.013747 1.923127 9.428679 
0.009918 0.009852 1.435096 1.887461 9.435681 
0.012589 0.005996 0.019851 3.607744 8.935089 
0.399834 0.005844 0.006243 0.006050 9.809642 
0.006650 0.798771 0.006923 0.006904 9.808546 
0.007184 0.006667 1.200570 0.006782 9.806655 
0.006754 0.006544 0.008332 1.582735 9.810483 
0.004518 0.004442 0.004368 0.004368 10.004368 
