2.052067 0.052370 0.052233 0.052469 0.053391 0.052752 0.053456 0.054189 
1.842529 1.842661 0.053734 0.058000 0.060392 0.054153 0.058629 0.058637 
0.944844 3.631499 0.053101 0.054857 0.054204 0.053158 0.053233 0.054657 
0.051181 4.050164 0.051548 0.054493 0.052136 0.055020 0.055093 0.055109 
1.841818 0.053166 2.737316 0.053543 0.055249 0.053167 0.056995 0.058054 
1.204901 2.366863 3.513877 0.052300 0.054007 0.052406 0.052704 0.057338 
0.051721 3.627914 2.735702 0.051046 0.052736 0.051660 0.054288 0.055025 
0.949067 0.053107 5.415281 0.052573 0.054506 0.055435 0.056086 0.057947 
0.051598 1.837385 5.420273 0.056899 0.052776 0.051960 0.055359 0.057153 
0.051081 0.051641 6.051078 0.051250 0.056833 0.051108 0.052361 0.051106 
1.843005 0.054254 0.054173 3.631629 0.056250 0.055918 0.055560 0.056304 
1.207289 2.356457 0.051590 4.675390 0.053657 0.051682 0.056074 0.056605 
0.053387 3.628078 0.054158 3.637167 0.056983 0.055987 0.053416 0.057869 
1.206073 0.051608 3.509339 4.679297 0.053647 0.051822 0.054774 0.053492 
0.054041 2.356932 3.524322 4.674942 0.055146 0.056673 0.057275 0.060477 
0.051095 0.051019 5.414851 3.635995 0.052280 0.051704 0.052433 0.056142 
0.944126 0.054548 0.053712 7.212877 0.054326 0.054855 0.053468 0.054544 
0.051198 1.839005 0.052197 7.207494 0.052389 0.054556 0.054958 0.056894 
0.049806 0.049659 2.731492 7.206035 0.050931 0.049690 0.053493 0.052005 
0.051133 0.052444 0.051008 8.051007 0.052152 0.051665 0.051589 0.053939 
1.841820 0.051762 0.053933 0.052141 4.511837 0.051811 0.051929 0.056682 
1.207706 2.365736 0.053009 0.052988 5.817334 0.056728 0.054923 0.058107 
0.052528 3.631378 0.052013 0.054368 4.512959 0.054075 0.055229 0.066137 
1.206275 0.055460 3.528120 0.053418 5.816880 0.056651 0.056539 0.058328 
0.053067 2.361860 3.523257 0.052969 5.816446 0.056216 0.056103 0.057939 
0.050924 0.051004 5.417855 0.051086 4.521831 0.051187 0.054722 0.056591 
1.206144 0.055348 0.053952 4.672647 5.830942 0.056524 0.054844 0.057470 
0.053243 2.361450 0.056996 4.670926 5.828077 0.053934 0.056348 0.052706 
0.049970 0.051054 3.518362 4.670940 5.813594 0.051305 0.050120 0.055131 
0.050819 0.050986 0.053791 7.211049 4.510876 0.054648 0.052959 0.056452 
0.948258 0.050566 0.050603 0.051267 8.985796 0.052737 0.053468 0.054573 
0.050754 1.848078 0.050543 0.052102 8.983745 0.051364 0.054252 0.053317 
0.051376 0.051104 2.737132 0.051124 8.993082 0.054463 0.054429 0.060097 
0.050506 0.050494 0.050493 3.625961 8.996163 0.052868 0.057366 0.053409 
0.049874 0.049879 0.050962 0.049883 10.049873 0.049904 0.051181 0.049902 
1.839889 0.051568 0.050992 0.053767 0.052333 5.409615 0.053524 0.059493 
1.205988 2.360687 0.051422 0.051565 0.051863 6.979482 0.052634 0.058324 
0.052712 3.631127 0.052760 0.052545 0.054104 5.411386 0.055930 0.061264 
1.210611 0.053422 3.499794 0.054719 0.051194 6.981600 0.056081 0.053946 
0.052124 2.366684 3.514423 0.059260 0.051862 6.964755 0.053321 0.054534 
0.051958 0.052020 5.421389 0.052089 0.057429 5.407019 0.055769 0.057651 
1.204131 0.053447 0.052580 4.687352 0.053577 6.974856 0.055603 0.057723 
0.051893 2.362941 0.051461 4.669707 0.052457 6.973736 0.054484 0.056568 
0.053791 0.058070 3.514345 4.664892 0.063025 7.000574 0.058053 0.059473 
0.052541 0.054046 0.052619 7.208676 0.054255 5.416822 0.052685 0.056173 
1.207997 0.054701 0.051909 0.052082 5.816567 6.981938 0.052455 0.053845 
0.051223 2.366399 0.050944 0.052689 5.818629 6.967437 0.054787 0.052943 
0.051812 0.051835 3.518863 0.052286 5.814621 6.986930 0.053120 0.054032 
0.050868 0.050771 0.050757 4.670458 5.810011 6.994629 0.050770 0.057790 
0.049865 0.051206 0.049861 0.049881 8.988399 5.430090 0.052812 0.052664 
0.947264 0.050991 0.050572 0.052102 0.051374 10.776265 0.053519 0.059487 
0.051348 1.844793 0.050289 0.050312 0.051094 10.774534 0.054668 0.059207 
0.051094 0.052686 2.743077 0.055365 0.051201 10.775491 0.052895 0.056696 
0.050503 0.050836 0.051652 3.621922 0.051055 10.788334 0.054372 0.056147 
0.051019 0.051004 0.052961 0.051084 4.516615 10.788040 0.051101 0.056905 
0.049594 0.049808 0.049594 0.049602 0.049600 12.049593 0.049677 0.054711 
1.840692 0.051437 0.051806 0.053224 0.052451 0.053456 6.305220 0.056363 
1.206287 2.372063 0.055873 0.055797 0.056164 0.056337 8.142236 0.059767 
0.051684 3.626232 0.051054 0.050778 0.053245 0.051140 6.327280 0.059693 
1.209283 0.054906 3.516461 0.055987 0.055999 0.056795 8.139431 0.058333 
0.051524 2.360908 3.511717 0.055272 0.053154 0.054850 8.142838 0.060745 
0.052199 0.050493 5.416886 0.050444 0.055806 0.052318 6.311072 0.056094 
1.202211 0.052960 0.052472 4.679717 0.052379 0.054383 8.143354 0.054083 
0.051226 2.361580 0.055034 4.665657 0.053397 0.051499 8.138172 0.056908 
0.051067 0.051093 3.516663 4.665540 0.053315 0.051381 8.138054 0.056791 
0.051298 0.052908 0.053682 7.208429 0.052460 0.051657 6.306270 0.060433 
1.206793 0.051982 0.052040 0.054044 5.812764 0.053864 8.151420 0.053903 
0.051790 2.368620 0.053346 0.052789 5.806821 0.052464 8.133770 0.057422 
0.051494 0.051555 3.523224 0.051586 5.816607 0.052967 8.128309 0.053619 
0.051661 0.051661 0.057219 4.664901 5.829069 0.054369 8.138812 0.057237 
0.050740 0.050757 0.050778 0.052380 8.989428 0.050965 6.327278 0.059825 
1.207111 0.052780 0.052780 0.053603 0.053387 6.963754 8.156735 0.058473 
0.053629 2.367203 0.052273 0.054242 0.053257 6.955605 8.143534 0.057819 
0.052625 0.052630 3.513654 0.054727 0.053758 6.979595 8.144128 0.054940 
0.051130 0.051149 0.051188 4.681183 0.051924 6.959842 8.137025 0.056168 
0.050954 0.050915 0.050969 0.050913 5.821549 6.978912 8.138063 0.053734 
0.050264 0.051892 0.051403 0.050264 0.050609 10.774715 6.331450 0.055868 
0.944836 0.054341 0.052319 0.052089 0.052586 0.052260 12.579896 0.058040 
0.051062 1.839757 0.051069 0.052187 0.051396 0.051016 12.572679 0.056796 
0.050740 0.050995 2.734763 0.050821 0.057585 0.052089 12.571839 0.059887 
0.051178 0.051346 0.051183 3.620474 0.052123 0.052624 12.580506 0.056759 
0.050511 0.050544 0.050546 0.051334 4.512125 0.052396 12.579844 0.056480 
0.050644 0.050644 0.050645 0.052669 0.050696 5.409172 12.577307 0.055853 
0.049514 0.050558 0.049624 0.049889 0.049512 0.052807 14.049509 0.057187 
1.842471 0.053170 0.053526 0.054845 0.054199 0.053109 0.057320 7.199895 
1.208117 2.365113 0.051757 0.051253 0.052057 0.051576 0.052284 9.251841 
0.055028 3.635382 0.054566 0.056100 0.054554 0.056621 0.057842 7.180736 
1.205478 0.053835 3.523598 0.053681 0.054840 0.053903 0.056101 9.293552 
0.053567 2.366385 3.514263 0.055986 0.055964 0.056217 0.053057 9.277941 
0.051736 0.052240 5.426382 0.055575 0.052176 0.051761 0.053372 7.163877 
1.207408 0.055134 0.051615 4.674911 0.056584 0.060879 0.054155 9.268312 
0.052137 2.364835 0.051626 4.677326 0.056862 0.054365 0.054622 9.260020 
0.054286 0.053977 3.523326 4.673563 0.055444 0.056392 0.054924 9.274752 
0.051065 0.051169 0.053886 7.216489 0.052970 0.054160 0.054541 7.166310 
1.210040 0.054747 0.054701 0.057388 5.831340 0.054866 0.054599 9.280362 
0.053012 2.359352 0.055431 0.052493 5.820706 0.053433 0.053567 9.308007 
0.051796 0.051841 3.515207 0.054298 5.823380 0.054921 0.055136 9.294299 
0.049929 0.051415 0.049990 4.679337 5.820136 0.051714 0.054440 9.271549 
0.050496 0.051325 0.050522 0.050495 9.000615 0.051316 0.053283 7.187167 
1.207985 0.051144 0.050910 0.050726 0.051916 6.990989 0.051181 9.251495 
0.051012 2.358651 0.051024 0.050850 0.051225 6.987582 0.051929 9.283328 
0.052635 0.056977 3.529493 0.053767 0.053692 6.982538 0.055089 9.253379 
0.050733 0.050716 0.052018 4.677391 0.051447 6.976005 0.052498 9.276437 
0.051608 0.051775 0.051613 0.054976 5.833940 6.979337 0.052946 9.275693 
0.051237 0.051254 0.053384 0.053836 0.051244 10.781387 0.055094 7.214580 
1.207221 0.053735 0.053794 0.061498 0.054007 0.054699 8.149921 9.277496 
0.052611 2.363451 0.054015 0.052279 0.053158 0.053997 8.155884 9.257455 
0.051769 0.058426 3.525851 0.054120 0.053484 0.053790 8.132603 9.265008 
0.050959 0.051020 0.053505 4.675484 0.051411 0.052707 8.149435 9.259249 
0.049978 0.049999 0.049979 0.053455 5.831561 0.051965 8.149781 9.255251 
0.050756 0.050756 0.050758 0.050841 0.050862 6.977318 8.137561 9.286090 
0.049888 0.049912 0.049925 0.050836 0.049897 0.049946 12.578296 7.190597 
0.950165 0.051678 0.051789 0.056047 0.052578 0.053359 0.052264 14.346022 
0.051681 1.848451 0.051746 0.055667 0.052339 0.053117 0.053305 14.345779 
0.050931 0.051175 2.742673 0.051106 0.051529 0.050935 0.052228 14.350458 
0.051063 0.051081 0.052231 3.645294 0.053648 0.051076 0.051654 14.345326 
0.051195 0.051192 0.051192 0.052007 4.524801 0.056175 0.052159 14.360845 
0.049812 0.051146 0.051273 0.049744 0.049746 5.423221 0.051212 14.355932 
0.050907 0.050908 0.050907 0.050907 0.051194 0.050907 6.327206 14.352980 
0.049239 0.049239 0.049245 0.049265 0.049256 0.049245 0.049239 16.049239 
1.977487 0.478823 0.706253 0.849478 1.209081 1.266082 1.462288 1.516052 
1.426445 2.753347 0.734352 1.163137 1.477851 1.659833 1.943227 2.101678 
0.238247 3.913334 0.703878 0.859821 1.162465 1.272323 1.424033 1.596162 
1.391187 0.578835 4.090913 1.186878 1.420690 1.638512 1.909826 2.081487 
0.310855 2.732110 4.071044 1.179756 1.396071 1.631642 1.887507 2.201413 
0.259005 0.476632 5.814453 0.907423 1.091552 1.305984 1.534281 1.722096 
1.403415 0.587056 0.817836 5.460511 1.394554 1.638826 1.941650 2.190883 
0.312237 2.729453 0.863298 5.422850 1.395773 1.631681 1.887561 2.174585 
0.313498 0.579452 4.091146 5.418525 1.321847 1.631372 1.912810 2.164531 
0.255559 0.472641 0.687745 7.776877 1.069013 1.272322 1.449542 1.703016 
1.392421 0.559491 0.835467 1.120703 6.745295 1.654318 1.912417 2.188134 
0.324235 2.795479 0.876150 1.117027 6.879643 1.579684 2.043898 2.213222 
0.285272 0.524780 4.103059 1.154153 6.771492 1.472806 1.907945 2.175952 
0.326694 0.591950 0.878787 5.442814 6.790863 1.583554 1.994896 2.219565 
0.275651 0.453500 0.699354 0.837351 9.693978 1.391629 1.657375 1.697198 
1.395342 0.593381 0.865519 1.083869 1.392984 8.061776 1.942450 2.300002 
0.296629 2.751776 0.758562 1.081435 1.353125 8.105095 1.860386 2.217365 
0.307648 0.542642 4.098349 1.138585 1.449348 8.088552 1.937123 2.225054 
0.316695 0.579603 0.859832 5.437661 1.385229 8.062615 1.917156 2.200804 
0.317807 0.576101 0.854260 1.118409 6.753440 8.062068 1.924287 2.186016 
0.260848 0.474686 0.721055 0.929444 1.122359 11.577108 1.522058 1.697772 
1.392116 0.567481 0.868608 1.105901 1.375021 1.661740 9.451825 2.210312 
0.315140 2.724573 0.859701 1.127551 1.384489 1.678096 9.403486 2.213488 
0.318981 0.573354 4.071609 1.120831 1.379228 1.610093 9.422359 2.172175 
0.321373 0.581649 0.832102 5.426984 1.381720 1.662106 9.413421 2.193197 
0.322334 0.582271 0.841054 1.106104 6.725782 1.660878 9.484588 2.248376 
0.316913 0.575236 0.873878 1.105767 1.359455 8.074046 9.421254 2.240839 
0.249180 0.450403 0.655016 0.925452 1.072611 1.259835 13.543282 1.774079 
1.391473 0.589369 0.855496 1.123738 1.370584 1.633312 1.936151 10.841294 
0.314575 2.754874 0.837337 1.097224 1.371332 1.654660 1.935945 10.816138 
0.321361 0.589149 4.069982 1.109774 1.403957 1.661379 1.954876 10.760838 
0.305999 0.572284 0.807038 5.408421 1.406191 1.642222 1.933813 10.800623 
0.315992 0.587178 0.841958 1.103671 6.736468 1.654181 1.937955 10.780977 
0.311178 0.574404 0.826191 1.079213 1.365099 8.112990 1.975438 10.791163 
0.314725 0.586378 0.845816 1.117730 1.410401 1.699173 9.450522 10.757506 
0.264949 0.473280 0.683811 0.898530 1.132995 1.340488 1.604800 15.418703 
