2.371619 0.372481 0.376395 0.371711 0.378247 0.371903 0.371971 0.373921 
2.201886 1.890335 0.359581 0.355183 0.355258 0.355455 0.357672 0.360223 
1.198754 3.882803 0.305336 0.305381 0.304737 0.304938 0.305446 0.318781 
0.259869 4.258365 0.262174 0.261393 0.258605 0.259907 0.263911 0.260021 
2.224026 0.354644 2.481032 0.354020 0.353964 0.363091 0.364150 0.356223 
1.550902 2.619338 3.471149 0.307001 0.306202 0.314215 0.314180 0.331998 
0.259466 3.934951 2.617541 0.257697 0.257576 0.270380 0.258057 0.261572 
1.272285 0.307070 5.559256 0.306691 0.306127 0.313918 0.319761 0.307177 
0.211771 2.127218 5.477421 0.212259 0.220176 0.211334 0.211998 0.212236 
0.163976 0.167701 6.163969 0.167684 0.168329 0.172994 0.166717 0.165796 
2.250478 0.354331 0.357216 2.888066 0.353632 0.357943 0.364854 0.377302 
1.597444 2.645732 0.310764 4.240318 0.307853 0.307340 0.308814 0.311946 
0.261662 3.993038 0.262551 3.131022 0.266755 0.260102 0.261382 0.260477 
1.649618 0.304810 3.535642 4.367016 0.312524 0.305119 0.305292 0.328536 
0.212303 2.786047 3.619132 4.317059 0.216213 0.222063 0.212970 0.240496 
0.164341 0.164396 5.647683 3.412027 0.169928 0.165524 0.164787 0.166037 
1.371685 0.304564 0.305192 7.070415 0.305438 0.305117 0.307537 0.305661 
0.213732 2.297499 0.214777 7.042272 0.220945 0.221622 0.214859 0.223676 
0.119545 0.122744 3.029167 7.115808 0.130498 0.119528 0.163370 0.132288 
0.070871 0.070874 0.075663 8.070798 0.077232 0.073302 0.127376 0.085306 
2.251581 0.354950 0.358659 0.354216 3.515133 0.354410 0.354481 0.356430 
1.614859 2.679174 0.307534 0.306262 4.994068 0.314188 0.306581 0.307140 
0.255452 3.988646 0.259250 0.258501 3.844242 0.255635 0.255705 0.280028 
1.652870 0.305770 3.638462 0.305261 5.176734 0.305787 0.307060 0.308160 
0.211321 2.788081 3.653587 0.221874 5.269418 0.219072 0.216944 0.213892 
0.170036 0.173032 5.665891 0.170484 4.181864 0.173393 0.170221 0.191385 
1.693472 0.306253 0.308193 4.401226 5.374054 0.306388 0.308166 0.311845 
0.213806 2.890215 0.214698 4.567390 5.271252 0.222372 0.215441 0.217161 
0.119392 0.120184 3.870313 4.610455 5.541788 0.126787 0.139491 0.137365 
0.078109 0.078114 0.083403 7.291769 4.401563 0.078682 0.079486 0.080670 
1.395657 0.310764 0.312891 0.310860 8.709794 0.319981 0.313499 0.311557 
0.212620 2.343605 0.213055 0.212631 8.674876 0.216367 0.215374 0.218399 
0.113738 0.118346 3.054846 0.125148 8.829865 0.121129 0.113981 0.127801 
0.035320 0.035323 0.038464 3.735098 8.901649 0.038794 0.048695 0.040803 
0.037047 0.037139 0.037190 0.051084 10.037029 0.044530 0.037702 0.041928 
2.237481 0.356120 0.358978 0.355401 0.355379 4.413199 0.359911 0.379478 
1.621751 2.692397 0.308683 0.308158 0.309946 5.846628 0.309723 0.308410 
0.257657 3.999017 0.258881 0.258382 0.260796 4.500757 0.259302 0.263348 
1.647890 0.303519 3.624307 0.303047 0.304922 6.198277 0.305963 0.305901 
0.209078 2.795440 3.639218 0.208017 0.211606 6.260952 0.210534 0.209480 
0.165663 0.177646 5.657128 0.168839 0.170717 4.999981 0.170380 0.166358 
1.702516 0.305015 0.304484 4.360788 0.306603 6.345459 0.304238 0.328310 
0.211931 2.902328 0.213271 4.431474 0.215307 6.438107 0.213515 0.237313 
0.114947 0.117337 3.843598 4.624071 0.117373 6.644422 0.127116 0.135908 
0.080186 0.080188 0.084843 7.259190 0.087263 5.375373 0.080746 0.094653 
1.721013 0.303827 0.304668 0.303818 5.307018 6.273708 0.306773 0.308710 
0.212954 2.933872 0.213794 0.220435 5.341800 6.496576 0.227175 0.228989 
0.124249 0.125063 3.886464 0.129187 5.657415 6.704186 0.124772 0.133588 
0.034452 0.035970 0.050251 4.787697 5.706012 6.877591 0.035476 0.046587 
0.036445 0.037415 0.042150 0.043406 8.983886 5.395308 0.037780 0.070925 
1.383750 0.305530 0.306165 0.305511 0.307305 10.411961 0.306179 0.306480 
0.210249 2.312330 0.210769 0.209989 0.212266 10.418778 0.211920 0.235936 
0.118317 0.122934 3.126925 0.119448 0.119463 10.500610 0.119756 0.118705 
0.033678 0.033760 0.046404 3.734545 0.040089 10.672377 0.039743 0.038007 
0.029245 0.029275 0.029563 0.029250 4.505886 10.759662 0.033909 0.031623 
0.036526 0.036580 0.036845 0.038208 0.036525 12.036520 0.038001 0.041720 
2.243348 0.357402 0.357844 0.356706 0.359834 0.356696 5.000840 0.357932 
1.609595 2.674288 0.305560 0.305194 0.305182 0.305301 6.927531 0.307420 
0.257176 4.008383 0.259416 0.263859 0.260994 0.258048 5.114359 0.297896 
1.668454 0.305483 3.580663 0.305300 0.307866 0.305468 7.121863 0.328136 
0.211185 2.789080 3.679001 0.211305 0.213640 0.218011 7.217733 0.363252 
0.161186 0.173871 5.649466 0.168175 0.169338 0.162338 5.818405 0.165329 
1.694384 0.304624 0.306697 4.415948 0.305006 0.304892 7.345728 0.305531 
0.215164 2.903635 0.216371 4.451997 0.218412 0.221674 7.456005 0.220199 
0.118238 0.121352 3.858792 4.639086 0.120571 0.123039 7.682571 0.140416 
0.072488 0.072507 0.073013 7.266091 0.082280 0.083385 6.197967 0.077219 
1.714400 0.306825 0.307245 0.306339 5.272532 0.313400 7.412408 0.307486 
0.214143 2.908675 0.214854 0.214191 5.492422 0.217361 7.455508 0.219470 
0.120394 0.129853 3.886660 0.123414 5.618047 0.123304 7.835291 0.139876 
0.041283 0.041285 0.043998 4.795165 5.730866 0.057421 7.999986 0.054091 
0.037804 0.037898 0.038706 0.038782 8.985646 0.064026 6.288684 0.038233 
1.707418 0.304762 0.307797 0.304954 0.306270 6.310723 7.409665 0.309513 
0.212349 2.914724 0.214267 0.218183 0.217038 6.535744 7.429726 0.247426 
0.117493 0.120714 3.933043 0.122253 0.117826 6.693669 7.724961 0.149429 
0.033194 0.033769 0.036589 4.793561 0.038153 6.852579 7.989315 0.037380 
0.039465 0.039746 0.039397 0.050958 5.820191 6.965148 8.114858 0.042403 
0.028689 0.029365 0.038026 0.028664 0.041626 10.744478 6.329709 0.028972 
1.419409 0.304135 0.306138 0.304601 0.304114 0.304119 11.924824 0.309480 
0.213639 2.342915 0.215837 0.213877 0.218383 0.221003 12.064859 0.219545 
0.119959 0.121636 3.124950 0.123780 0.127003 0.121273 12.237555 0.142197 
0.034090 0.034100 0.036227 3.737963 0.034154 0.039884 12.443215 0.038325 
0.036530 0.036669 0.037750 0.036703 4.543494 0.056286 12.533954 0.049411 
0.033811 0.034132 0.033786 0.043220 0.033753 5.390708 12.561301 0.055978 
0.031953 0.031964 0.031966 0.037616 0.033035 0.032042 14.031944 0.045842 
2.239993 0.356974 0.357021 0.358409 0.355706 0.355566 0.357883 5.707338 
1.594624 2.659290 0.305930 0.304227 0.304170 0.304597 0.308645 8.086156 
0.259254 3.986624 0.260025 0.257740 0.257631 0.264637 0.262392 6.040833 
1.651884 0.306013 3.621787 0.311808 0.308928 0.305937 0.306456 8.171379 
0.211358 2.763009 3.643869 0.211809 0.213789 0.218115 0.211829 8.459368 
0.168520 0.171212 5.668970 0.169799 0.168790 0.175792 0.169093 6.560181 
1.695153 0.303409 0.304152 4.424687 0.305089 0.303542 0.304862 8.307839 
0.212530 2.875999 0.215464 4.410200 0.218776 0.219174 0.219136 8.698316 
0.119296 0.125089 3.899195 4.612258 0.123977 0.124446 0.138256 8.701135 
0.070795 0.071179 0.075210 7.277577 0.073620 0.097207 0.072482 7.016841 
1.716871 0.304369 0.304754 0.303998 5.239101 0.310804 0.304316 8.419078 
0.212484 2.910211 0.211970 0.211532 5.426220 0.218978 0.235275 8.566375 
0.123677 0.123725 3.865964 0.131653 5.665191 0.124145 0.127722 8.943952 
0.045015 0.045343 0.047953 4.783464 5.825741 0.089020 0.046085 9.024705 
0.033266 0.033319 0.034349 0.034278 8.986053 0.036393 0.033841 7.161345 
1.706706 0.306301 0.308254 0.307048 0.307795 6.299901 0.317814 8.467095 
0.212054 2.867939 0.213360 0.212347 0.257185 6.509528 0.214266 8.733517 
0.121276 0.130325 3.939885 0.122818 0.120983 6.717525 0.123547 8.769081 
0.043495 0.044797 0.059774 4.782550 0.046944 6.888481 0.044763 9.146060 
0.058852 0.058962 0.058853 0.061230 5.881613 7.028694 0.080110 9.160582 
0.036498 0.037857 0.055697 0.061809 0.036471 10.811881 0.037954 7.077276 
1.705155 0.304379 0.306922 0.304312 0.305497 0.304332 7.212368 8.549159 
0.212677 2.910217 0.213059 0.219660 0.213188 0.216499 7.585523 8.481664 
0.116160 0.120069 3.858779 0.129561 0.117142 0.128772 7.835155 8.980094 
0.036854 0.037094 0.039485 4.765640 0.036943 0.044204 7.939665 9.255170 
0.043483 0.045537 0.061071 0.043490 5.833203 0.050279 8.118421 9.263422 
0.036957 0.039867 0.036942 0.036944 0.048444 6.949150 8.098796 9.319732 
0.034861 0.034872 0.034860 0.034872 0.034862 0.046501 12.547609 7.211324 
1.379792 0.304748 0.307058 0.305035 0.304743 0.305026 0.312033 13.796242 
0.211653 2.345250 0.212723 0.212911 0.215459 0.215820 0.211656 13.745157 
0.119991 0.120594 3.033130 0.120161 0.123072 0.123376 0.120849 14.107570 
0.032652 0.033394 0.037157 3.684371 0.039642 0.034208 0.036023 14.268442 
0.031723 0.032066 0.037436 0.032157 4.563925 0.040809 0.031964 14.293988 
0.035415 0.035434 0.035411 0.046895 0.035425 5.320580 0.041641 14.399976 
0.035285 0.035287 0.035283 0.035289 0.035285 0.041116 6.302087 14.342792 
0.026579 0.026587 0.026656 0.026637 0.026578 0.026735 0.026581 16.026578 
2.357333 0.424467 0.369945 0.369308 0.940769 0.647233 0.707949 1.613660 
1.756841 2.981366 0.854667 0.916390 1.160696 1.345225 1.515617 1.745039 
0.282314 4.201367 0.630013 0.867059 0.983918 1.193189 1.251406 1.600215 
1.825650 0.592334 3.952818 1.425045 1.189712 1.420645 1.853275 1.992886 
0.428257 3.114138 4.097669 0.912575 1.150574 1.341303 1.642117 1.866843 
0.376296 0.495926 6.114605 0.804660 0.921193 1.104945 1.312867 1.621014 
1.945276 0.581773 1.025916 5.061655 1.321210 1.516357 1.732656 2.130489 
0.478992 3.323872 0.892244 5.048318 1.228978 1.568710 1.641989 1.936059 
0.416912 0.714132 4.478433 5.323493 1.189306 1.437990 1.917632 1.964181 
0.355799 0.569444 0.735535 7.926487 1.113978 1.281142 1.538916 1.732348 
1.873759 0.619100 0.769545 1.132871 6.278284 1.424159 1.839205 1.771579 
0.399776 3.384480 0.759693 1.041392 6.230157 1.513858 1.896123 1.717168 
0.436316 0.645821 4.705798 0.965171 6.407698 1.556419 1.797199 2.071742 
0.459453 0.759961 0.940933 5.660173 6.761335 1.575646 1.923779 2.212988 
0.386293 0.569991 0.765808 0.972664 9.849026 1.327028 1.586048 1.858688 
1.931458 0.395876 0.908062 0.900644 1.024796 7.069613 0.336574 2.089739 
0.405517 3.309071 0.911341 1.068394 1.205210 7.227995 1.730727 2.024215 
0.425088 0.678055 4.568820 1.121157 1.306970 7.708567 1.861523 1.971041 
0.450640 0.769522 0.960091 5.608952 1.309039 8.180553 1.833076 2.142774 
0.468032 0.753251 1.020741 1.105805 6.778418 8.168893 1.916015 2.222579 
0.361457 0.587430 0.778892 0.905905 1.110509 11.727534 1.523451 1.757807 
2.053036 0.629350 0.770561 1.164595 1.235262 1.236178 8.767318 1.753457 
0.408404 3.259574 0.891643 1.036197 1.290283 1.515736 8.559216 2.073270 
0.440300 0.738536 4.491677 1.097901 1.389977 1.492904 8.968513 2.251362 
0.459717 0.735449 0.963483 5.640400 1.366440 1.645969 9.426700 2.081031 
0.453429 0.788452 0.978642 1.135980 6.794131 1.655974 9.445691 2.103915 
0.455631 0.714364 0.965852 1.124279 1.298658 8.135590 9.502197 2.186779 
0.361133 0.584666 0.807512 0.947607 1.096110 1.314373 13.581609 1.658954 
1.901564 0.643227 0.771281 1.033063 1.171998 1.343698 1.486850 9.372326 
0.449842 3.243897 0.853654 0.993482 1.475533 1.288941 1.509809 9.940351 
0.456724 0.698985 4.516297 1.099029 1.341751 1.435510 1.650453 10.196204 
0.456228 0.725298 0.980403 5.668838 1.349318 1.640578 1.984791 10.681429 
0.457596 0.733852 0.952618 1.144452 6.821177 1.633873 1.865377 10.748228 
0.441358 0.751783 1.002950 1.152643 1.372064 8.087425 1.911834 10.756312 
0.437564 0.727033 0.997535 1.178237 1.438422 1.655177 9.577368 10.721475 
0.370983 0.600750 0.803309 0.880689 1.078405 1.249882 1.602035 15.566825 
