2.222631 1.788833 0.356299 0.355747 0.355699 0.355991 0.359246 0.361238 
1.196025 3.882576 0.304079 0.304263 0.303484 0.304002 0.306997 0.309335 
1.191793 3.910351 0.551554 0.316955 0.316911 0.317608 0.320657 0.322940 
0.264299 4.262486 0.262601 0.263508 0.262785 0.263174 0.266885 0.283043 
2.240283 0.361584 2.398751 0.360231 0.363591 0.369128 0.374741 0.374062 
1.587956 2.585902 3.395407 0.307704 0.307468 0.308637 0.314388 0.307697 
0.259110 3.946387 2.584794 0.263000 0.264906 0.266132 0.270938 0.271269 
1.305271 0.306880 5.504870 0.308763 0.307441 0.307287 0.310614 0.306981 
0.206527 2.056778 5.525714 0.210072 0.206830 0.213519 0.208686 0.220994 
0.162763 0.170392 6.162718 0.164036 0.163363 0.166099 0.169293 0.213945 
2.240423 0.356822 0.355702 3.030933 0.356614 0.358742 0.378353 0.359502 
1.629604 2.627393 0.306330 4.104612 0.307579 0.310227 0.321788 0.308221 
0.262050 3.988625 0.259873 3.150686 0.260526 0.259642 0.279062 0.271270 
1.667233 0.306272 3.540500 4.270131 0.305576 0.305420 0.312818 0.309045 
0.209414 2.764814 3.642447 4.319265 0.219490 0.209434 0.212604 0.220693 
0.158228 0.159291 5.671135 3.315651 0.169622 0.169526 0.169440 0.162914 
1.381387 0.304944 0.304939 7.045777 0.304742 0.306147 0.317848 0.317291 
0.209529 2.236186 0.211468 7.106197 0.220622 0.210665 0.211589 0.213662 
0.110070 0.113441 3.024094 7.103104 0.134326 0.116896 0.116401 0.113398 
0.065891 0.065892 0.068899 8.065843 0.067376 0.070182 0.072003 0.119570 
2.259648 0.357529 0.356617 0.357738 3.428801 0.356921 0.358619 0.374941 
1.634570 2.642636 0.307799 0.308546 4.988315 0.308251 0.315115 0.308415 
0.259811 4.003265 0.260039 0.261693 3.783417 0.260630 0.262184 0.271769 
1.671776 0.307146 3.631750 0.308560 5.067372 0.315567 0.309981 0.311647 
0.213131 2.794404 3.691718 0.214290 5.180264 0.212674 0.232629 0.213007 
0.160369 0.161583 5.667714 0.161695 4.128541 0.186260 0.162982 0.203981 
1.726841 0.306206 0.305464 4.359624 5.183877 0.313669 0.309212 0.311728 
0.210366 2.918729 0.210385 4.487808 5.266180 0.211797 0.212275 0.215442 
0.109957 0.111559 3.909630 4.566098 5.482710 0.113710 0.116175 0.161136 
0.064328 0.064338 0.068720 7.302644 4.322890 0.066890 0.066269 0.084539 
1.434311 0.305807 0.305209 0.305318 8.558845 0.305730 0.309116 0.310525 
0.207747 2.359294 0.209911 0.208277 8.637293 0.208510 0.239634 0.219421 
0.112370 0.112659 3.125511 0.127014 8.759912 0.113621 0.114729 0.115969 
0.021376 0.021679 0.023320 3.759785 8.862339 0.027460 0.033589 0.031498 
0.022196 0.022320 0.022970 0.024875 10.022181 0.022652 0.030389 0.032406 
2.244500 0.356859 0.355792 0.356997 0.356670 4.302098 0.358060 0.370461 
1.639389 2.641899 0.307550 0.308212 0.308296 5.882101 0.308708 0.308308 
0.256821 4.002301 0.257544 0.259918 0.257435 4.468216 0.261183 0.273381 
1.680153 0.307002 3.571293 0.307213 0.306375 6.085273 0.313595 0.320821 
0.209159 2.759183 3.677346 0.215988 0.218129 6.315880 0.216555 0.214290 
0.159870 0.162004 5.667251 0.161137 0.160758 4.921468 0.164806 0.162901 
1.726266 0.308063 0.308144 4.396569 0.308431 6.131844 0.308928 0.308354 
0.209362 2.888168 0.209311 4.440121 0.218951 6.465177 0.217021 0.210436 
0.114629 0.115462 3.899861 4.599194 0.129460 6.551733 0.116008 0.118413 
0.063250 0.064791 0.070245 7.319256 0.084675 5.116623 0.075496 0.073429 
1.747677 0.308764 0.307987 0.308547 5.143682 6.282662 0.311874 0.313221 
0.211320 2.901436 0.216802 0.212211 5.381492 6.565345 0.217658 0.226043 
0.115749 0.117291 3.935685 0.116533 5.530480 6.703958 0.120568 0.118673 
0.026169 0.027250 0.029681 4.792150 5.694281 6.854461 0.036173 0.041320 
0.025285 0.025461 0.026391 0.026483 8.940705 5.460492 0.035321 0.041219 
1.424400 0.306125 0.305542 0.305582 0.306024 10.251707 0.312683 0.324001 
0.211776 2.360281 0.213078 0.212759 0.213905 10.331745 0.220129 0.230309 
0.113671 0.113902 3.098623 0.115698 0.114165 10.523284 0.119368 0.117037 
0.021104 0.022575 0.028453 3.739689 0.037415 10.645874 0.031364 0.042165 
0.025695 0.025698 0.026435 0.025726 4.449056 10.787882 0.033621 0.035413 
0.016520 0.017298 0.021776 0.020895 0.023952 12.016436 0.031611 0.026692 
2.251921 0.356637 0.355942 0.357207 0.356233 0.356369 4.810405 0.357039 
1.633166 2.646773 0.306752 0.307547 0.306914 0.316554 6.841099 0.306752 
0.258367 3.998250 0.259106 0.258465 0.258547 0.259008 5.223964 0.274982 
1.692006 0.304182 3.518541 0.306325 0.310051 0.303431 7.026911 0.303498 
0.205409 2.804763 3.697000 0.208414 0.214449 0.206027 7.048535 0.219781 
0.157960 0.160194 5.696009 0.159195 0.158386 0.159304 5.544605 0.162902 
1.702244 0.304493 0.303796 4.428714 0.304271 0.303823 7.235025 0.310058 
0.210232 2.896368 0.210157 4.486447 0.210827 0.210880 7.389518 0.210190 
0.115339 0.116901 3.906763 4.613927 0.116005 0.116476 7.581856 0.119390 
0.064643 0.064696 0.071679 7.305395 0.104681 0.073702 6.017278 0.081514 
1.735769 0.307158 0.306402 0.307260 5.215409 0.314193 7.280806 0.312727 
0.206657 2.932349 0.208487 0.215474 5.364299 0.209455 7.475891 0.225729 
0.111119 0.115411 3.945277 0.111789 5.526103 0.117780 7.758865 0.161553 
0.024292 0.026213 0.030743 4.781848 5.719552 0.028288 7.967897 0.037374 
0.030933 0.031183 0.032371 0.032607 8.976638 0.031339 6.287901 0.040967 
1.734077 0.308138 0.308444 0.307611 0.318554 6.252776 7.241609 0.312976 
0.209827 2.946814 0.211569 0.213148 0.216915 6.370320 7.458986 0.221748 
0.112349 0.113183 3.982258 0.125675 0.113029 6.548120 7.733720 0.115493 
0.024713 0.026108 0.029679 4.808196 0.039742 6.860000 7.919275 0.037765 
0.036336 0.036382 0.037184 0.037382 5.826075 6.937676 8.127521 0.050191 
0.028409 0.028431 0.028408 0.028442 0.039446 10.800568 6.197444 0.042325 
1.421737 0.305393 0.305509 0.305123 0.304811 0.304769 11.915683 0.316614 
0.210973 2.357097 0.211574 0.216710 0.212085 0.209979 12.019739 0.221465 
0.112544 0.113912 3.093042 0.113928 0.115085 0.114161 12.263042 0.132238 
0.021276 0.022733 0.030246 3.746639 0.031794 0.023558 12.410622 0.034429 
0.021175 0.021947 0.037753 0.021123 4.492339 0.028598 12.543607 0.037575 
0.025929 0.029927 0.050994 0.026696 0.025878 5.388732 12.549857 0.042789 
0.022283 0.022330 0.022569 0.022292 0.022497 0.022734 14.022274 0.039182 
2.246833 0.357189 0.356162 0.358175 0.357044 0.356857 0.359664 5.571226 
1.623735 2.617111 0.306309 0.307337 0.306801 0.306856 0.310063 8.017279 
0.260332 3.998208 0.260885 0.260487 0.260062 0.260521 0.269828 5.946407 
1.678182 0.305255 3.562538 0.305762 0.305644 0.305322 0.318600 8.038411 
0.209542 2.812329 3.651465 0.212518 0.209706 0.215518 0.211316 8.167274 
0.159026 0.160243 5.678877 0.160003 0.159489 0.180253 0.161008 6.430567 
1.713242 0.304788 0.304930 4.366746 0.303853 0.305507 0.310421 8.229670 
0.207282 2.856885 0.210350 4.534379 0.207517 0.216262 0.211495 8.498745 
0.110746 0.111110 3.848283 4.644256 0.111620 0.116478 0.112030 8.739304 
0.066865 0.068961 0.083750 7.277889 0.088023 0.072886 0.074512 6.994593 
1.734894 0.305168 0.304186 0.305097 5.216828 0.305710 0.329257 8.253509 
0.209648 2.905964 0.210560 0.209894 5.391625 0.209212 0.224167 8.625067 
0.114869 0.115814 3.903709 0.127794 5.523766 0.120291 0.118454 9.003799 
0.027526 0.027749 0.029272 4.846205 5.681021 0.032603 0.057611 9.043907 
0.024505 0.024573 0.024590 0.026578 8.980288 0.038137 0.035510 7.142908 
1.732830 0.306125 0.306486 0.305535 0.305314 6.253104 0.308661 8.222699 
0.216258 2.913489 0.215711 0.217660 0.215741 6.472337 0.217577 8.579179 
0.107813 0.109331 3.926716 0.109378 0.108802 6.767326 0.111087 8.677881 
0.031270 0.032773 0.036288 4.777708 0.045473 6.907117 0.037715 9.077480 
0.033508 0.036379 0.052171 0.033663 5.795878 7.017552 0.040036 9.212944 
0.024616 0.025635 0.030975 0.024929 0.031575 10.768016 0.025790 7.152510 
1.742116 0.308957 0.309121 0.308702 0.307924 0.308028 7.220288 8.178770 
0.207958 2.914696 0.208065 0.210230 0.208303 0.212753 7.484147 8.550537 
0.116689 0.117799 3.919566 0.129722 0.129686 0.117814 7.751563 8.892686 
0.031552 0.033126 0.040933 4.806696 0.045991 0.034216 8.001292 9.077436 
0.028549 0.031834 0.049449 0.028270 5.826765 0.033465 8.098943 9.239302 
0.028732 0.030014 0.035837 0.028648 0.028633 7.004775 8.048305 9.274053 
0.020675 0.022622 0.039052 0.036337 0.020747 0.020646 12.534235 7.194969 
1.434004 0.306379 0.305758 0.306438 0.305998 0.306065 0.308185 13.516524 
0.208460 2.328627 0.210144 0.209141 0.213318 0.213212 0.212326 13.772686 
0.112386 0.115826 3.130432 0.112818 0.112768 0.141191 0.127176 13.940805 
0.027103 0.027110 0.045854 3.753441 0.027885 0.030082 0.028885 14.185318 
0.022969 0.023051 0.023859 0.022962 4.497554 0.028054 0.023891 14.331830 
0.024127 0.024626 0.036679 0.024294 0.024123 5.393519 0.040340 14.332952 
0.017170 0.018914 0.035159 0.017205 0.017079 0.016994 6.287942 14.322048 
0.017164 0.017165 0.017190 0.017194 0.017164 0.017172 0.017164 16.017164 
2.346679 0.367419 0.379181 0.979960 0.400115 1.478273 1.391158 0.367787 
1.795918 2.927503 0.757340 0.815105 1.006474 0.317141 1.318277 1.674875 
0.362521 4.248246 0.754309 0.765431 1.002449 1.089046 1.534835 1.673174 
1.843507 0.575608 3.997330 1.138231 0.974163 1.376535 1.542608 1.911731 
0.341839 3.349217 3.995978 0.954358 0.922748 2.453317 1.554954 1.924078 
0.226930 0.231856 6.137565 1.013377 0.267220 1.154042 1.450920 1.493739 
1.890244 0.644258 0.708557 5.210145 1.381050 1.450355 1.619669 1.983578 
0.342494 3.378344 0.639705 5.164176 1.315616 1.385274 1.572212 0.338858 
0.442226 0.697527 4.532046 5.362388 1.322568 1.524277 1.762302 1.892810 
0.389457 0.541192 0.704032 8.010925 1.060369 1.148214 1.480545 1.709003 
1.988940 0.430161 0.695094 0.894211 5.915020 1.465033 1.726323 1.969336 
0.229586 3.440369 0.232777 0.734443 5.888964 1.320016 1.581437 1.828601 
0.435451 0.706921 4.561554 1.121260 6.376253 1.539791 1.808614 2.073723 
0.454001 0.719336 0.985439 5.650982 6.720779 1.647884 1.877581 2.174535 
0.389883 0.582418 0.777819 0.962267 9.831251 1.328450 1.505264 1.713937 
2.045294 0.492541 0.675003 0.467428 0.972380 7.095142 1.731233 2.429505 
0.229907 3.231883 0.564253 0.816774 0.922989 7.735791 1.989584 2.241959 
0.443196 0.683469 4.480197 1.041878 1.407656 7.743903 1.762629 2.098731 
0.483683 0.698386 0.961463 5.676552 1.356745 8.126089 1.856872 1.960341 
0.450041 0.739790 0.978896 1.181298 6.720511 8.193613 1.930930 2.139426 
0.351200 0.574547 0.700500 0.965252 1.090510 11.751897 1.442429 1.683130 
2.045591 0.467512 1.200427 1.103097 1.420487 1.228394 8.588320 1.740005 
0.378075 3.363827 0.896266 0.842497 1.180478 1.149621 8.348161 1.898551 
0.379855 0.587838 4.489319 1.043262 1.304479 1.571508 9.145514 2.048377 
0.451036 0.717237 0.937296 5.618003 1.281668 1.607332 9.407455 2.165481 
0.447584 0.728130 0.957460 1.159949 6.810070 1.645126 9.501978 2.088218 
0.475406 0.725328 0.983216 1.058399 1.357667 8.173591 9.516045 2.099525 
0.361756 0.561585 0.762001 0.882647 1.182526 1.223260 13.657692 1.738365 
1.907085 0.402974 1.133034 0.374670 1.269390 1.399259 0.366480 9.833611 
0.416586 3.319932 0.852103 0.903572 1.344969 1.664362 1.686353 9.758449 
0.431586 0.695866 4.471088 1.071365 1.391295 1.589710 1.833753 10.248688 
0.472627 0.715005 0.964245 5.643158 1.363015 1.600992 1.852562 10.605602 
0.456396 0.743243 0.968364 1.195166 6.774479 1.692329 1.892590 10.776984 
0.458078 0.737908 0.976856 1.193532 1.387956 8.114601 1.827377 10.847814 
0.445358 0.730536 0.953689 1.170979 1.327424 1.615215 9.464020 10.769133 
0.393400 0.589934 0.744905 0.882498 1.066739 1.382007 1.454141 15.652078 
