2.012755 0.013073 0.014232 0.014811 0.013679 
1.974873 0.802341 0.014495 0.015147 0.017348 
1.805772 1.812021 0.020401 0.018552 0.019267 
1.418328 2.852268 0.016939 0.011864 0.012740 
0.902199 3.595012 0.012905 0.013542 0.023949 
0.398637 3.935361 0.012460 0.023978 0.013376 
0.014253 4.011164 0.012520 0.024185 0.013395 
1.982187 0.020573 1.112619 0.017780 0.018099 
1.904752 0.952370 1.453812 0.019970 0.019963 
1.618031 2.164651 1.612842 0.021777 0.022298 
1.077726 3.241801 1.615121 0.019182 0.024576 
0.475414 3.780764 1.444184 0.013201 0.010168 
0.016739 3.939004 1.188829 0.023658 0.017477 
1.807549 0.019309 2.676234 0.016930 0.016924 
1.609096 1.090599 3.263322 0.016858 0.020735 
1.160290 2.323064 3.539273 0.022802 0.021674 
0.521187 3.232655 3.244357 0.017858 0.018141 
0.020561 3.605914 2.669622 0.017906 0.020823 
1.432550 0.017541 4.256217 0.019922 0.018794 
1.094894 1.095762 4.856782 0.035559 0.039424 
0.542457 2.160099 4.827958 0.017695 0.017013 
0.017119 2.855980 4.240954 0.017305 0.021006 
0.893606 0.013685 5.400932 0.015015 0.013435 
0.481136 0.947212 5.682533 0.018603 0.021386 
0.016562 1.779436 5.399995 0.015159 0.016159 
0.410876 0.022190 5.903608 0.035984 0.024644 
0.013490 0.792807 5.894274 0.012999 0.018434 
0.012523 0.009709 6.009700 0.009708 0.013293 
1.976925 0.015071 0.016209 1.563469 0.015683 
1.904419 0.953308 0.022725 1.875322 0.016492 
1.616569 2.155793 0.015859 2.171330 0.015522 
1.063016 3.237901 0.008102 2.119428 0.010148 
0.486496 3.794007 0.021208 1.901157 0.021906 
0.015628 3.932821 0.013555 1.598392 0.014458 
1.909175 0.024642 1.434122 1.914410 0.025335 
1.744919 1.164970 1.725942 2.319903 0.014425 
1.282831 2.570245 1.849622 2.537792 0.022734 
0.602606 3.493916 1.751931 2.333468 0.026863 
0.017847 3.784750 1.409757 1.941390 0.017616 
1.623702 0.020351 3.228831 2.143221 0.019871 
1.284527 1.278831 3.790542 2.584351 0.022079 
0.642773 2.553761 3.807391 2.609043 0.022291 
0.015486 3.232112 3.201338 2.131019 0.016107 
1.080145 0.015067 4.838163 2.113787 0.014724 
0.582491 1.169464 5.247996 2.314653 0.024678 
0.018631 2.154521 4.813828 2.203772 0.023664 
0.475583 0.015250 5.680798 1.891024 0.022310 
0.019035 0.942411 5.684203 1.892952 0.020572 
0.014715 0.017539 5.892957 1.605332 0.018149 
1.804172 0.017345 0.021841 3.605839 0.017174 
1.631597 1.080596 0.029314 4.321580 0.028312 
1.160334 2.340918 0.020513 4.668099 0.020836 
0.523813 3.249776 0.016776 4.267150 0.021881 
0.018872 3.596983 0.027104 3.586648 0.022335 
1.643958 0.029208 1.524432 4.282251 0.031026 
1.285688 1.277922 1.896419 5.118629 0.023789 
0.633159 2.533443 1.920719 5.180598 0.028133 
0.028516 3.241242 1.603769 4.291072 0.027379 
1.161462 0.016983 3.498766 4.648794 0.016353 
0.639447 1.277140 3.814453 5.079710 0.016372 
0.033865 2.322369 3.479795 4.650741 0.018300 
0.540595 0.016151 4.860186 4.243643 0.018075 
0.018391 1.066736 4.861588 4.245045 0.017626 
0.016373 0.014465 5.374125 3.608351 0.017461 
1.429571 0.034471 0.016155 5.669035 0.014834 
1.083351 1.084021 0.024773 6.469552 0.035064 
0.536553 2.144573 0.017728 6.461793 0.016565 
0.017947 2.844781 0.016954 5.669361 0.017856 
1.070095 0.012795 1.615257 6.458517 0.022070 
0.567856 1.202256 1.738994 6.997471 0.049173 
0.017838 2.148010 1.626617 6.426540 0.015153 
0.539889 0.015829 3.210842 6.454208 0.017593 
0.018855 1.102824 3.205157 6.440292 0.020221 
0.015777 0.014179 4.275080 5.639300 0.012976 
0.906270 0.014270 0.014574 7.172785 0.017248 
0.484928 0.979311 0.021925 7.564145 0.021941 
0.019066 1.799582 0.015325 7.173536 0.017999 
0.480105 0.011841 1.398296 7.565706 0.011895 
0.014432 0.980963 1.441743 7.540320 0.014792 
0.011491 0.016052 2.722772 7.147318 0.013522 
0.403408 0.028283 0.029313 7.884521 0.027899 
0.019673 0.788224 0.017646 7.867428 0.019607 
0.015187 0.014196 1.229045 7.846438 0.021194 
0.011532 0.011110 0.018213 8.010446 0.014506 
1.975093 0.015131 0.015709 0.024010 1.991408 
1.904570 0.958783 0.021338 0.013866 2.246440 
1.632012 2.145751 0.030372 0.033334 2.713623 
1.090647 3.219906 0.021394 0.019210 2.705156 
0.482454 3.784330 0.016362 0.018005 2.425143 
0.018912 3.939328 0.015449 0.022074 1.956057 
1.898340 0.012380 1.422449 0.012495 2.347051 
1.747540 1.168160 1.739292 0.015415 2.914143 
1.282718 2.556134 1.874018 0.021349 3.178982 
0.584943 3.486938 1.739139 0.019221 2.915642 
0.016839 3.784438 1.417687 0.016181 2.396459 
1.620328 0.037311 3.217818 0.018357 2.708313 
1.281300 1.290410 3.802734 0.017383 3.199001 
0.638597 2.557381 3.801188 0.016247 3.197455 
0.016610 3.228109 3.221926 0.013539 2.600541 
1.091205 0.018316 4.824038 0.019617 2.675025 
0.579132 1.189614 5.257150 0.036654 2.927300 
0.016236 2.157906 4.822922 0.014665 2.669447 
0.475800 0.015704 5.679620 0.016869 2.372691 
0.020208 0.951926 5.678236 0.020004 2.375734 
0.013485 0.012415 5.898398 0.010861 1.937657 
1.902020 0.015520 0.020778 1.868641 2.383752 
1.765599 1.122074 0.028053 2.312797 3.002906 
1.283105 2.548937 0.020081 2.519226 3.223209 
0.554406 3.500881 0.014605 2.296353 2.931311 
0.014615 3.785539 0.013123 1.861157 2.383067 
1.742956 0.013780 1.734097 2.349167 2.920157 
1.420704 1.461096 2.152508 2.840891 3.577748 
0.711919 2.845256 2.149499 2.837882 3.574739 
0.019986 3.481236 1.736586 2.355933 2.890693 
1.264045 0.010304 3.814726 2.563822 3.216604 
0.719840 1.454540 4.285233 2.851045 3.547467 
0.011934 2.514154 3.808705 2.595728 3.216699 
0.592534 0.026594 5.216316 2.336586 2.947692 
0.017521 1.154409 5.206084 2.338839 2.939767 
0.016526 0.015632 5.677401 1.855064 2.381805 
1.618797 0.024114 0.025255 4.368839 2.655138 
1.276311 1.271004 0.021654 5.135301 3.186923 
0.626173 2.567177 0.020711 5.081703 3.189779 
0.024978 3.210220 0.051004 4.370474 2.624645 
1.284706 0.016952 1.888860 5.048925 3.208713 
0.722103 1.439785 2.155121 5.680052 3.504389 
0.017148 2.535817 1.920843 5.073878 3.210306 
0.638381 0.016859 3.815201 5.087644 3.182286 
0.015425 1.283029 3.837628 5.093919 3.016809 
0.022091 0.027074 4.841181 4.285210 2.685198 
1.082039 0.021893 0.021897 6.453773 2.713472 
0.590993 1.158760 0.036932 6.997978 2.933710 
0.023555 2.168824 0.022385 6.425041 2.689015 
0.584473 0.020780 1.746996 6.966472 2.901683 
0.023239 1.153506 1.761952 6.958154 2.902076 
0.014503 0.026756 3.225902 6.430841 2.662898 
0.478775 0.014667 0.014974 7.559792 2.382332 
0.014160 0.965691 0.013316 7.553428 2.355384 
0.013645 0.014849 1.406354 7.572059 2.318886 
0.013256 0.017006 0.041976 7.855076 1.973191 
1.804875 0.017748 0.016318 0.016345 4.491228 
1.621554 1.021651 0.022699 0.019452 5.452948 
1.169402 2.321686 0.020601 0.016955 5.802065 
0.539178 3.237488 0.030348 0.041428 5.423332 
0.016008 3.590026 0.018634 0.018673 4.487248 
1.615558 0.017323 1.637902 0.017030 5.367280 
1.280205 1.282319 1.940960 0.015530 6.301120 
0.640965 2.570168 1.881974 0.025784 6.354528 
0.016564 3.235765 1.639131 0.017255 5.287258 
1.168640 0.017832 3.487780 0.017924 5.781765 
0.637079 1.287638 3.818941 0.023483 6.386615 
0.021736 2.342092 3.497771 0.022233 5.747240 
0.542271 0.020170 4.838893 0.028787 5.371639 
0.018623 1.073959 4.804581 0.021057 5.432447 
0.015141 0.019665 5.366781 0.016701 4.534828 
1.615795 0.014380 0.012158 2.116957 5.363724 
1.271230 1.272102 0.017945 2.597387 6.375072 
0.646836 2.555702 0.024073 2.520581 6.383316 
0.018097 3.228675 0.019366 2.036324 5.410871 
1.284970 0.023724 1.936647 2.529691 6.368141 
0.717741 1.389318 2.290100 2.852267 7.040395 
0.028570 2.561692 1.885140 2.550304 6.370359 
0.650382 0.024990 3.827108 2.530954 6.369405 
0.020134 1.270797 3.820366 2.506708 6.375415 
0.017623 0.016630 4.805485 2.151091 5.413153 
1.159985 0.017952 0.015255 4.656545 5.809679 
0.657107 1.310449 0.025888 5.073455 6.338553 
0.023165 2.340396 0.022263 4.609041 5.803966 
0.660425 0.024253 1.906532 5.079723 6.350222 
0.023203 1.297062 1.902644 5.077711 6.348210 
0.020043 0.017594 3.490294 4.614868 5.800489 
0.548137 0.023354 0.023851 6.400023 5.455603 
0.017298 1.022731 0.017897 6.437972 5.425426 
0.014171 0.015727 1.606428 6.450537 5.327170 
0.014631 0.012189 0.014099 7.172997 4.470799 
1.420465 0.014041 0.014863 0.013320 7.116859 
1.084307 1.085400 0.023721 0.025074 8.067770 
0.552886 2.155260 0.016948 0.018833 8.020917 
0.025779 2.846322 0.016743 0.026296 7.083171 
1.077475 0.014420 1.613665 0.012689 8.041693 
0.597878 1.168013 1.774587 0.034077 8.725713 
0.026791 2.172192 1.611254 0.026305 8.040642 
0.540333 0.016763 3.221347 0.016668 8.052853 
0.018429 1.068447 3.230355 0.018637 8.044008 
0.016240 0.020464 4.237827 0.017210 7.120726 
1.078483 0.017941 0.016229 2.149835 8.053260 
0.588521 1.163682 0.027819 2.314901 8.722634 
0.019457 2.146069 0.024126 2.168972 8.046348 
0.581921 0.015430 1.720181 2.291514 8.708498 
0.018820 1.163576 1.739772 2.333874 8.688386 
0.018049 0.016879 3.245524 2.119700 8.021448 
0.550940 0.014961 0.014216 4.251436 8.058781 
0.021096 1.099501 0.021377 4.274206 8.049342 
0.019868 0.022388 1.638061 4.268323 8.052512 
0.016320 0.013402 0.016965 5.690170 7.059079 
0.906525 0.012516 0.013097 0.012715 8.956988 
0.477726 0.967440 0.018493 0.016110 9.450405 
0.021721 1.785321 0.022418 0.024956 8.994509 
0.471759 0.019655 1.402104 0.021057 9.482596 
0.021580 1.005847 1.403242 0.018173 9.427890 
0.020768 0.016645 2.682548 0.016567 8.973567 
0.463304 0.016867 0.016421 1.878426 9.480034 
0.020698 0.927938 0.017950 1.853704 9.479972 
0.010828 0.018850 1.386705 1.821757 9.477154 
0.013194 0.017436 0.016050 3.591311 8.951720 
0.420591 0.016930 0.017173 0.020374 9.811004 
0.016659 0.817446 0.016463 0.018950 9.813363 
0.014990 0.016804 1.167103 0.016105 9.828814 
0.015019 0.017070 0.017375 1.629496 9.807738 
0.010821 0.010826 0.014154 0.024483 10.010804 
