2.366251 0.366518 0.367816 0.367751 0.369322 0.370023 0.366987 0.380806 
2.169559 2.047851 0.358531 0.413799 0.358761 0.378103 0.358084 0.361453 
1.173620 3.913691 0.309312 0.309680 0.310970 0.311811 0.327114 0.308331 
0.260721 4.259983 0.260242 0.262019 0.262501 0.273755 0.260100 0.261309 
2.234924 0.362168 2.465951 0.362125 0.363685 0.366407 0.365069 0.369875 
1.561128 2.593334 3.484385 0.307608 0.307629 0.307706 0.309204 0.307470 
0.257266 3.935636 2.611490 0.256835 0.260050 0.267803 0.256767 0.257491 
1.291682 0.308505 5.533157 0.310205 0.309089 0.308599 0.308905 0.308835 
0.209481 2.131810 5.470575 0.209385 0.209373 0.210539 0.209290 0.209432 
0.160481 0.160531 6.160474 0.160728 0.163168 0.178075 0.160927 0.164929 
2.232450 0.358222 0.356573 3.130043 0.359221 0.358608 0.358391 0.372367 
1.588636 2.684849 0.308380 4.203699 0.309914 0.310175 0.309232 0.312520 
0.259208 3.982810 0.259528 3.181071 0.267791 0.261195 0.261080 0.267362 
1.628008 0.309004 3.645738 4.352724 0.311488 0.312145 0.310598 0.318762 
0.211424 2.752541 3.588867 4.429381 0.222577 0.221080 0.216256 0.213414 
0.159684 0.159736 5.652003 3.380268 0.163118 0.164429 0.159864 0.180702 
1.347982 0.306951 0.306706 7.136754 0.308366 0.327724 0.307671 0.311040 
0.206693 2.276636 0.207073 7.052108 0.207141 0.211407 0.206770 0.231797 
0.113746 0.113927 3.002682 7.125317 0.117299 0.144100 0.121699 0.137568 
0.069256 0.069257 0.069457 8.069237 0.071412 0.087287 0.090663 0.071632 
2.250307 0.358350 0.358156 0.360389 3.597194 0.358419 0.358697 0.366260 
1.624166 2.661161 0.309688 0.311293 5.021173 0.310349 0.310745 0.309399 
0.258317 4.005088 0.257759 0.257800 3.754615 0.258705 0.257881 0.259369 
1.652737 0.311911 3.617254 0.308177 5.238380 0.307428 0.307361 0.313687 
0.208259 2.815905 3.573722 0.217641 5.310905 0.208365 0.226479 0.214283 
0.162079 0.162148 5.662770 0.162712 4.155944 0.170201 0.162204 0.178300 
1.695112 0.308082 0.307757 4.512745 5.230285 0.309527 0.309404 0.315680 
0.208622 2.846903 0.208828 4.505743 5.465322 0.213322 0.208639 0.208936 
0.124315 0.127320 3.819659 4.691262 5.552243 0.145039 0.124468 0.126312 
0.070684 0.070684 0.070959 7.308665 4.330111 0.088739 0.072281 0.093878 
1.377089 0.310380 0.310255 0.312759 8.767985 0.317311 0.311981 0.314488 
0.207295 2.312206 0.220842 0.207319 8.710697 0.207446 0.209851 0.215454 
0.116567 0.118871 3.064027 0.118227 8.826760 0.124746 0.131060 0.132390 
0.037158 0.037635 0.043415 3.740895 8.900857 0.053433 0.039854 0.039869 
0.034212 0.034218 0.034281 0.034798 10.034210 0.038975 0.034358 0.039880 
2.250855 0.357591 0.356009 0.357721 0.358641 4.195548 0.357562 0.369913 
1.618040 2.679984 0.308169 0.308734 0.309506 5.927574 0.308418 0.316196 
0.256781 4.002615 0.256952 0.261829 0.257681 4.466006 0.257248 0.281280 
1.681916 0.306790 3.561382 0.308272 0.308147 6.098220 0.307550 0.307471 
0.213393 2.756359 3.721190 0.213254 0.213580 6.259136 0.213750 0.214787 
0.159296 0.159309 5.690701 0.160157 0.161657 4.808340 0.179345 0.183254 
1.688467 0.308769 0.307593 4.471018 0.307792 6.335678 0.329351 0.317570 
0.207727 2.864487 0.207939 4.534942 0.207920 6.398651 0.219352 0.207677 
0.113634 0.113757 3.804506 4.688128 0.114981 6.627186 0.113703 0.114210 
0.074502 0.077751 0.085375 7.299508 0.090108 5.226499 0.118353 0.076813 
1.718247 0.308214 0.307927 0.308925 5.280442 6.372281 0.329918 0.325173 
0.207771 2.920417 0.213350 0.207592 5.328186 6.532738 0.207881 0.209268 
0.118582 0.120614 3.943211 0.125267 5.551939 6.674270 0.126905 0.138215 
0.034779 0.034780 0.035008 4.799411 5.747063 6.812203 0.049774 0.041258 
0.020937 0.021113 0.023176 0.022597 9.001104 5.300445 0.038415 0.026505 
1.382875 0.307481 0.307497 0.308255 0.310496 10.424843 0.307434 0.317519 
0.208924 2.327580 0.209214 0.209824 0.208849 10.387002 0.218852 0.214143 
0.112379 0.112425 3.105307 0.114089 0.114209 10.512823 0.113991 0.133349 
0.028839 0.028894 0.029098 3.727962 0.049778 10.668925 0.032916 0.030410 
0.036635 0.036742 0.061282 0.036771 4.547887 10.745973 0.037307 0.082673 
0.024691 0.024807 0.025455 0.026879 0.024701 12.024684 0.026194 0.027923 
2.242344 0.360022 0.357888 0.359356 0.360495 0.359872 5.047223 0.372427 
1.609431 2.668390 0.309518 0.310082 0.312372 0.309425 7.018143 0.316186 
0.257988 3.993321 0.258122 0.260103 0.260585 0.262518 5.265413 0.274427 
1.653571 0.306820 3.603428 0.308365 0.308287 0.316371 7.230781 0.322921 
0.208728 2.794132 3.694572 0.213387 0.220354 0.219209 7.133785 0.225904 
0.160851 0.161001 5.648593 0.161010 0.163992 0.165992 5.821131 0.163126 
1.690437 0.307863 0.307186 4.477775 0.312620 0.349935 7.303845 0.318129 
0.208341 2.901245 0.211401 4.492707 0.208740 0.212379 7.346008 0.219714 
0.111949 0.112055 3.834820 4.682581 0.115303 0.112672 7.632797 0.133003 
0.069934 0.069935 0.071844 7.298273 0.074419 0.081202 6.068861 0.094159 
1.699208 0.308921 0.308832 0.309817 5.392497 0.308850 7.422279 0.316858 
0.210442 2.891262 0.215293 0.217636 5.401234 0.210556 7.636780 0.220212 
0.119712 0.119790 3.917240 0.121161 5.642723 0.130238 7.715574 0.126131 
0.038347 0.038347 0.038520 4.809034 5.734041 0.039033 7.957622 0.042971 
0.028769 0.028940 0.030996 0.030418 8.983396 0.039771 6.260639 0.031541 
1.718627 0.308301 0.307286 0.308043 0.307316 6.256954 7.390009 0.321435 
0.212077 2.910724 0.210210 0.210671 0.216430 6.409221 7.575381 0.210289 
0.119484 0.121607 3.932564 0.121614 0.134096 6.612586 7.830004 0.143697 
0.030115 0.030139 0.032489 4.781029 0.031808 6.819860 8.038006 0.058623 
0.041332 0.041548 0.060959 0.041350 5.964664 6.818977 8.084925 0.061816 
0.022690 0.022736 0.029105 0.027309 0.022689 10.744026 6.311080 0.023676 
1.371602 0.307232 0.306021 0.306866 0.309049 0.308868 12.153446 0.314165 
0.212201 2.320661 0.212868 0.211961 0.212001 0.212113 12.108183 0.217118 
0.113476 0.118143 3.120208 0.113537 0.113652 0.130140 12.228431 0.128766 
0.024352 0.024614 0.027735 3.772938 0.050176 0.030067 12.392213 0.027632 
0.024267 0.024327 0.025220 0.024270 4.499925 0.024974 12.543760 0.043864 
0.035652 0.035654 0.035656 0.036775 0.035656 5.410767 12.552636 0.038838 
0.027491 0.027497 0.027597 0.035693 0.027490 0.027505 14.027474 0.044691 
2.253629 0.357428 0.357287 0.362502 0.359666 0.357571 0.357957 5.440870 
1.620781 2.656649 0.309429 0.309368 0.310552 0.314692 0.312134 7.908179 
0.258757 4.001498 0.258152 0.259818 0.261343 0.263025 0.258142 5.896864 
1.653864 0.309462 3.648569 0.309705 0.310496 0.309204 0.311718 8.114888 
0.211026 2.809012 3.665433 0.215091 0.210601 0.214359 0.216688 8.152819 
0.164238 0.164420 5.690877 0.165091 0.165661 0.172193 0.164726 6.393189 
1.680193 0.308675 0.307260 4.468133 0.311886 0.308796 0.308721 8.435778 
0.210757 2.826884 0.211480 4.598979 0.211161 0.214882 0.210922 8.545297 
0.121143 0.121346 3.833833 4.670413 0.124127 0.136341 0.127834 8.792709 
0.075809 0.075810 0.076084 7.302071 0.110777 0.092015 0.077258 6.940280 
1.702658 0.306567 0.306266 0.307264 5.383134 0.306568 0.307337 8.381145 
0.211771 2.904119 0.211533 0.212775 5.418858 0.212284 0.211989 8.611853 
0.120174 0.120383 3.900313 0.176649 5.681516 0.130738 0.126865 8.791739 
0.025965 0.026473 0.027959 4.808705 5.767282 0.027363 0.045718 8.976567 
0.027358 0.027728 0.029688 0.029826 8.994803 0.028760 0.028918 7.108052 
1.713920 0.307429 0.307273 0.311656 0.308331 6.403630 0.308510 8.262781 
0.210928 2.894358 0.210717 0.212134 0.210840 6.538752 0.210682 8.550745 
0.111923 0.112021 3.935047 0.112845 0.114204 6.658840 0.128923 8.821808 
0.030017 0.034776 0.062795 4.871097 0.053737 6.798056 0.031140 9.017097 
0.036260 0.038766 0.052420 0.036807 5.864567 6.992527 0.038698 9.146916 
0.024033 0.024268 0.026332 0.033049 0.023952 10.759882 0.025256 7.171682 
1.705408 0.309557 0.309444 0.310506 0.311322 0.310312 7.405803 8.402482 
0.209133 2.911675 0.212022 0.212679 0.210930 0.217112 7.510594 8.544836 
0.123307 0.123453 3.865498 0.125398 0.125539 0.130385 7.909300 8.911731 
0.024491 0.026672 0.060997 4.844448 0.054252 0.028671 7.964704 9.006128 
0.028566 0.028580 0.029638 0.028734 5.837049 0.030005 8.117519 9.202864 
0.030187 0.032744 0.050984 0.030358 0.030272 6.924844 8.173246 9.240794 
0.026634 0.027890 0.031341 0.026848 0.026790 0.034729 12.568246 7.136972 
1.395358 0.309409 0.309340 0.312262 0.310703 0.316661 0.309616 13.744877 
0.207482 2.314974 0.207875 0.207626 0.207714 0.210002 0.212991 13.806483 
0.113178 0.117908 3.085162 0.113317 0.114849 0.117239 0.113243 14.012375 
0.028029 0.028031 0.028065 3.805534 0.051387 0.028724 0.032545 14.131942 
0.034494 0.034572 0.035001 0.034499 4.541816 0.038664 0.035012 14.317035 
0.028807 0.028915 0.029512 0.028809 0.028807 5.434874 0.030192 14.313175 
0.027211 0.027414 0.030416 0.027329 0.027293 0.027460 6.339942 14.308292 
0.025428 0.025444 0.025655 0.025433 0.025553 0.025428 0.025805 16.025428 
2.354119 0.372190 0.496732 0.373458 0.704115 0.855977 1.622587 1.689059 
1.816389 2.922021 0.787847 0.830802 1.257393 1.546690 1.695068 1.914668 
0.294884 4.196280 0.655774 0.748479 0.655108 1.079355 1.318672 2.048738 
1.940444 0.361700 4.013459 0.469958 0.363247 1.303163 0.363076 0.367062 
0.297973 3.341321 4.090029 0.302120 0.262561 0.266866 0.262190 0.287079 
0.352672 0.537433 6.076138 0.809533 0.966397 1.098439 1.331944 1.770701 
1.920296 0.787183 0.807421 5.449111 1.063132 1.532126 0.413316 1.971092 
0.398992 3.215080 0.829193 5.136940 1.149870 1.321551 1.838770 1.973185 
0.425754 0.717182 4.390222 5.409229 1.376743 1.491021 1.813695 2.078664 
0.402574 0.633512 0.886579 8.024758 0.241891 1.246642 1.405956 1.740849 
2.009601 0.378525 0.378193 0.378393 6.152274 0.600081 0.766196 0.395438 
0.402120 3.276910 0.920914 1.000726 6.145727 1.292341 1.794134 1.991220 
0.433628 0.730696 4.511694 1.034770 6.546918 1.518430 1.761545 1.903676 
0.461342 0.696491 0.926049 5.673916 6.774504 1.492590 1.896778 2.130946 
0.344625 0.544100 0.673193 0.920406 9.894516 1.554553 1.435636 1.524589 
1.895880 0.771289 1.029422 1.149412 1.095018 7.476892 1.880724 2.122829 
0.405876 3.281052 0.894031 0.998546 1.273025 7.357643 1.806736 1.991617 
0.427323 0.712198 4.516241 1.053336 1.279498 7.793216 1.759195 2.166597 
0.427866 0.736414 0.921246 5.778202 1.385258 7.933162 1.828255 2.038958 
0.429544 0.762560 1.050431 1.200210 6.778866 8.141923 1.736727 2.063936 
0.376393 0.580580 0.740004 0.903872 1.127211 11.761612 1.618130 1.624329 
1.897664 0.676682 0.911401 1.008421 1.065284 1.300551 8.241648 1.911573 
0.405196 3.273849 0.875915 1.076340 1.202220 1.489509 8.557959 1.932057 
0.419193 0.726735 4.489038 1.066043 1.263095 1.528506 9.002959 1.969266 
0.460238 0.720675 0.943714 5.700576 1.368450 1.637337 9.373982 2.047753 
0.423192 0.732103 1.001334 1.161037 6.900641 1.572349 9.597806 2.048191 
0.402404 0.713129 0.915394 1.124328 1.366743 8.322994 9.609662 1.872105 
0.369113 0.588596 0.811890 0.732932 1.064583 1.290732 13.703420 1.772797 
2.012410 0.677450 1.107728 1.154789 1.048553 1.171863 1.804804 10.052885 
0.410478 3.269141 0.864314 1.081873 1.257459 1.486870 1.699719 9.724066 
0.428856 0.694351 4.528334 1.023353 1.278597 1.502554 1.824029 10.194624 
0.445044 0.707942 1.081782 5.716220 1.143097 1.378365 1.655264 10.794866 
0.433525 0.752222 0.959233 1.133461 6.834909 1.817189 1.965133 10.848403 
0.438133 0.744777 0.988955 1.170877 1.349048 8.151981 1.818773 10.897086 
0.436077 0.681142 1.012019 1.224006 1.303053 1.558145 9.667323 10.866092 
0.331227 0.583999 0.776562 0.888545 1.245999 1.242442 1.664648 15.537954 
