2.116952 0.395919 0.124742 0.151627 0.230044 0.176800 0.268894 0.364657 0.131770 0.337232 
0.563521 4.013377 0.168035 0.153293 0.655443 0.177746 0.137162 0.602446 0.133508 1.112075 
2.031727 0.378665 1.763648 0.463030 0.340851 0.140707 0.204360 0.235598 0.125324 0.279426 
0.124719 3.956758 1.747431 0.459936 0.117925 0.243998 0.120229 0.301143 0.122159 0.131986 
0.715023 0.211007 5.821789 0.825632 0.403150 0.124247 0.141523 0.125017 0.330730 0.141023 
0.146711 1.084914 5.905257 0.270941 0.187910 0.153487 0.102415 0.216723 0.863633 0.312857 
0.117093 0.328358 6.045036 0.109802 1.298649 0.789056 0.136382 0.124153 0.503746 0.113646 
2.004597 0.784997 0.140963 2.512852 0.236140 0.182995 0.999248 0.365950 0.138068 0.343530 
1.366433 2.136277 0.393806 4.225295 2.222162 0.202307 0.533490 0.141497 0.188676 0.246970 
0.122873 3.379397 0.397991 4.227880 2.248956 0.140094 0.537828 0.147409 0.106339 0.170446 
1.117405 0.442686 3.646262 5.037164 0.176728 0.264065 0.507091 0.686859 0.131852 0.237592 
0.633666 0.174279 0.121378 7.840835 0.142210 0.174571 0.265939 0.548037 0.722088 0.261416 
0.093836 1.111011 0.250277 7.824158 0.155074 0.147215 0.370791 0.323508 0.192287 0.305735 
0.130498 0.162685 1.737901 7.821485 0.336238 0.154001 0.533998 0.259380 0.705479 0.134369 
0.120547 0.428430 0.115206 8.073637 0.584973 0.248330 0.126622 0.167860 0.759282 0.525134 
0.164484 3.901769 0.099649 0.245712 3.084734 0.226118 0.104410 0.145648 0.737072 0.499622 
1.394894 0.328490 3.699624 0.721393 4.979225 0.549338 1.537808 0.154796 0.185077 0.363183 
0.305849 2.367000 3.924514 0.695356 5.191861 0.113344 0.274463 0.561610 0.372166 0.136241 
0.363004 0.167479 5.283798 0.386913 5.002762 0.553183 0.292118 0.246878 0.311936 0.338432 
0.362174 1.691163 0.891800 4.227749 7.444562 0.233250 0.160276 0.231741 1.442613 0.133962 
0.127006 0.115137 3.859849 3.139135 6.867347 0.228658 0.109889 0.227148 1.438020 0.130490 
0.146822 0.145300 0.144658 6.389702 5.549658 3.893162 0.159607 0.573690 0.343522 0.286855 
0.135625 1.153599 0.200322 0.419263 9.712849 0.551872 0.957347 0.254767 0.572869 0.244514 
0.130953 0.745821 2.346699 0.822030 9.160060 0.263769 0.303145 0.218797 1.244504 0.136329 
0.269996 0.151645 0.087798 3.507454 9.076419 0.251208 0.290661 0.180159 0.250816 0.123440 
1.995086 0.274798 0.102455 0.163245 0.291215 3.475753 1.493653 0.118660 0.696341 1.478446 
1.412139 1.723275 1.228208 0.132036 1.098940 5.838801 0.290957 6.067070 0.119042 0.359258 
0.570647 3.789640 0.162644 0.138641 0.334883 3.891580 0.175394 1.182053 1.313379 0.382586 
0.269667 2.581130 3.480277 0.212693 0.274772 6.370926 1.525129 0.304120 1.387553 0.116649 
1.198459 0.394245 0.102947 4.926882 1.660936 6.613072 1.272615 0.336937 0.136917 0.320970 
0.100202 0.270845 3.276837 3.276933 1.118360 8.041311 0.268026 1.233305 5.965039 0.188490 
0.124897 0.119761 0.116679 7.610570 0.232105 4.280983 0.260226 0.548074 0.717079 0.137722 
0.261187 2.251719 0.178698 1.401571 6.264674 6.680717 0.117759 0.158891 0.366546 0.126807 
0.103749 0.533606 0.205934 3.586317 6.899516 6.993396 0.229688 0.910112 0.361690 0.251489 
0.104936 0.258682 0.127737 0.192675 9.558027 3.823060 1.298919 0.106278 0.370622 0.281615 
0.201430 1.519391 0.126185 2.623857 0.379852 10.549930 0.374055 1.170119 0.321282 2.521066 
0.193795 0.122051 2.040089 2.214697 0.312212 10.916009 0.764080 1.672112 0.441193 0.118530 
0.150681 0.119857 0.118302 2.848366 0.604880 11.342188 0.239932 0.162583 0.752450 0.152142 
0.127575 0.090583 0.094910 0.082211 6.057711 9.643585 0.106515 0.624048 1.279720 0.290966 
0.129060 0.123541 0.123263 0.612025 0.213695 12.095759 0.258943 0.181546 0.266215 0.171066 
1.206163 1.872198 0.567152 0.658033 0.810838 0.132200 9.723553 0.140129 0.351100 0.259337 
0.505794 3.491464 0.181525 0.196673 0.147478 0.254607 7.306107 0.335165 1.433913 0.164103 
0.307971 2.565545 3.702881 0.726918 0.331103 0.250553 7.302054 0.331111 1.429859 0.160050 
0.137780 0.264813 5.591924 0.898998 0.318321 0.135233 5.733567 0.149495 0.764931 0.253763 
0.418664 2.767045 0.161348 4.361430 0.135873 0.244604 7.294461 0.604771 1.391068 0.154127 
0.132882 0.727866 3.732118 3.869453 0.295179 0.188106 8.759742 0.098697 0.407770 0.251041 
0.127574 0.135196 0.457554 7.437106 0.432334 0.130356 5.729352 0.144620 0.706744 0.133584 
1.217402 0.518290 0.133140 1.517756 5.152574 1.747182 8.567700 0.300358 1.692367 1.544863 
0.186361 2.674689 1.001506 0.561441 5.255449 1.163945 7.586245 0.724737 0.137943 0.232731 
0.207238 0.168765 0.152516 4.056884 3.537131 0.541255 11.392828 0.581355 0.196340 0.242822 
0.107307 0.114440 0.106597 0.596429 8.690321 1.963852 6.899814 0.112474 0.119994 0.223510 
0.373684 2.177498 0.107337 0.137457 0.425185 6.908027 8.728912 0.105213 0.105135 2.004602 
0.127321 0.101392 3.118518 0.338444 0.374155 7.362760 8.422932 0.906340 2.620143 0.145396 
0.219901 0.155143 0.378804 3.512301 0.927170 8.803716 7.535948 0.333968 0.258755 0.251082 
0.091421 0.127950 0.091267 0.368148 5.482308 6.929433 8.758579 0.095758 0.099830 0.234435 
0.109170 0.124874 0.109101 0.161294 1.257876 9.429705 8.775685 0.324379 0.117721 0.252325 
1.146077 0.730399 1.130995 0.190517 0.629938 0.273766 11.634743 0.169506 0.272176 0.203240 
0.164934 0.143162 0.622232 5.070611 0.267691 0.285674 11.018214 0.167599 0.270268 0.201857 
0.148440 0.114948 0.107756 0.717291 3.755646 0.185628 13.091156 0.334561 0.412715 0.224371 
0.130243 0.117440 0.122096 0.354302 1.547190 4.234825 13.098362 0.341739 0.417520 0.231548 
1.506088 1.996105 0.089140 0.930467 0.835334 0.197249 0.213740 8.121228 0.098018 0.123565 
0.217567 3.615479 0.434809 0.169321 1.646868 0.121444 0.266493 7.282644 1.657162 0.170587 
1.170433 0.189155 3.610908 0.660640 0.156330 0.127923 0.254639 10.009208 0.388376 0.152451 
0.312450 2.488377 3.622161 0.686907 0.296506 0.297952 0.154857 8.595525 1.397750 0.386032 
0.485165 0.171037 5.470771 0.392933 0.326116 0.173720 0.201768 6.666394 0.130598 1.170641 
0.133068 2.301538 0.298946 3.771347 4.335006 3.243151 0.094346 7.666684 0.201169 0.993179 
0.119223 1.870724 0.241047 3.029765 6.118743 3.218964 0.825950 7.670439 0.195568 0.232774 
0.121761 0.212444 3.818177 0.558673 6.175957 0.147086 0.121622 8.075251 0.257230 1.175213 
0.195733 1.684872 0.828405 4.671481 5.166056 0.232403 0.168765 8.207189 0.779967 0.269538 
0.145748 0.143983 0.142863 0.315910 8.550897 0.191028 1.365948 8.019021 0.266068 4.225494 
1.096400 0.379573 0.441587 0.845841 0.410965 8.540284 0.121344 7.845696 0.168873 0.262771 
0.143979 2.191327 0.110704 0.756890 0.981324 6.890091 0.243168 9.387018 4.125492 1.747919 
0.090568 0.258825 3.222777 1.455897 0.936109 6.686597 0.231286 9.371208 4.124012 0.178872 
0.112756 0.583852 0.105386 3.810271 2.326816 6.788893 0.104851 9.634554 4.115215 1.744485 
0.094670 0.225779 0.092619 1.123712 5.334597 6.944372 0.093138 9.861213 0.869458 1.732749 
0.140176 0.133472 0.136308 0.129292 0.130158 11.098469 2.215439 6.133321 0.161975 0.375197 
0.967158 0.500936 0.133465 0.119599 2.679043 0.118939 9.038483 9.399473 0.318228 1.052964 
0.242609 2.092972 0.804650 0.461987 4.132923 0.932365 5.940628 10.134108 0.139481 0.234269 
0.123415 0.203902 0.136690 4.703022 0.338000 0.263093 8.298029 9.314686 0.134867 0.407546 
0.185550 1.594723 0.327191 0.260993 5.044221 0.618355 8.529746 8.200870 0.764927 0.263080 
0.661624 0.556923 0.641356 0.961171 0.620372 5.863145 7.457659 8.904102 0.127298 5.985890 
1.215725 0.610006 0.117845 0.366770 1.735492 0.261776 0.149384 12.903204 0.296409 0.115578 
0.168806 1.807182 0.772254 0.119227 0.518932 0.136194 0.224938 14.460601 0.128652 0.161468 
0.085163 0.082926 0.253026 2.209174 0.207393 0.104509 0.284659 15.494797 0.352745 0.135589 
0.133055 0.322702 0.106370 0.143719 5.410481 3.373255 0.108684 12.912469 0.305674 0.126310 
0.132691 0.185544 0.131933 0.292763 0.451886 2.673345 7.692381 13.147367 0.339960 0.228434 
1.694590 0.420467 0.720312 0.167978 0.154615 0.929164 0.129674 0.173585 10.346504 0.367440 
0.132311 3.418713 0.661600 0.103650 0.668292 0.119351 0.139170 0.264213 9.967994 0.386144 
1.335809 0.125889 3.349794 0.390979 0.294146 0.245318 0.180319 0.204574 10.415099 0.269996 
0.338109 1.874219 2.268040 0.144838 1.792806 1.095943 0.229196 0.262866 14.505814 0.180780 
0.102485 0.276110 5.263786 0.791308 0.163601 0.155218 0.145352 0.241218 9.104111 0.189344 
1.449673 0.752707 0.278637 3.676487 0.330478 0.107953 0.539655 0.139685 10.040645 0.320245 
0.141764 2.481451 0.123666 3.935720 0.522151 0.198189 0.099377 0.460992 11.531169 1.860151 
0.579270 0.389828 0.185319 6.558200 0.298410 0.144267 0.575185 0.171775 9.875294 0.346066 
0.933791 0.129833 2.272028 0.323294 6.166828 0.259772 1.255862 0.176982 10.466676 0.259800 
0.207114 0.192515 2.324545 0.654315 1.313549 10.093800 0.305554 0.212819 6.871825 3.371495 
0.101010 0.159950 0.105122 4.425708 1.796236 6.711802 1.000169 0.172862 9.631302 6.022634 
0.116937 0.527983 0.104285 0.352003 5.370606 7.523575 0.146534 0.207066 10.387742 0.322403 
0.087727 0.220366 0.105294 1.125486 0.199610 10.527263 0.359758 0.172374 8.609017 0.184984 
0.970427 0.425723 0.112315 1.204418 4.036373 1.383168 6.559931 0.155262 11.559699 1.542761 
0.154929 2.424150 0.860580 0.168696 0.215422 0.106759 8.247080 0.106761 10.008639 0.229451 
0.082901 0.182746 2.661386 0.214177 0.312448 0.483079 5.089801 0.713866 14.954197 0.168646 
0.176091 0.148321 0.443302 3.353507 4.034648 0.141365 9.281553 0.181433 9.191512 0.217517 
0.147394 0.451483 1.941846 2.103206 5.905997 0.128429 6.017534 0.498663 10.335826 0.202206 
0.140997 0.141020 0.160849 0.242358 3.140019 0.197077 11.412686 0.477009 9.328617 0.659791 
0.239202 2.812932 0.580504 0.126899 0.585945 0.139663 0.576763 7.901881 9.991408 0.409558 
0.113023 0.151958 0.130214 5.542327 0.570829 0.124048 0.118185 7.886250 9.975778 0.393927 
0.135430 1.798870 0.109513 0.401220 0.810536 5.957693 0.460030 7.851623 10.510097 1.749050 
0.112408 0.140812 2.066122 0.112215 1.055138 1.956610 7.553641 7.982949 10.539706 0.517023 
0.101170 0.101483 0.101208 0.122355 1.066056 1.732429 0.292277 12.835420 9.865418 4.311115 
0.886422 0.243700 0.391395 0.110613 0.303596 0.498248 0.091180 0.113537 16.414997 0.352753 
0.246023 1.663134 0.268166 0.370883 0.118605 0.110890 0.542431 0.111093 16.545303 0.309799 
0.155094 0.647263 0.746582 0.142208 5.926302 0.370681 0.237101 0.270769 14.512863 0.362892 
0.127939 0.126158 0.191046 0.972073 0.187289 4.752668 1.032662 0.132667 16.579779 0.345287 
0.118601 0.735805 0.173256 0.325121 0.091831 0.089439 5.564357 0.174343 16.363560 0.118099 
2.016040 0.196242 0.137785 0.147571 0.104238 0.107120 0.116767 0.272067 0.708171 5.911270 
1.158921 0.457554 3.787656 1.113927 2.700051 0.906762 0.535775 0.651574 0.128511 9.970605 
0.219073 2.247993 3.814409 0.652003 2.696553 0.903071 0.532145 0.702006 0.124950 9.967045 
0.212999 0.138933 5.829845 0.145587 0.102252 0.209884 0.114782 0.105940 0.706185 5.909284 
0.105765 2.143834 0.468483 3.742857 1.206978 1.626450 0.246225 0.127188 3.133494 13.767644 
0.100187 0.141020 2.877609 4.123910 2.125923 0.461795 0.195335 0.342819 0.797419 14.073045 
1.253771 0.720654 1.031386 0.126359 5.648178 0.587674 0.268221 0.346057 0.133688 11.613237 
0.197582 2.453536 0.966254 0.127498 5.679123 0.685353 0.269124 0.347202 0.134833 11.614381 
0.121772 0.126129 0.124112 2.989697 5.081469 2.663345 0.178136 0.380612 0.131937 15.355099 
0.148854 0.147004 0.148872 0.333486 9.258111 0.192471 0.156380 0.189916 0.260186 8.349260 
1.481863 0.309185 1.250953 0.599624 0.867289 5.312409 0.271315 0.120106 0.114385 10.856812 
0.240916 2.394973 0.511002 0.502042 0.109493 8.419250 0.338248 1.065575 0.288073 8.421078 
0.121715 0.117571 0.269496 2.994435 0.284488 9.419916 0.259267 0.268265 0.182449 10.474356 
0.274981 0.213273 0.115134 0.141925 6.972095 5.942184 0.493924 0.668624 0.095924 10.437890 
1.250700 0.285519 1.183703 0.524415 0.605340 4.435484 6.635468 0.130850 0.126791 10.970609 
0.263892 0.142868 0.238960 6.142775 0.572994 0.894740 6.598834 0.230209 0.132098 9.255509 
1.647195 0.142590 0.654930 0.114203 0.159461 0.905691 0.158699 6.528486 1.836611 9.690134 
0.464867 2.632496 1.269377 0.594775 0.715857 0.136822 0.363338 8.561116 1.620739 10.153211 
0.142787 0.483276 0.090350 5.260184 0.658238 0.430632 0.919210 8.831745 0.099342 10.404359 
0.148404 0.146805 0.148415 0.307970 8.020964 0.191004 0.154908 7.483137 0.260613 8.349688 
0.118686 0.115282 0.115762 0.114346 1.458360 0.642780 6.930164 6.061919 0.283876 15.666247 
0.351003 0.243806 0.308247 0.124308 1.235364 0.218417 0.152853 12.940806 0.767628 11.611983 
1.127224 0.373586 0.439761 0.191891 1.692600 0.684986 5.091158 4.544883 10.312726 9.260332 
0.442965 2.297294 1.063723 0.528916 0.764714 4.398208 0.259761 0.135627 8.790010 10.875015 
0.200222 0.160583 0.151048 5.518803 0.519125 0.816514 1.109824 0.809818 10.332093 9.230609 
0.234992 0.162387 0.168749 0.144864 2.333572 0.373248 9.239505 0.214470 10.307924 9.255530 
0.269153 3.968129 0.169249 0.429363 2.694426 0.343790 0.181286 1.190011 0.437237 0.389530 
1.589466 0.368412 4.228427 0.852066 0.431553 0.153950 1.510249 0.167179 0.197463 0.170740 
1.384788 0.653941 0.117767 5.720772 1.482193 3.006428 1.393037 0.290331 0.391581 0.337084 
1.511732 0.614711 0.419031 1.893770 6.451799 0.206957 1.864179 0.680459 0.126881 1.534664 
0.202131 2.947187 1.137455 0.116853 6.872096 1.176878 0.289587 0.384812 0.125801 1.259455 
0.151504 0.950136 1.111299 0.130593 9.516320 0.501331 0.290899 0.339208 4.001253 0.348665 
0.327224 3.178513 1.137222 2.005307 0.113389 6.629826 0.116493 0.141027 0.363398 2.559998 
0.631122 0.280729 1.488159 0.356190 4.443421 9.978943 1.213762 0.697964 0.135243 0.240984 
0.293339 0.173321 0.741084 1.034471 0.127019 11.900281 0.521250 0.712752 0.380868 0.250925 
0.148745 3.343239 1.635998 1.313149 0.315977 0.235922 7.287423 0.316360 1.415228 0.147775 
0.098543 0.107678 0.097634 0.499955 7.676340 1.736873 9.000308 0.102193 0.106265 0.240870 
0.119924 2.991082 1.307797 1.862653 0.152946 2.670577 0.218352 9.358598 0.111294 1.836545 
0.162492 1.488399 1.046721 4.216484 4.512162 2.846362 1.777847 9.536419 1.494466 0.561781 
0.396845 3.298464 1.217973 0.755997 0.143430 0.135250 2.731905 0.127076 9.085445 0.170678 
0.252164 0.147311 4.148036 2.430686 2.427614 3.019878 1.192182 0.219010 10.485105 1.515710 
