2.221523 0.223342 0.221580 0.221787 0.240087 
2.202921 0.762143 0.225270 0.221514 0.225860 
2.049031 1.794474 0.212800 0.221608 0.213242 
1.652250 2.886459 0.181919 0.180282 0.191119 
1.084688 3.706361 0.161927 0.160361 0.167682 
0.470410 4.107627 0.159692 0.159808 0.157161 
0.109159 4.109085 0.111744 0.111873 0.114653 
2.196400 0.215173 0.992790 0.213562 0.228682 
2.146422 0.909069 1.304845 0.211414 0.213487 
1.862854 2.167788 1.488950 0.186895 0.182581 
1.270951 3.366082 1.554902 0.165267 0.170151 
0.576964 3.921924 1.358829 0.117959 0.117738 
0.112631 4.055387 1.123752 0.113620 0.117279 
2.063415 0.210678 2.464622 0.210210 0.215095 
1.880631 1.077678 3.031543 0.179431 0.182805 
1.420854 2.443186 3.346785 0.165267 0.170173 
0.666305 3.398078 3.111500 0.116084 0.115768 
0.108219 3.750622 2.587757 0.108789 0.112262 
1.709502 0.188329 4.083273 0.189571 0.207525 
1.349284 1.199426 4.725384 0.160100 0.162613 
0.684114 2.321128 4.807826 0.111416 0.114126 
0.071383 3.008288 4.144671 0.072643 0.074466 
1.160344 0.157694 5.348173 0.157383 0.162565 
0.617670 1.060593 5.738950 0.112104 0.114696 
0.066504 1.958198 5.351799 0.066581 0.070522 
0.590618 0.158097 6.014734 0.162322 0.157953 
0.066922 0.885974 5.938975 0.066915 0.070847 
0.025040 0.025217 6.025036 0.027598 0.033588 
2.197988 0.218129 0.218398 1.348140 0.220374 
2.140243 0.962972 0.210649 1.677847 0.213238 
1.860567 2.149386 0.180284 1.989272 0.180801 
1.288884 3.324876 0.162476 2.040731 0.160372 
0.569085 3.932010 0.129015 1.840804 0.129694 
0.109799 4.049566 0.113308 1.489597 0.121047 
2.142163 0.215392 1.271786 1.804273 0.218549 
1.996105 1.145222 1.612953 2.091018 0.179554 
1.525860 2.640486 1.819139 2.417410 0.167913 
0.717772 3.628949 1.698816 2.240097 0.119990 
0.109339 3.934785 1.360939 1.743650 0.116603 
1.876616 0.175027 2.999914 2.037135 0.186337 
1.547109 1.371458 3.689320 2.436041 0.159785 
0.812004 2.718524 3.757654 2.477622 0.116779 
0.062621 3.369242 3.099065 2.025484 0.064415 
1.349267 0.160642 4.761646 2.098382 0.165879 
0.747100 1.290763 5.247527 2.348118 0.115804 
0.072601 2.345547 4.754370 2.155735 0.087246 
0.641145 0.117874 5.748183 1.922653 0.120089 
0.021431 1.047359 5.651841 1.872522 0.025154 
0.027535 0.030017 5.906026 1.627573 0.031519 
2.061771 0.209063 0.209576 3.220797 0.211415 
1.879841 1.119120 0.179077 3.942599 0.185609 
1.414028 2.434398 0.159007 4.411202 0.161679 
0.666730 3.396474 0.118740 4.131845 0.119681 
0.116589 3.753759 0.116272 3.443451 0.119126 
1.881468 0.183295 1.531139 3.985962 0.192462 
1.551862 1.366235 1.819293 4.896118 0.164353 
0.806717 2.722270 1.888940 4.959373 0.114129 
0.064631 3.378349 1.575116 4.064677 0.078176 
1.450489 0.163159 3.410902 4.484632 0.165615 
0.795657 1.378969 3.798475 5.026566 0.089600 
0.066866 2.497504 3.441918 4.548587 0.084210 
0.710655 0.114276 4.898914 4.308602 0.116067 
0.040228 1.204771 4.809477 4.296147 0.055529 
0.032311 0.035171 5.398440 3.607831 0.043196 
1.724362 0.196608 0.196355 5.357730 0.199029 
1.336462 1.155536 0.162701 6.319159 0.161216 
0.692979 2.335902 0.121530 6.370695 0.121572 
0.083200 3.029943 0.088061 5.492952 0.084373 
1.351140 0.163849 1.590401 6.312062 0.166362 
0.745273 1.279556 1.730849 6.909786 0.089417 
0.066222 2.295268 1.557888 6.401746 0.068719 
0.690407 0.110905 3.271218 6.503773 0.115548 
0.057611 1.192516 3.221784 6.463728 0.069665 
0.023837 0.024629 4.279593 5.661193 0.031600 
1.144723 0.160214 0.162181 7.121581 0.159550 
0.616373 1.047448 0.111605 7.622604 0.111601 
0.062519 1.970505 0.063684 7.091611 0.071164 
0.614823 0.114994 1.442132 7.655865 0.120094 
0.053213 1.056693 1.424353 7.575717 0.052125 
0.033956 0.034075 2.716222 7.189151 0.042001 
0.576251 0.184061 0.166910 7.996558 0.179362 
0.063205 0.887970 0.070953 7.891181 0.065439 
0.050697 0.050586 1.234314 7.888996 0.047434 
0.020044 0.020071 0.020044 8.020042 0.026055 
2.191346 0.216943 0.216805 0.216745 1.804891 
2.140692 0.934373 0.222269 0.218261 2.171228 
1.857050 2.144742 0.175861 0.180080 2.433429 
1.280768 3.336484 0.160584 0.160897 2.522902 
0.579387 3.920818 0.122236 0.120991 2.238303 
0.113830 4.055585 0.114731 0.114145 1.812001 
2.141288 0.211007 1.239334 0.213298 2.183106 
1.990892 1.147284 1.595588 0.173817 2.575499 
1.527627 2.641817 1.823122 0.168964 2.990793 
0.714204 3.625192 1.691015 0.115529 2.781276 
0.117816 3.934594 1.365908 0.118136 2.260080 
1.887067 0.186169 3.023545 0.191869 2.487385 
1.557985 1.348034 3.686761 0.166222 3.059458 
0.798047 2.732101 3.743377 0.117809 3.147397 
0.067695 3.369978 3.104929 0.068040 2.560188 
1.354939 0.162242 4.732437 0.159269 2.631611 
0.757599 1.294623 5.242451 0.115599 2.941400 
0.073259 2.312055 4.801950 0.071921 2.616010 
0.613150 0.122755 5.767771 0.121599 2.429722 
0.018048 1.044818 5.645664 0.027007 2.345772 
0.018642 0.021847 5.901122 0.018814 1.984279 
2.133098 0.212173 0.217883 1.773379 2.194946 
1.974421 1.182110 0.172029 2.153607 2.673710 
1.517484 2.615764 0.157672 2.379405 3.032154 
0.711757 3.627515 0.113363 2.227709 2.734483 
0.113754 3.929601 0.116212 1.728310 2.331538 
1.996708 0.177861 1.585792 2.028956 2.709887 
1.708592 1.493463 2.036122 2.687769 3.374772 
0.885705 3.014841 2.078297 2.738818 3.444988 
0.065862 3.616854 1.641893 2.261640 2.651081 
1.565382 0.161048 3.665999 2.438258 3.063109 
0.893147 1.531198 4.182244 2.770225 3.486660 
0.071954 2.753105 3.721751 2.478525 3.063454 
0.756214 0.114063 5.265068 2.376767 2.934652 
0.044782 1.273260 5.216726 2.339176 2.875068 
0.026273 0.026357 5.677032 1.929753 2.401145 
1.871454 0.175026 0.175400 3.982512 2.494828 
1.548277 1.331028 0.162304 4.894694 3.031636 
0.800927 2.725720 0.112701 4.949358 3.091204 
0.067595 3.382006 0.070412 4.059631 2.597593 
1.559027 0.160106 1.841272 4.891469 3.023837 
0.890967 1.537085 2.097760 5.535355 3.483811 
0.056197 2.703893 1.844444 4.976045 3.132093 
0.820239 0.116391 3.862215 5.092220 3.266758 
0.067852 1.413467 3.821137 5.096385 3.234355 
0.028475 0.028676 4.847940 4.289682 2.692460 
1.337563 0.161386 0.161563 6.315622 2.631162 
0.744870 1.280425 0.108273 6.969979 2.883570 
0.070640 2.315531 0.071402 6.364641 2.638449 
0.752645 0.109572 1.759004 7.003005 2.911549 
0.067646 1.324501 1.769482 6.950336 2.907065 
0.042740 0.042728 3.265684 6.447168 2.698596 
0.622455 0.119900 0.119835 7.639833 2.419914 
0.020429 1.036049 0.041001 7.519989 2.395785 
0.027352 0.027248 1.438053 7.568168 2.397650 
0.021712 0.022923 0.022372 7.869483 1.958850 
2.052501 0.208148 0.206997 0.206381 4.051982 
1.883137 1.106322 0.180532 0.183361 4.874602 
1.406354 2.444685 0.170381 0.164147 5.537409 
0.667622 3.393905 0.114736 0.114721 5.128939 
0.114556 3.741948 0.114535 0.115306 4.328744 
1.870967 0.175681 1.501524 0.185992 4.996601 
1.547233 1.368282 1.847043 0.162303 6.083504 
0.800954 2.719953 1.921134 0.125025 6.193664 
0.068842 3.356826 1.597837 0.069629 5.159500 
1.444683 0.161675 3.360338 0.160061 5.663464 
0.828794 1.412315 3.832511 0.121377 6.350443 
0.071427 2.514067 3.397957 0.078423 5.720588 
0.690485 0.112362 4.896144 0.112216 5.408510 
0.036848 1.186057 4.814605 0.037083 5.356116 
0.020379 0.020479 5.396354 0.020824 4.460852 
1.881369 0.177018 0.177139 1.937667 4.922607 
1.545204 1.351829 0.161155 2.418645 6.083073 
0.780311 2.725401 0.117186 2.514625 6.237063 
0.064435 3.360120 0.064338 2.043927 5.160716 
1.565613 0.167651 1.866955 2.434488 6.076416 
0.882610 1.530371 2.096155 2.784482 6.937908 
0.045256 2.711412 1.847543 2.492960 6.141809 
0.828588 0.119894 3.856065 2.587647 6.375597 
0.071423 1.403162 3.860461 2.530317 6.361719 
0.024567 0.024676 4.838202 2.168424 5.358078 
1.444610 0.163350 0.164150 4.501725 5.597979 
0.815610 1.403489 0.115254 5.085552 6.337098 
0.071188 2.549139 0.071489 4.492230 5.641598 
0.799816 0.081176 1.894776 5.068450 6.331575 
0.084389 1.436490 1.921604 5.115782 6.378870 
0.031908 0.031793 3.480786 4.629795 5.855777 
0.708735 0.116562 0.116682 6.497395 5.370638 
0.038472 1.180911 0.040124 6.439284 5.308507 
0.046779 0.041640 1.597872 6.475511 5.388512 
0.027371 0.027151 0.028432 7.178570 4.509270 
1.719390 0.186786 0.195316 0.187035 6.610981 
1.330741 1.167770 0.161599 0.163475 7.872476 
0.681558 2.318528 0.114893 0.118797 7.964332 
0.080137 3.026379 0.080221 0.080271 6.842641 
1.348451 0.161670 1.587738 0.161979 7.851675 
0.740703 1.255172 1.714466 0.079240 8.616487 
0.068550 2.327131 1.616590 0.069974 7.891692 
0.697589 0.111621 3.239893 0.110848 8.123029 
0.053922 1.169044 3.266872 0.056846 8.025343 
0.025414 0.027533 4.271373 0.028660 7.085910 
1.345898 0.157844 0.159453 2.126542 7.816119 
0.738994 1.270112 0.079156 2.293606 8.598872 
0.066770 2.311767 0.068219 2.114042 7.936971 
0.747945 0.087617 1.758497 2.346116 8.651335 
0.085249 1.283767 1.705832 2.315345 8.799146 
0.037471 0.036836 3.235947 2.168868 8.062794 
0.691994 0.110303 0.110380 4.327348 8.094246 
0.054270 1.202944 0.058489 4.272472 8.050640 
0.059829 0.059346 1.628397 4.273103 8.147483 
0.028502 0.028530 0.028476 5.704703 7.075244 
1.135419 0.161015 0.159305 0.159405 8.886819 
0.620699 1.056107 0.116847 0.116801 9.504970 
0.066341 1.953683 0.082682 0.067266 8.883122 
0.620466 0.112575 1.462413 0.112904 9.519441 
0.053738 1.050822 1.443603 0.055034 9.456802 
0.028109 0.028121 2.700155 0.028591 8.980689 
0.604156 0.110696 0.109609 1.953352 9.519829 
0.046153 1.057806 0.045898 1.934309 9.428178 
0.063507 0.060929 1.408965 1.939533 9.517499 
0.033902 0.026399 0.035920 3.581211 8.980761 
0.528351 0.154440 0.154314 0.157354 9.977607 
0.063220 0.902717 0.064966 0.063294 9.840237 
0.023630 0.023460 1.216468 0.031809 9.823644 
0.018498 0.017652 0.017219 1.568432 9.827382 
0.024248 0.029700 0.024222 0.024221 10.024211 
