0.282250 0.383843 0.062357 0.069967 0.054874 0.021707 0.421810 0.096844 0.016357 0.063028 
0.104960 0.703284 0.133149 0.113507 0.151506 0.039576 0.301416 0.153308 0.037357 0.160569 
0.033993 0.789805 0.069190 0.084821 0.030153 0.015974 0.743917 0.278626 0.012970 0.011085 
0.243175 0.031804 0.559677 0.175394 0.057053 0.010955 0.420292 0.084720 0.011811 0.010267 
0.157565 0.199072 0.490037 0.053575 0.051801 0.020569 0.459628 0.251871 0.017913 0.029363 
0.032047 0.577165 0.491050 0.049075 0.050002 0.018783 0.457851 0.250093 0.016135 0.027586 
0.336040 0.058477 0.071534 0.551358 0.075720 0.022878 0.394821 0.087391 0.032344 0.073061 
0.026370 0.523578 0.059563 0.495549 0.115570 0.031192 0.281576 0.263712 0.014532 0.161677 
0.128829 0.029632 0.504804 0.541600 0.037942 0.036306 0.307768 0.258269 0.019738 0.141542 
0.018801 0.188235 0.413401 0.947529 0.057351 0.017554 0.385906 0.100289 0.016129 0.037445 
0.017950 0.440842 0.044104 1.432839 0.042619 0.016280 0.459269 0.038503 0.015734 0.034215 
0.287935 0.038155 0.060330 0.037404 1.052817 0.023925 0.427015 0.093475 0.044724 0.294497 
0.177867 0.251511 0.031101 0.071168 0.648021 0.020394 0.396865 0.076926 0.024921 0.013346 
0.022479 0.636281 0.077727 0.075022 0.599982 0.013372 0.389971 0.077847 0.037838 0.283536 
0.160812 0.024444 0.365007 0.115240 0.669392 0.011428 0.390214 0.084748 0.014141 0.010733 
0.039157 0.297506 0.377412 0.131400 0.677224 0.029148 0.401149 0.101336 0.039612 0.028471 
0.027107 0.021860 0.527165 0.597830 0.575628 0.036826 0.306840 0.278700 0.032645 0.127828 
0.037922 0.107529 0.042672 1.320444 0.748829 0.055453 0.304246 0.284554 0.038988 0.954374 
0.160194 0.032704 0.042173 0.032500 1.743405 0.022224 0.518509 0.367024 0.020692 0.197743 
0.019171 0.308197 0.034932 0.024384 1.858626 0.013122 0.294413 0.352250 0.014702 0.188506 
0.017834 0.191041 0.409275 0.062204 1.234877 0.016876 0.406814 0.082665 0.018895 0.286964 
0.066138 0.019979 0.091614 0.176287 2.093401 0.015764 0.482862 0.083073 0.018452 0.128852 
0.138779 0.383056 0.089593 0.047173 0.058894 0.278458 0.323621 0.256853 0.032096 0.038258 
0.137292 0.059966 0.677955 0.074475 0.132439 0.409888 0.575840 0.128600 0.047595 0.390240 
0.022341 0.308690 0.631864 0.036598 0.115445 0.299314 0.376009 0.100251 0.026700 0.035930 
0.032253 0.079927 1.652996 0.036073 0.051616 0.291728 0.381960 0.187805 0.044172 0.030666 
0.203929 0.044990 0.066182 0.802248 0.049723 0.307443 0.405352 0.097161 0.029963 0.043296 
0.025059 0.414282 0.053016 0.761690 0.041144 0.298864 0.396772 0.088582 0.021384 0.034716 
0.023788 0.293575 0.266242 0.026318 0.492746 0.294991 0.385332 0.085210 0.023851 0.012676 
0.017663 0.018865 0.509520 0.176161 0.783988 0.285018 0.509052 0.063340 0.041711 0.063323 
0.076647 0.020802 0.024171 0.132583 1.540973 0.326833 0.482398 0.082380 0.017929 0.128329 
0.195795 0.081418 0.360970 0.083850 0.134151 0.673840 0.594444 0.142761 0.060798 0.404216 
0.024263 0.184478 0.575244 0.044100 0.095116 0.611671 0.548505 0.102376 0.020776 0.363334 
0.019752 0.068324 0.126672 0.306199 0.835649 0.640105 0.398942 0.093928 0.020484 0.252774 
0.033211 0.159183 0.200756 0.085902 0.153345 1.178345 0.323052 0.090974 0.064682 0.042112 
0.322548 0.055771 0.055240 0.050068 0.060925 0.022577 2.398912 0.092004 0.027352 0.040699 
0.044243 0.527143 0.065383 0.043170 0.032689 0.016622 1.996950 0.186129 0.030340 0.035124 
0.147511 0.052565 0.320067 0.119673 0.040291 0.027521 1.958209 0.129070 0.040508 0.110192 
0.019752 0.222949 0.472319 0.036566 0.040445 0.016592 2.387478 0.095824 0.030069 0.033399 
0.025048 0.166129 0.043323 0.502264 0.066605 0.039987 2.072158 0.276433 0.019499 0.341764 
0.035988 0.067373 0.517915 0.654429 0.034999 0.040517 2.234669 0.111238 0.037798 0.141849 
0.018806 0.046849 0.088697 1.434760 0.034482 0.021341 2.243083 0.093390 0.019457 0.037996 
0.020881 0.238118 0.038196 0.037014 0.610198 0.012091 2.074606 0.085117 0.035759 0.281458 
0.023350 0.017406 0.553293 0.023780 0.559409 0.018709 1.961519 0.269797 0.032579 0.137578 
0.039519 0.018759 0.023422 0.151869 1.237917 0.017677 2.034339 0.270614 0.028851 0.139423 
0.028133 0.281876 0.045606 0.032939 0.110328 0.256111 2.109357 0.327505 0.036587 0.040145 
0.044051 0.024888 0.026129 1.113297 0.032512 0.174658 2.173002 0.100296 0.036222 0.039025 
0.111169 0.025999 0.159971 0.079782 0.067188 0.016692 2.829219 0.259203 0.033383 0.016081 
0.022829 0.155831 0.167091 0.067227 0.124501 0.015457 2.560868 0.251959 0.014806 0.010798 
0.031545 0.116980 0.297341 0.080439 0.137737 0.028648 2.575132 0.265249 0.027824 0.024199 
0.023007 0.156489 0.031351 0.422467 0.066522 0.055953 2.886691 0.246862 0.033388 0.042640 
0.019880 0.128241 0.120190 0.051892 0.099642 0.149110 2.582376 0.253424 0.011413 0.010165 
0.035284 0.636318 0.063087 0.071558 0.031954 0.023192 0.243707 1.660580 0.019093 0.016901 
0.101993 0.026595 0.641659 0.033603 0.170330 0.019897 0.227531 1.175284 0.024865 0.013971 
0.138162 0.024939 0.036253 0.909075 0.033933 0.019316 0.252180 1.579511 0.029395 0.021278 
0.025086 0.277711 0.041341 0.883180 0.041686 0.029567 0.249469 1.587095 0.034907 0.026887 
0.033282 0.047201 0.491580 0.928663 0.052443 0.036597 0.197898 1.589083 0.044601 0.154030 
0.154630 0.029497 0.037702 0.028715 0.697509 0.016195 0.349569 1.775682 0.017170 0.034891 
0.030120 0.353800 0.050157 0.034715 0.782232 0.026118 0.272953 1.569228 0.025783 0.028145 
0.013831 0.144220 0.313856 0.020930 0.843152 0.031091 0.278124 0.960794 0.014498 0.072427 
0.015171 0.016817 0.082568 0.641004 0.569448 0.017803 0.517814 1.624798 0.027005 0.249358 
0.145809 0.187338 0.096708 0.052288 0.106071 0.214888 0.256041 1.683050 0.039077 0.056656 
0.027860 0.404298 0.045334 0.050540 0.025870 0.418809 0.268270 1.660427 0.018940 0.016748 
0.066297 0.092401 0.085790 0.940608 0.076215 0.358565 0.556548 1.791331 0.066743 0.066225 
0.033887 0.092587 0.036591 0.231582 0.623590 0.391733 0.275673 1.723650 0.033341 0.054416 
0.020688 0.068681 0.070126 0.290662 0.103320 0.754024 0.211162 1.654678 0.029940 0.032113 
0.032894 0.035009 0.535026 0.059727 0.070157 0.030394 1.726106 1.744734 0.031200 0.047081 
0.040752 0.021810 0.022290 0.975646 0.028938 0.023724 1.338597 1.346297 0.034186 0.042501 
0.053691 0.064841 0.095313 0.058149 0.055665 0.209065 1.908195 1.664951 0.046796 0.130996 
0.029926 0.374447 0.045969 0.053054 0.028174 0.021711 0.353485 3.506127 0.021879 0.019820 
0.013451 0.011420 0.157012 0.141569 0.646347 0.014204 0.125557 3.668453 0.025285 0.011755 
0.010756 0.016259 0.179679 0.181521 0.044312 0.392212 0.164582 3.789732 0.013803 0.036823 
0.500015 0.067224 0.099621 0.016852 0.041679 0.022542 0.249752 0.070610 0.631433 0.147858 
0.130598 0.319426 0.111932 0.060121 0.200025 0.032009 0.230512 0.249900 0.534469 0.033774 
0.043094 0.598022 0.090897 0.059720 0.108688 0.039248 0.442674 0.214877 0.497123 0.047198 
0.037213 0.367228 0.492528 0.035407 0.050606 0.040389 0.227399 1.256487 0.392168 0.039030 
0.059583 0.350119 0.093537 0.776951 0.072419 0.077052 0.329473 0.112286 0.694317 0.205737 
0.042610 0.134814 0.048169 1.812358 0.061226 0.065859 0.318281 0.101093 0.683124 0.194544 
0.188237 0.045368 0.047062 0.047501 0.941513 0.025806 0.310123 0.057544 0.452048 0.210055 
0.029012 0.353267 0.043207 0.028400 0.901764 0.011133 0.215608 0.286194 0.339897 0.029262 
0.037035 0.061202 0.557637 0.051986 1.288355 0.043092 0.256683 0.231714 0.361293 0.104557 
0.029810 0.037901 0.226986 0.552625 0.572448 0.017207 0.314672 0.088085 0.456451 0.016405 
0.019671 0.148755 0.180420 0.027392 1.272724 0.016376 0.231968 0.206999 0.336578 0.079842 
0.136664 0.034579 0.042864 0.033096 0.569443 0.496103 0.488975 0.062871 0.468150 0.041226 
0.017471 0.230019 0.495827 0.033478 0.129574 0.237206 0.306715 0.070609 0.443098 0.031919 
0.041055 0.015979 0.017419 1.055470 0.025713 0.447219 0.192812 0.254656 0.780145 0.059930 
0.026238 0.030465 0.204537 0.242508 0.420834 0.895161 0.256575 0.096002 0.634505 0.110566 
0.087547 0.017410 0.127784 0.061809 0.053057 0.008969 2.365585 0.213378 0.339660 0.255367 
0.025095 0.341366 0.028526 0.023962 0.083829 0.009446 1.769429 0.239306 0.339263 0.080057 
0.020143 0.010373 0.320549 0.153378 0.282262 0.010154 1.885036 0.103367 0.340582 0.256289 
0.087056 0.031162 0.031648 0.023494 0.120020 0.235002 2.511067 0.059405 0.460779 0.100080 
0.152244 0.052087 0.435712 0.035309 0.102820 0.040336 0.225431 1.243436 0.388355 0.413240 
0.042499 0.491432 0.069359 0.053580 0.084914 0.033657 0.312060 1.377497 0.479260 0.037186 
0.034412 0.042048 0.485127 0.498402 0.091813 0.035134 0.190933 1.378857 0.480620 0.038546 
0.044150 0.024306 0.098981 0.761582 0.083167 0.026145 0.291793 1.302910 0.374427 0.388744 
0.033331 0.015038 0.048199 0.281305 0.795756 0.015984 0.155358 1.315499 0.461655 0.026994 
0.032020 0.574777 0.072576 0.062384 0.142356 0.023354 0.244589 0.112446 1.142047 0.092338 
0.059381 0.036538 0.035639 1.168675 0.059851 0.032164 0.201660 0.932334 1.098534 0.058411 
0.107938 0.023079 0.022331 0.027762 1.389509 0.024757 0.150922 0.053832 1.357198 0.059508 
0.029380 0.117270 0.115264 0.057253 0.367258 0.437014 0.191841 0.097232 1.163516 0.922856 
0.026291 0.137298 0.097773 0.054529 0.204012 0.031130 1.928996 0.106576 1.202562 0.042488 
0.309449 0.072315 0.069842 0.051702 0.052661 0.019754 0.251384 0.176125 0.026370 4.341653 
0.155810 0.251528 0.064380 0.045830 0.050808 0.012043 0.245469 0.170107 0.020148 4.291113 
0.044802 0.645803 0.087763 0.054282 0.063481 0.024459 0.257987 0.182625 0.032666 4.303632 
0.149303 0.048070 0.569167 0.046983 0.046929 0.042401 0.265651 0.211143 0.032176 4.091286 
0.050188 0.271422 0.515573 0.408247 0.143758 0.057419 0.441557 0.173160 0.065836 3.942195 
0.174210 0.048129 0.057672 0.765901 0.050014 0.044313 0.232805 0.084577 0.029890 4.385559 
0.009950 0.027788 0.585511 0.633642 0.131205 0.011090 0.224574 0.056522 0.011694 3.992944 
0.037620 0.027466 0.100118 1.300020 0.040704 0.027280 0.531531 0.078234 0.138881 4.106757 
0.026468 0.357281 0.049802 0.032710 0.800759 0.032531 0.220616 0.072708 0.018510 4.373811 
0.036897 0.067227 0.090991 0.588472 0.576168 0.021432 0.220907 0.092640 0.019148 4.258814 
0.025180 0.018794 0.071195 0.864581 0.067954 0.431692 0.199095 0.203491 0.019358 4.967036 
0.042591 0.024579 0.172378 0.028323 0.701090 0.437786 0.203796 0.208190 0.022982 4.672430 
0.040810 0.112427 0.287291 0.048159 0.170012 0.820082 0.294907 0.116194 0.039771 5.238357 
0.114549 0.021958 0.198135 0.023945 0.016223 0.014097 2.159419 0.045382 0.022013 4.026081 
0.027694 0.047321 0.650681 0.050213 0.040486 0.027446 2.190676 0.133467 0.027452 4.107598 
0.012006 0.014053 0.040462 0.663452 0.612595 0.010095 1.956388 0.139729 0.010931 3.546818 
0.058159 0.084159 0.034243 0.038078 0.402058 0.022251 1.331981 0.178406 0.038782 4.154687 
0.186546 0.040355 0.055754 0.029216 0.029934 0.021699 0.145009 1.825546 0.022694 7.480170 
0.026373 0.086071 0.577532 0.090066 0.038596 0.026470 0.173662 1.264433 0.025022 4.375814 
0.028803 0.058869 0.100066 0.738076 0.081840 0.038218 0.203816 0.984002 0.042471 4.167914 
0.018457 0.222354 0.032792 0.022301 0.495527 0.014881 0.125448 1.191822 0.020800 4.369396 
0.107887 0.032023 0.051688 0.508536 0.034583 0.022172 0.153782 0.278750 0.456607 4.101661 
0.025839 0.019771 0.492684 0.611932 0.035504 0.020411 0.180478 0.061479 0.441427 4.001210 
0.124187 0.033062 0.056858 0.605965 0.036153 0.021231 0.179460 0.064516 0.438814 4.100458 
0.032064 0.030463 0.159493 0.275831 0.799274 0.033912 0.174638 0.173630 0.453979 4.157827 
0.023543 0.182547 0.034765 0.048288 0.216606 0.311733 0.148679 0.074278 0.821536 4.009031 
0.396641 0.057304 0.060810 0.065188 0.038851 0.057394 0.202030 0.267065 0.012652 19.973980 
0.026010 0.472363 0.056450 0.440541 0.105688 0.031331 0.241144 0.235000 0.016502 18.676952 
0.035424 0.016858 0.895679 0.049070 0.043235 0.023087 0.202827 0.038302 0.020252 18.122903 
0.050950 0.034611 0.038281 0.154936 1.056310 0.033838 1.723655 0.282499 0.043377 20.007594 
0.029355 0.154716 0.039207 0.152489 0.102350 0.027500 1.710321 0.177721 0.026270 7.308098 
0.058234 0.062623 0.188233 0.174463 0.624536 0.060902 0.160186 3.319118 0.060461 18.664401 
0.152899 0.029618 0.040202 0.032145 0.110227 0.011339 0.085931 0.026796 0.717850 18.120154 
0.117153 0.028070 0.035636 0.029580 0.027785 0.014309 1.743111 0.038484 0.021513 18.123157 
0.366696 0.055837 0.051952 0.072794 0.254936 0.018782 0.226110 0.382794 0.024351 0.022863 
0.178755 0.488509 0.158556 0.080794 0.075079 0.038053 0.285534 0.309707 0.054783 0.039288 
0.058606 0.913151 0.117001 0.110960 0.146534 0.040779 0.309265 0.274071 0.039847 0.160933 
0.224909 0.071474 0.075807 0.988714 0.066054 0.046074 0.305344 0.312686 0.037217 0.204265 
0.038768 0.333555 0.068336 0.977946 0.140467 0.116350 0.313618 0.260575 0.047102 0.056353 
0.015637 0.044353 0.927487 0.014821 1.361105 0.014430 0.378861 0.170222 0.030685 0.250393 
0.080915 0.026304 0.026464 0.467350 1.479170 0.021101 0.353925 0.294972 0.030839 0.071556 
0.048612 0.271731 0.255152 0.114526 0.212845 0.314700 0.373098 0.271358 0.029357 0.028576 
0.071761 0.091397 0.037391 0.160963 0.765434 0.265504 0.843045 0.068551 0.030031 0.067525 
0.051018 0.177564 0.214196 0.102962 0.168858 1.161816 0.410449 0.110137 0.083942 0.061281 
0.030253 0.389377 0.054983 0.054683 0.155166 0.022600 2.156308 0.333590 0.023517 0.032926 
0.020922 0.014726 0.538122 0.034580 0.281417 0.013894 2.709134 0.271834 0.025779 0.120962 
0.044293 0.119530 0.125921 0.176140 0.125286 0.168159 2.584545 0.278549 0.041696 0.057125 
0.031308 0.139700 0.130614 0.066939 0.291418 0.030329 2.482616 0.259136 0.033405 0.021590 
0.275718 0.047058 0.071189 0.029637 0.027720 0.016223 0.204706 2.782883 0.016658 1.359068 
0.009054 0.079848 0.159286 0.410857 0.033500 0.069557 0.192278 1.303919 0.475035 0.030716 
0.061077 0.165523 0.136389 0.089229 0.250153 0.064648 1.804954 0.137083 1.235624 0.075727 
0.039554 0.203478 0.428946 0.037051 0.090996 0.046430 0.208142 1.006784 0.050686 4.012501 
0.030532 0.027482 0.299206 0.353571 0.860817 0.028488 0.203624 0.214067 0.029220 4.051664 
0.030603 0.040411 0.316843 0.040874 0.175346 0.116518 2.221032 0.136506 0.030490 4.110636 
0.052873 0.075539 0.032025 0.035368 0.352664 0.020827 1.120530 0.064808 0.427294 4.154246 
