2.221117 0.222235 0.223987 0.222242 0.227224 
2.197580 0.797264 0.228067 0.224085 0.223815 
2.059428 1.781955 0.221395 0.223650 0.222695 
1.658229 2.855048 0.176745 0.179403 0.178397 
1.076462 3.717281 0.161496 0.166385 0.161318 
0.505509 4.088872 0.154785 0.157069 0.156062 
0.113601 4.111363 0.115347 0.112665 0.128704 
2.192152 0.212146 1.054380 0.215921 0.215215 
2.143494 0.953569 1.292499 0.218244 0.215693 
1.854861 2.158995 1.475142 0.175221 0.178824 
1.286679 3.349143 1.541133 0.174036 0.173345 
0.591609 3.983435 1.383793 0.165779 0.165440 
0.111293 4.052337 1.137599 0.111940 0.116909 
2.070589 0.213838 2.443550 0.216292 0.216115 
1.897528 1.079703 2.987835 0.190698 0.187780 
1.422640 2.444726 3.333845 0.164268 0.164699 
0.673114 3.404450 3.107461 0.120139 0.118775 
0.113179 3.749559 2.598818 0.114115 0.121700 
1.726516 0.192738 4.043338 0.194018 0.193495 
1.361615 1.181595 4.728763 0.167427 0.172711 
0.701850 2.342296 4.779711 0.124304 0.117628 
0.069193 3.023105 4.112928 0.068609 0.091931 
1.152887 0.161919 5.373607 0.167456 0.162954 
0.636137 1.067032 5.737451 0.119971 0.123057 
0.080883 1.966733 5.371207 0.081619 0.085242 
0.588560 0.157261 6.015292 0.157994 0.157706 
0.069884 0.879709 5.945379 0.079400 0.073781 
0.023317 0.026418 6.023276 0.026485 0.031270 
2.191123 0.213424 0.212400 1.373206 0.217285 
2.145387 0.960447 0.220271 1.681582 0.219833 
1.873998 2.127371 0.185671 1.950635 0.195692 
1.296476 3.315454 0.162288 2.064045 0.162880 
0.588684 3.933103 0.131245 1.795215 0.129965 
0.113948 4.047119 0.118591 1.541840 0.114498 
2.151398 0.217825 1.311422 1.648673 0.225816 
1.990969 1.152888 1.604292 2.124858 0.181748 
1.531798 2.626511 1.808529 2.464429 0.170531 
0.715086 3.630819 1.643316 2.228013 0.112002 
0.115537 3.922820 1.376266 1.878070 0.118569 
1.897742 0.189867 2.975848 2.064348 0.194168 
1.566561 1.371008 3.702471 2.493066 0.178143 
0.803695 2.727115 3.741744 2.543157 0.126120 
0.071430 3.360073 3.135526 2.071798 0.109814 
1.344262 0.165202 4.759589 2.164409 0.161565 
0.766291 1.289531 5.239740 2.378997 0.121762 
0.079080 2.363384 4.741742 2.178849 0.094021 
0.610293 0.122895 5.780115 1.939883 0.130723 
0.028103 1.051724 5.648448 1.932627 0.033230 
0.037288 0.044747 5.922081 1.595331 0.039158 
2.060912 0.212787 0.219568 3.268878 0.215868 
1.879239 1.088183 0.174576 3.937454 0.196631 
1.408237 2.451107 0.163511 4.428932 0.162498 
0.660741 3.391353 0.111976 4.121665 0.111737 
0.112758 3.750080 0.115151 3.433168 0.112698 
1.880661 0.176776 1.476270 3.987055 0.179065 
1.557042 1.356668 1.823420 4.888836 0.166993 
0.808021 2.736335 1.858297 4.986872 0.124800 
0.071841 3.375858 1.534007 4.133543 0.078245 
1.444762 0.162861 3.383312 4.547435 0.165679 
0.819329 1.381383 3.771345 5.036537 0.090523 
0.063271 2.473970 3.427483 4.604454 0.065525 
0.715782 0.111382 4.863851 4.352345 0.113329 
0.050577 1.208054 4.822805 4.310228 0.054807 
0.028272 0.032203 5.372858 3.658671 0.040765 
1.701674 0.180984 0.181432 5.371090 0.186510 
1.332467 1.161387 0.165469 6.348210 0.169724 
0.681429 2.336496 0.120001 6.386185 0.119182 
0.075572 2.997836 0.078577 5.538089 0.080244 
1.352298 0.159089 1.577030 6.291640 0.161971 
0.744449 1.255123 1.761662 6.892287 0.084287 
0.063046 2.292040 1.619859 6.372966 0.079387 
0.696779 0.117785 3.260214 6.526783 0.119773 
0.059474 1.196257 3.248410 6.442179 0.060984 
0.019003 0.019825 4.243770 5.697288 0.032121 
1.145676 0.161695 0.162208 7.123637 0.178612 
0.625264 1.058833 0.123421 7.637473 0.127695 
0.074400 1.962535 0.074479 7.125614 0.090278 
0.622821 0.119926 1.464235 7.651849 0.119986 
0.055107 1.062333 1.428776 7.577140 0.055541 
0.047290 0.048160 2.726936 7.203033 0.047582 
0.537457 0.163737 0.164951 8.022506 0.171222 
0.060037 0.846380 0.100941 7.903437 0.062378 
0.062458 0.062819 1.178633 7.922147 0.066505 
0.030049 0.031437 0.032412 8.029163 0.033722 
2.187823 0.214546 0.217044 0.218140 1.833341 
2.140531 0.938547 0.211547 0.211900 2.113808 
1.843619 2.170586 0.173184 0.181526 2.474042 
1.296417 3.312030 0.163061 0.166749 2.566769 
0.586664 3.926670 0.128640 0.136699 2.265767 
0.110483 4.047945 0.113344 0.110454 1.870639 
2.137665 0.210864 1.262827 0.214091 2.214890 
1.997981 1.168539 1.616575 0.185898 2.616450 
1.526524 2.618700 1.812481 0.163114 3.001057 
0.711823 3.629219 1.670113 0.117048 2.818666 
0.114466 3.927594 1.362825 0.113805 2.292910 
1.862964 0.172478 3.046126 0.173022 2.533404 
1.561390 1.380974 3.636542 0.165236 3.074203 
0.800341 2.753866 3.716781 0.120648 3.141551 
0.063398 3.369191 3.075404 0.063379 2.611855 
1.371750 0.170167 4.706230 0.166990 2.619167 
0.756082 1.290483 5.246289 0.115366 2.932039 
0.066978 2.312316 4.781252 0.072492 2.666124 
0.623657 0.115306 5.742810 0.119186 2.473185 
0.027933 1.056363 5.647085 0.027814 2.408363 
0.036785 0.039771 5.920262 0.039891 1.997305 
2.146284 0.212122 0.212652 1.572895 2.073935 
1.971436 1.171269 0.164785 2.086924 2.673626 
1.521991 2.636973 0.169396 2.451613 2.973759 
0.707592 3.645825 0.125304 2.226297 2.788226 
0.113745 3.913159 0.115598 1.875409 2.331617 
2.004676 0.183238 1.550287 2.110427 2.641961 
1.702304 1.504240 2.119175 2.667671 3.367097 
0.889289 3.049606 2.074190 2.811520 3.486881 
0.068698 3.617695 1.631886 2.229024 2.751282 
1.559701 0.163094 3.671716 2.527755 3.030512 
0.897390 1.537345 4.156683 2.760705 3.541825 
0.067702 2.717196 3.751881 2.453131 3.146355 
0.761218 0.117090 5.258334 2.338270 3.009572 
0.050104 1.272508 5.203265 2.356072 2.977048 
0.031969 0.034012 5.698847 1.869713 2.374518 
1.855771 0.165492 0.168809 3.974023 2.592621 
1.561752 1.344514 0.167430 4.848081 3.065203 
0.810282 2.718206 0.124151 4.995874 3.126720 
0.066350 3.370972 0.072012 4.087251 2.612828 
1.563160 0.166140 1.845190 4.882889 3.100460 
0.886129 1.521506 2.097660 5.620231 3.503613 
0.066932 2.726428 1.877374 4.950720 3.134701 
0.829031 0.117844 3.843414 5.111552 3.243918 
0.072676 1.390159 3.841577 5.095291 3.273449 
0.029401 0.030230 4.834802 4.351918 2.599195 
1.343985 0.165806 0.166095 6.311211 2.654902 
0.759194 1.258561 0.113850 6.972588 2.909034 
0.077970 2.316668 0.082043 6.372986 2.669567 
0.754790 0.116112 1.751274 7.001646 2.976330 
0.073938 1.275903 1.766783 6.999829 2.902626 
0.047152 0.047182 3.235035 6.480372 2.710126 
0.605837 0.119771 0.119288 7.659862 2.387794 
0.026350 1.058149 0.028307 7.523360 2.376410 
0.034841 0.034520 1.410686 7.591942 2.379199 
0.027105 0.027946 0.029212 7.868611 1.999810 
2.057811 0.208877 0.210353 0.212495 4.020950 
1.873436 1.062171 0.173675 0.178730 4.947785 
1.399267 2.468225 0.164110 0.164389 5.515912 
0.648404 3.389684 0.117525 0.113247 5.172963 
0.111713 3.734846 0.125491 0.114629 4.341064 
1.871928 0.178463 1.465756 0.178220 5.041832 
1.550602 1.342260 1.832053 0.163558 6.118597 
0.798762 2.725221 1.873109 0.120571 6.244403 
0.071324 3.370814 1.535883 0.070662 5.165840 
1.436595 0.161289 3.376570 0.162829 5.694763 
0.813611 1.388082 3.743809 0.084996 6.319552 
0.067203 2.498532 3.447682 0.067777 5.656705 
0.708290 0.110359 4.864413 0.112532 5.426900 
0.046844 1.187488 4.814707 0.045935 5.400984 
0.029247 0.031172 5.390838 0.055082 4.514694 
1.854153 0.167509 0.166352 1.976220 5.026204 
1.546848 1.341138 0.160465 2.439511 6.075641 
0.796533 2.724180 0.112524 2.496046 6.176574 
0.067323 3.341264 0.066733 2.011973 5.267595 
1.553462 0.168374 1.828460 2.473079 6.174734 
0.895217 1.531726 2.121875 2.809035 6.995327 
0.037403 2.686407 1.841778 2.446561 6.191472 
0.823929 0.112314 3.800269 2.577293 6.441887 
0.072047 1.401568 3.808494 2.569541 6.428846 
0.039565 0.040390 4.853673 2.127369 5.402054 
1.446071 0.163282 0.163877 4.459874 5.641941 
0.806028 1.393367 0.084663 5.011863 6.270949 
0.070543 2.499900 0.070838 4.621618 5.615110 
0.812871 0.084137 1.909503 5.053799 6.313742 
0.082332 1.408895 1.941085 5.112995 6.393802 
0.041815 0.041259 3.498209 4.625003 5.864881 
0.707798 0.114683 0.115386 6.477055 5.400389 
0.047725 1.189307 0.049033 6.420544 5.370204 
0.051912 0.051765 1.647565 6.445887 5.440983 
0.022489 0.021950 0.025050 7.174419 4.501408 
1.688158 0.190023 0.192081 0.192798 6.813627 
1.342208 1.153605 0.171301 0.173426 7.889982 
0.682949 2.321971 0.115459 0.118298 7.955708 
0.067242 2.980476 0.067774 0.067408 6.917910 
1.353503 0.170986 1.618235 0.171358 7.865614 
0.720147 1.249037 1.714981 0.074381 8.630777 
0.076394 2.314746 1.606824 0.076260 7.954687 
0.691503 0.115704 3.267690 0.117284 8.122297 
0.061250 1.177676 3.229368 0.061329 8.080816 
0.032838 0.033105 4.264581 0.033439 7.121122 
1.345804 0.161691 0.162530 2.076293 7.856265 
0.728929 1.262589 0.073936 2.353816 8.572909 
0.072269 2.303496 0.078909 2.098955 7.975413 
0.737661 0.080104 1.745906 2.332158 8.654772 
0.093892 1.311654 1.750656 2.322203 8.774141 
0.040614 0.039645 3.234693 2.169333 8.073146 
0.711532 0.119454 0.121038 4.308267 8.106280 
0.062613 1.193672 0.061553 4.261488 8.088144 
0.063771 0.063623 1.649943 4.349473 8.082921 
0.025476 0.026203 0.024658 5.664629 7.116382 
1.135065 0.163096 0.164287 0.164957 8.902002 
0.608710 1.029837 0.117348 0.125646 9.534329 
0.073754 1.952764 0.075122 0.075585 8.900418 
0.608503 0.121361 1.412279 0.121371 9.578020 
0.056963 1.053883 1.442267 0.070017 9.460811 
0.036932 0.037396 2.679788 0.063361 9.009146 
0.612456 0.113060 0.113655 1.909635 9.531020 
0.055014 1.060963 0.055467 1.896709 9.455629 
0.056609 0.055669 1.473880 1.963556 9.475064 
0.042461 0.043039 0.040679 3.610940 8.989154 
0.535046 0.155399 0.167293 0.155743 9.972736 
0.073024 0.883834 0.080729 0.075733 9.864492 
0.046011 0.045515 1.174856 0.044467 9.864699 
0.028188 0.027986 0.028096 1.592733 9.834837 
0.025758 0.031292 0.025998 0.025612 10.025561 
