1.573179 2.725870 0.372808 0.188876 0.248674 0.084972 0.122477 0.263430 0.287010 0.335706 
1.647489 0.488834 3.607971 0.197216 0.140903 1.064331 0.688368 0.101914 1.512735 0.261376 
1.154712 2.415329 3.620468 0.079165 0.141705 0.367899 0.689084 0.104117 1.512283 0.258543 
0.258983 3.616432 2.763908 0.082908 0.103194 0.291841 0.713728 0.336396 0.316086 0.242316 
0.896633 0.559088 5.484270 0.138522 0.146608 0.551822 0.209260 0.232750 0.567627 0.172952 
0.181985 2.582373 4.696630 0.448008 0.469671 0.230061 0.674858 0.265805 0.120269 0.247970 
0.108237 0.430316 6.059386 0.152832 0.255575 0.086792 0.125034 0.097532 0.165291 0.600692 
1.622331 0.308202 0.287969 5.210806 0.100718 0.104787 0.125232 0.882073 0.258646 0.200321 
0.851858 2.889410 0.370793 5.058864 0.181813 0.543691 0.167989 0.133919 0.481097 0.662010 
0.276428 3.761174 0.237313 3.092262 0.206579 0.140620 0.169752 0.119071 0.257150 0.270319 
0.877424 0.088897 0.088453 7.315351 0.100030 0.315831 0.226772 0.087620 0.504148 2.644519 
0.166062 1.854884 1.434752 6.721345 2.371226 0.293096 0.716981 0.350462 0.317345 0.243575 
0.085857 0.260587 2.707210 7.246077 0.174706 0.161423 0.076604 0.291050 0.492587 0.301769 
1.749276 0.075028 0.488580 0.544432 5.379952 0.285615 0.110596 0.268932 0.969966 0.794452 
0.289202 3.341885 0.163182 0.144168 5.814430 0.088608 0.247119 0.089748 0.271480 0.346712 
0.762508 0.476864 4.576859 0.184838 5.623520 0.555690 0.213127 0.236617 0.570013 0.176819 
0.165878 2.021782 4.055418 0.090576 5.755250 0.337415 0.175162 0.148162 0.428231 0.259774 
0.297461 1.652915 0.114851 5.970427 5.472937 0.295239 0.792965 0.370609 1.304576 0.378754 
0.087258 0.263068 2.228207 5.661015 6.236802 0.158219 0.725267 0.103833 0.768649 0.138524 
0.092993 0.292012 0.084854 6.583482 5.876522 0.195524 0.232421 0.108956 0.255063 0.371266 
0.896066 0.840847 0.113772 0.168191 8.952047 0.452162 0.342148 0.179294 0.313005 0.483001 
0.192601 1.730577 0.250559 0.087753 9.152686 0.399156 0.714276 0.226999 0.160882 0.141940 
0.086762 0.238617 2.415595 0.369568 9.251009 0.160998 0.076221 0.287301 0.778368 0.301388 
0.178612 0.140248 0.095214 2.249589 9.709195 0.096686 0.264981 0.246234 0.357655 0.380941 
0.165493 0.159559 0.479113 0.078028 10.029288 0.127271 0.156802 0.336259 0.639699 0.175880 
0.276700 3.991701 0.302747 0.215964 0.158818 2.780048 0.227336 0.269321 0.171629 0.248015 
1.028421 0.259370 3.260530 0.237533 1.707201 6.552680 6.433120 0.318108 0.832104 0.153336 
0.232580 2.999314 2.296785 0.087484 0.104201 6.866709 0.737007 0.343344 0.323033 0.249263 
1.369354 0.083975 0.182673 0.107440 4.706344 7.297022 0.110325 0.186151 0.476564 0.089329 
0.213153 0.272225 3.940428 0.963240 5.238205 6.620726 0.724712 0.103155 0.667573 0.137841 
0.086568 0.096611 0.275082 5.201429 5.075519 6.828062 0.240725 0.102684 0.790143 3.177339 
0.305611 0.077872 0.995186 0.629128 8.565390 5.885941 0.156698 0.336831 0.767667 0.175796 
1.360875 0.211198 0.133517 0.086697 0.139385 9.253127 0.217192 0.590408 0.242772 0.199908 
0.217345 2.685497 0.234650 0.176994 0.139027 9.202254 0.223783 0.265646 0.168237 1.631879 
0.096858 0.268716 3.137868 0.119786 0.113510 10.360718 0.126250 0.144296 0.656866 1.591854 
0.233904 0.098746 0.089189 4.386720 0.138711 10.154212 0.123945 0.603727 0.254769 0.344476 
0.095252 0.085669 0.898818 0.478511 0.079162 11.933835 0.110183 0.225123 0.633716 0.203799 
2.008503 0.243858 0.139543 0.223303 0.177880 0.455448 3.759640 0.582317 0.253414 0.342269 
1.152508 2.922487 0.148130 0.127112 0.506353 0.180943 6.387071 0.240481 0.082064 0.179986 
1.481615 0.333589 2.343434 0.089664 0.107476 0.193407 8.434374 0.345212 0.278610 1.475913 
0.204041 2.815332 3.599060 0.129591 0.116807 0.105685 6.082058 0.338309 0.083873 0.199323 
0.188890 0.371297 5.446729 0.125071 0.507727 0.179421 6.139763 0.237962 0.079546 0.177468 
1.170722 1.941159 0.329465 4.513889 0.170645 0.128053 6.498683 0.130267 0.463227 0.658357 
0.130587 2.860079 0.297680 4.377149 0.115145 0.354631 6.510773 0.099478 2.411979 0.578661 
0.085101 0.389197 4.226507 4.373690 0.109112 0.260239 6.506483 0.088244 2.407769 0.590368 
0.111229 0.610013 0.093348 6.865428 0.118491 0.178876 7.252296 0.241829 0.141384 0.139414 
1.038057 0.183845 0.215766 0.090447 6.651841 0.251292 8.155625 0.349879 1.260649 1.044280 
0.200829 2.927847 0.189036 0.395853 5.019169 0.293538 6.908921 0.082548 0.478562 0.706804 
0.184400 0.094564 2.295517 4.548996 4.671123 0.251973 8.155294 0.342597 1.261190 1.099977 
0.078588 0.096508 0.290940 0.078008 9.742913 0.291536 3.620772 0.207367 0.101365 0.192382 
1.153937 0.188477 0.116256 0.082345 0.128170 7.383877 8.188776 0.589292 0.244481 0.334188 
0.200021 0.093107 2.930749 0.443518 0.169834 7.983908 6.890650 0.422540 0.805272 6.403097 
0.127192 1.056123 0.098433 5.831443 0.427062 4.816167 7.242743 0.385804 0.471317 0.129591 
0.320084 0.124280 0.781864 0.090773 5.418085 7.153914 8.262813 0.104635 0.775423 0.347829 
0.105398 0.632971 0.117934 0.098880 0.731655 10.207904 7.278901 0.088200 0.134018 0.261732 
0.183978 0.147589 3.662200 0.427430 0.659328 0.136205 11.273113 0.106796 0.233328 0.109502 
0.259025 0.105457 0.091846 5.058304 0.149077 0.284462 10.976090 0.605787 0.256830 0.346537 
0.272517 0.115479 0.092454 0.092484 5.199800 0.279105 11.903618 0.346269 2.411013 0.135815 
0.093022 0.215141 0.096404 0.090354 0.240340 3.480831 13.506695 0.094586 0.140454 0.268301 
1.073179 2.510803 0.143101 0.114846 0.101731 0.383151 0.166960 9.795850 0.308962 0.478958 
0.220210 3.762505 0.141846 0.214346 0.162925 0.601934 0.099833 5.817670 0.333974 1.325416 
1.336432 0.215846 3.425326 0.185783 0.211642 0.096315 0.085257 8.405163 1.733902 0.193355 
0.299822 0.102125 5.112825 0.124925 0.277477 0.110520 0.098152 8.570500 0.814221 0.203528 
0.502863 2.440367 0.245910 4.253721 0.093091 0.105387 0.116396 9.399261 0.127390 0.194038 
0.080053 0.223760 2.235978 5.968956 0.155620 0.143976 0.072443 9.170857 0.489103 0.184550 
0.084059 0.103810 0.317095 6.450045 0.160133 0.419279 0.198550 9.414700 0.253127 3.174352 
0.772745 0.151627 0.153609 0.107774 7.346251 0.150983 0.200101 9.611411 0.252055 0.224233 
0.239125 2.743085 0.136725 0.382873 4.853955 0.178407 0.208774 9.170819 0.258277 0.374480 
0.097954 0.261215 0.088774 5.435336 4.767567 0.198357 0.201445 9.296127 0.305309 0.167077 
1.416421 0.911085 0.464809 2.032681 0.112044 5.034019 0.150761 8.458073 0.171525 0.478319 
0.203053 0.156724 3.931973 0.084258 0.125221 6.686572 0.678179 8.385590 1.673747 0.274146 
0.084956 0.095238 0.277969 5.321883 0.215010 5.530169 0.200120 9.415809 0.299093 3.175715 
0.086655 0.265341 3.727086 0.083518 0.179815 0.096800 8.386589 8.450687 0.127431 0.477284 
0.074910 0.074751 0.086193 0.074642 0.074946 7.404999 8.388259 8.452369 0.127624 0.179011 
0.113647 0.120570 0.094166 0.106452 0.373697 0.306897 11.346551 9.587600 0.275821 0.229632 
1.256565 0.759359 0.378229 0.085274 0.146008 0.141065 0.442887 12.607360 0.350260 1.567768 
0.174615 0.125780 3.579070 0.073921 0.131887 0.127169 0.152033 12.838532 0.336472 2.605711 
0.097011 0.217720 0.090223 4.043266 2.799948 0.165997 0.112839 13.289028 0.307542 0.169310 
0.092505 0.089032 0.693621 0.089400 0.566470 7.455719 0.758523 12.535426 0.126600 0.138183 
0.086549 0.084114 0.507815 0.085972 0.084231 0.946721 8.726719 12.515105 1.075931 0.137085 
0.080724 0.084424 0.156128 0.080658 0.082653 0.080933 0.229089 16.074686 0.135005 0.500525 
1.684640 0.280212 0.300879 0.143703 0.124070 0.190562 0.199363 0.229415 11.008979 0.155897 
1.360622 2.000775 0.125833 0.185787 0.184131 0.070567 0.183745 0.353168 10.699322 0.076334 
0.278547 3.519426 0.236547 0.082810 0.223887 0.382870 0.100085 0.196915 8.954844 0.114565 
1.302986 0.068057 3.501933 0.193110 0.236500 0.079702 0.095429 0.150208 9.694153 0.789084 
0.230518 2.836814 3.165059 0.072370 0.216712 0.375696 0.092911 0.189741 8.947670 0.107392 
0.088613 0.444976 4.966647 0.083910 0.161323 0.283604 0.201644 0.195399 10.336725 0.176325 
0.234886 0.139419 3.678710 4.230499 0.170919 0.327569 0.234522 0.206838 11.106641 0.366122 
0.090520 0.545964 0.126536 6.196441 0.807262 0.195004 0.180783 0.222471 11.342497 0.449030 
1.404257 0.968726 0.114982 0.087884 5.063729 0.177540 0.209259 0.103195 9.299568 0.407877 
0.337832 0.241138 3.852953 0.364902 4.804043 0.098749 0.197253 0.100623 10.812146 0.704990 
0.134037 1.254028 0.096797 4.519594 5.110180 0.077569 0.584127 0.360172 10.706326 0.083514 
0.250370 3.175076 0.145353 0.106579 0.190268 4.997893 0.218386 0.398827 8.783294 0.102503 
0.327902 0.235382 3.601949 0.084094 0.111248 6.239148 0.203395 0.228505 11.073924 0.273405 
0.342267 0.087856 0.407386 0.473886 7.170301 4.901964 0.152747 0.206122 10.161600 0.184279 
0.081935 0.077902 0.403604 0.235793 0.989885 10.353447 0.234178 0.245710 9.138249 0.329423 
0.209935 2.950225 0.184607 0.615161 0.099639 0.100931 6.030354 0.255019 8.266729 6.164775 
0.086482 0.474342 0.082883 5.288012 0.693133 0.118297 5.750853 0.166797 11.364072 0.447223 
0.134837 1.332770 0.082560 0.303782 5.985345 0.147905 5.549137 0.151254 11.387720 0.116601 
0.088311 0.224587 0.084667 0.079273 0.088350 0.079871 11.270495 0.092071 10.873137 0.092214 
1.294719 0.249637 0.242535 0.120081 0.113770 0.095519 0.162632 9.383566 9.850704 0.143154 
0.168140 1.900004 2.672799 0.172281 2.111984 0.998576 0.188358 8.207571 9.851182 0.409781 
0.092376 0.444823 0.261050 5.083818 2.120058 1.001710 0.187896 8.143913 9.850211 0.408809 
0.072658 0.114986 0.071350 0.616844 2.500059 7.528176 0.185725 8.141759 9.848061 0.403948 
0.917034 0.615066 0.125456 0.278874 0.515727 0.096501 6.855290 7.376883 10.902666 0.752810 
0.819070 1.382804 0.239916 0.141562 0.171321 0.091251 0.109595 0.173323 15.788291 0.208413 
0.219519 2.031026 0.287289 0.671121 0.312189 0.737341 0.218492 0.140900 15.757502 0.380373 
0.103875 0.261392 3.014349 0.125685 0.175933 0.095882 0.112090 0.098640 15.787995 0.608043 
0.106112 0.161347 0.108178 3.956522 0.304701 0.145871 1.576553 0.130542 15.753579 0.375791 
0.111088 0.075582 0.950455 1.690075 0.096181 0.088318 0.079229 0.122351 17.496876 0.072381 
1.793463 0.220776 0.143903 0.096950 0.209687 0.086402 0.221408 0.381323 0.120030 10.447819 
1.543135 2.180060 0.153195 0.102930 0.279516 0.092801 0.233816 0.407429 0.286800 9.021168 
0.306672 3.667394 0.247556 0.082475 0.185883 1.249531 0.671022 0.159492 0.117544 8.165978 
1.258601 0.741586 4.195665 0.125271 0.969811 0.124731 0.235109 0.125526 0.356562 8.458735 
0.328714 2.598799 2.931037 2.957179 0.144319 0.343448 0.626202 0.117350 1.315422 9.572704 
0.320880 0.162264 5.416523 0.109666 0.175968 0.351224 0.238578 0.214125 0.338656 9.058509 
1.444207 0.844098 0.215225 4.803991 0.963079 0.125240 0.236456 0.140393 0.357757 8.369799 
0.438404 2.683616 0.406624 4.528925 0.221028 0.355215 0.073859 0.175467 0.137604 9.520015 
0.218861 0.142223 4.161635 4.774060 0.189155 0.364409 0.259296 0.227313 0.351844 9.071697 
0.082306 0.139939 0.206021 7.082720 0.141392 0.340515 0.631630 0.114425 1.312497 9.569778 
1.154241 0.078836 0.342906 0.111462 7.227406 2.516245 0.111071 0.257119 0.923537 7.824672 
0.215487 2.199290 0.311514 0.082825 7.396472 1.255789 0.677280 0.165846 0.123802 8.172236 
0.183278 0.150062 3.281883 0.384810 7.404257 1.263573 0.685063 0.173421 0.130317 8.180019 
0.231848 2.984455 0.128662 0.086890 0.863341 6.194300 0.220727 0.394821 0.275384 9.007582 
0.226861 0.294584 4.500038 0.126934 0.097683 5.892189 0.641835 0.094448 0.596519 9.210036 
1.216761 0.181824 0.148273 0.099910 0.185975 0.092956 10.820001 0.494098 0.298964 6.260545 
0.104020 0.457091 4.910220 0.687214 0.219629 0.097109 6.883938 0.415827 0.798559 6.396385 
0.129383 0.086014 0.092315 0.081070 0.082946 9.377368 7.805371 0.574469 0.241903 6.203088 
0.095957 0.283441 0.105703 0.446754 0.102417 0.087874 13.331424 0.094741 0.454022 6.398469 
0.216486 3.026455 0.163725 0.102349 0.160767 0.324601 0.556178 8.546209 1.183719 8.394391 
0.178733 1.836941 0.300376 2.509266 0.109810 5.126742 0.371602 9.761035 0.318942 8.170143 
0.129692 0.116507 0.745324 0.145193 0.872532 0.098335 9.861453 8.468432 0.279448 9.493103 
0.101319 0.189766 0.104628 6.266893 0.833086 0.165239 0.162710 0.138877 8.694235 8.359328 
0.187723 1.938171 0.313619 0.080175 6.499778 0.093685 0.410708 0.110575 8.126811 8.170266 
0.426598 0.949755 0.103322 0.103426 0.101113 3.709291 9.379347 0.360411 7.727694 9.276584 
0.244217 0.097586 0.095707 0.086091 0.332864 0.851814 0.155577 0.092450 16.560287 7.831660 
0.835843 1.681907 0.339077 0.116282 0.118980 0.361702 0.351924 0.090744 2.031156 16.565803 
0.129174 0.087130 1.116224 3.044411 2.879956 0.184681 0.092148 0.210872 0.667831 17.439381 
0.266199 0.206546 0.884197 0.161268 3.170173 0.547776 0.312551 0.113637 0.100222 18.783407 
1.973249 1.173749 0.552434 0.786649 0.472275 0.235773 0.679906 0.268511 0.122273 0.156069 
1.591657 0.165776 3.578406 0.624318 0.168746 0.368961 0.697152 0.573118 1.523895 5.290545 
0.242122 2.401609 4.655757 1.912709 0.506099 0.602414 0.317039 0.163069 3.091348 0.375840 
0.281529 3.215574 0.298710 5.042488 0.157844 0.124025 0.157061 0.215369 0.443665 0.195664 
0.199073 0.144878 4.727511 2.366735 5.615266 0.547387 0.204821 0.228311 0.555267 0.168511 
0.290978 1.589031 1.675279 5.659963 5.475145 0.297445 0.795172 0.372560 1.306782 0.380960 
0.080445 0.084598 0.140578 0.592239 6.867196 8.845688 0.385076 0.233533 0.634430 0.268829 
0.310971 0.115296 0.775398 0.552729 7.294670 4.021461 8.048493 0.339503 2.416489 0.183200 
0.077803 0.077620 0.090826 0.080756 0.077798 8.680367 9.834316 0.360556 0.080024 0.183905 
1.454868 0.230241 2.245707 0.177211 0.130306 0.292046 0.084150 7.787775 2.828031 7.179030 
0.254561 3.294154 0.168758 0.103375 0.171596 0.346712 0.599758 9.330514 0.526157 2.593780 
0.081050 0.301580 2.984810 0.439162 0.157299 0.126267 4.116849 12.204814 0.772695 6.388609 
0.148815 1.312711 2.201256 0.334812 0.574297 6.668321 4.741440 9.677344 0.395051 1.577569 
0.159805 1.473262 0.249309 2.009601 0.521350 4.115051 0.310072 7.824040 9.940345 8.167530 
0.114337 0.086971 0.761262 1.451485 1.517590 0.100661 0.091574 0.134476 17.504902 0.529166 
0.343230 3.388748 0.906817 0.108722 2.441463 1.555834 1.618276 0.176253 0.277863 9.020193 
0.114768 0.981234 0.076956 0.236966 4.346447 4.504056 5.046948 0.144716 10.426242 8.302314 
