2.463282 1.973343 1.009216 1.013806 1.116231 1.023661 1.028391 0.996127 
2.254285 1.869225 1.007694 2.048627 1.116919 1.034075 1.031419 0.995914 
1.170954 4.581455 1.014292 1.018086 1.024033 1.035666 1.032740 0.995053 
1.154265 4.271673 1.032914 1.181346 1.063349 1.364418 1.100297 1.163377 
1.253636 2.547029 3.812637 1.022947 1.023641 1.029069 1.034785 0.994222 
0.952073 2.112177 3.461902 1.908915 1.244284 1.571198 1.415923 1.372189 
1.122844 0.995801 6.544823 1.016210 1.023058 1.026614 1.031569 0.994896 
0.994274 0.939733 5.856075 1.164099 1.497836 1.312417 1.389660 0.940313 
1.239625 2.472523 1.005091 4.954141 1.026888 1.036424 1.039002 0.993693 
0.959945 2.057465 1.008923 3.922413 1.191780 1.245251 4.592634 0.931319 
1.217672 2.375055 1.108446 4.878842 1.069580 1.087503 1.105049 0.982946 
1.164345 0.996253 3.600713 4.789207 1.019016 1.022876 1.027167 0.996303 
1.007509 0.881249 2.673450 4.216632 1.469955 1.647348 1.848503 0.859400 
1.083241 0.995659 0.996063 8.583781 1.019264 1.023963 1.028633 0.995249 
1.064098 0.972145 0.973626 8.131236 1.133803 1.184532 1.248148 0.990030 
2.110649 1.000459 1.002687 1.004710 5.351943 1.020209 1.024062 0.996407 
2.030435 1.001428 1.013624 1.025885 5.225852 1.108611 1.131894 1.127268 
1.256767 2.449076 1.003345 1.005168 5.974908 1.024403 1.030109 0.997252 
1.171565 2.173861 1.025194 1.061031 5.585615 1.338508 1.424925 0.931431 
1.169341 0.996357 3.489089 1.006308 5.877423 1.029461 1.038381 0.994571 
1.016609 0.987797 3.750104 1.012087 5.611158 1.060647 1.475493 1.275003 
1.153679 0.991291 3.325618 1.011841 5.815706 1.061245 1.459877 0.990641 
1.141390 0.989642 0.990640 4.453217 5.755624 1.060879 1.073607 0.987985 
1.107036 0.961723 0.965415 4.215440 5.346725 1.213647 1.325128 1.356702 
0.995434 0.976094 1.250824 4.494836 5.769447 1.120981 1.150224 0.975920 
0.992346 0.945298 0.946918 0.948654 10.100305 1.278447 1.346280 0.942674 
0.976690 0.975892 0.975902 1.072677 10.524986 1.152183 1.207780 0.996842 
1.191250 2.512601 1.005511 1.009781 1.012654 7.093328 1.051904 0.993233 
0.956284 2.383578 1.021890 1.065250 1.111845 6.741592 1.524931 1.242809 
1.134907 0.990798 3.518604 1.010764 1.016567 6.919998 1.065382 0.990036 
0.944708 0.973680 3.554412 1.060200 1.240635 6.230373 1.382746 1.392530 
1.074829 0.949291 0.953715 4.308566 1.090380 6.506217 1.353047 0.942061 
0.957532 0.958563 1.099710 4.502910 1.060601 6.627835 1.250661 1.415314 
0.967840 0.885654 0.893372 0.902431 5.206787 6.209337 1.764700 0.872930 
1.007345 0.929251 0.932595 0.940316 5.489829 6.381992 1.470397 0.921983 
0.963537 0.883616 0.891287 0.900301 0.910049 11.365819 1.775869 0.871124 
0.911053 1.002879 0.897740 0.905375 0.913768 11.305178 1.937284 0.880482 
2.248480 1.001608 1.005631 1.008133 1.011877 1.015086 6.096390 0.995524 
2.241446 1.001981 1.006994 1.010505 1.015263 1.020121 6.097819 0.993951 
1.295234 2.633848 1.005146 1.008892 1.017076 1.016801 7.021247 0.993398 
1.168003 2.215858 1.049376 1.111256 1.183468 1.798973 6.190722 0.896632 
1.218691 0.978122 3.607912 1.038102 1.055967 1.074529 6.697220 0.970964 
1.109503 0.910926 3.078413 1.125378 1.204914 1.293484 6.716014 0.882838 
0.917296 1.871655 2.801458 1.164208 1.259938 1.351372 5.232617 0.888347 
0.918112 1.875022 2.806440 1.163095 1.257940 1.348283 5.230565 0.889378 
0.931309 0.810723 0.840703 3.963087 1.430175 1.667572 5.732395 0.767901 
0.970146 0.839422 0.863747 4.216804 1.382228 1.574624 5.674242 0.803688 
0.920985 0.803150 0.834662 3.898101 1.441750 1.691427 5.747371 0.759386 
0.788320 0.705352 0.758931 0.832894 4.756713 2.073945 5.334003 0.640695 
0.891407 0.785008 0.818851 0.865385 5.443640 1.839997 5.097678 0.731577 
0.720293 0.648304 0.745764 0.892099 1.106351 5.672235 5.109158 0.545261 
0.858364 0.733223 0.822375 0.947217 1.117939 5.932576 4.752703 0.628039 
0.389233 0.450200 0.452874 1.019204 3.072681 3.853799 4.778090 0.374924 
0.406525 0.469049 0.466925 1.035662 3.181024 3.887045 4.669047 0.393193 
0.785157 0.691166 0.798199 0.922943 1.116784 1.392669 10.056182 0.586115 
0.837184 0.721610 0.810282 0.935795 1.134596 1.351343 10.084491 0.679786 
0.060816 0.096644 0.218554 0.522730 1.231278 3.066318 6.656917 0.440392 
0.134999 0.184212 0.388860 0.679402 1.419978 3.001390 6.247879 0.510718 
2.530384 1.002351 1.005908 1.009213 1.012464 1.015971 1.019161 4.556500 
2.422161 1.016420 1.040123 1.069007 1.247994 1.123095 1.151712 3.884284 
1.455854 3.007486 1.006524 1.010760 1.013075 1.015820 1.019085 5.121707 
1.453272 3.016958 1.055499 1.037923 1.050805 1.064340 1.539026 3.917997 
1.405889 0.996819 4.182807 1.012712 1.017479 1.022250 1.027432 5.025042 
1.165397 0.900863 3.097344 1.206305 1.332263 1.476335 1.640760 4.880168 
0.931636 2.056129 3.087095 1.178660 1.266521 1.360627 1.464955 3.820819 
0.990754 2.256312 3.251110 1.124578 1.111243 1.136206 1.641914 3.884590 
1.374822 0.997161 0.998873 5.500727 1.013323 1.016568 1.019904 4.847878 
1.080246 0.994471 0.994863 7.143469 1.019098 1.024092 1.029100 3.877688 
1.357440 0.995898 0.997140 0.998286 6.730649 1.023141 1.028520 4.794333 
1.090619 0.993324 0.993705 0.994061 7.997422 1.107147 1.032518 4.793401 
1.177951 0.919481 0.941545 0.965915 0.993065 7.462275 1.525382 4.365400 
1.245058 0.926158 0.954534 0.989009 1.032061 6.700950 1.543168 4.523524 
0.992724 0.799776 0.890837 1.012044 1.171481 1.379378 6.505273 4.169593 
1.132546 0.863490 0.933585 1.022932 1.133379 1.269002 6.461288 4.587974 
0.942660 2.155769 1.001639 1.036212 1.073406 1.112333 6.199034 4.696811 
0.946793 2.179282 1.002276 1.034618 1.069226 1.105145 6.203081 4.702306 
0.192921 0.235601 0.405877 0.565481 1.002253 3.555299 4.969110 2.961527 
0.321643 0.336070 0.451640 0.646315 0.998950 4.171650 4.551700 2.958551 
1.685191 0.998641 1.000288 1.001833 1.003447 1.004918 1.006697 11.402680 
1.259036 0.994829 3.151198 1.007532 1.011368 1.015144 1.019237 8.972108 
0.929323 2.339773 1.026575 1.085110 1.150539 1.224241 1.303938 8.573105 
0.954326 2.471002 1.020197 1.058532 1.234754 1.145991 1.193242 8.857858 
0.085976 0.110539 0.202724 0.371421 0.776913 1.664180 4.633008 6.283730 
0.357551 0.398016 0.588486 0.580921 0.783876 1.128878 6.035247 6.650113 
0.018161 0.018212 0.018403 0.018876 0.019988 0.022538 0.028861 15.993802 
0.147946 0.157370 0.178726 0.230680 0.337391 0.556780 0.992412 13.875355 
2.701389 1.006751 1.020490 1.155941 1.225875 1.317065 1.585853 1.340060 
1.864588 1.652435 1.120158 1.321372 1.490537 1.696022 2.099199 1.243660 
1.476799 2.940897 1.078091 1.132622 1.436445 1.761711 1.550784 1.376018 
1.336682 2.560621 1.159205 1.267429 1.639247 1.667822 1.873572 1.326296 
1.392682 0.954691 4.141153 1.217072 1.316243 1.568868 1.538951 1.333769 
1.457022 0.950349 3.272112 1.297708 1.447975 1.619624 1.863109 1.303023 
0.887538 1.933452 3.202250 1.327836 1.503789 1.708125 1.943416 1.281309 
0.938047 1.959785 2.931757 1.133809 1.206463 1.270735 5.180184 0.914968 
0.932486 1.046234 5.896232 1.178645 1.251069 1.329702 1.413620 1.113819 
0.925391 1.051555 5.820143 1.198495 1.289292 1.408431 1.464783 0.922803 
1.374464 0.955361 0.979661 5.533572 1.289126 1.710167 1.504009 1.308476 
1.307009 0.923345 1.079082 3.435720 1.662673 2.044982 2.375620 0.772210 
0.890447 1.951214 0.999615 4.317989 1.491091 1.687173 1.911263 1.281882 
0.948882 2.072238 1.008658 3.914650 1.195096 1.249997 4.596327 0.929965 
0.832278 0.941998 2.822378 3.918909 1.538724 1.762683 2.021400 1.064070 
0.814258 1.087708 2.452650 3.470476 1.589231 1.856230 2.181621 1.421739 
0.908961 0.917865 1.132785 7.541993 1.324655 1.431865 1.549774 0.910650 
0.923253 1.067507 0.937667 7.654642 1.296798 1.383986 1.482523 0.921865 
1.373944 0.954761 0.979306 1.124811 6.885352 1.623939 1.511698 1.260809 
0.900731 0.962006 0.905127 1.067289 7.255083 1.329832 4.564062 1.348535 
0.874298 1.926309 1.002429 1.085425 5.204145 1.782110 2.053190 1.219378 
0.856142 1.782215 0.984990 1.073141 5.003420 2.183800 2.176119 1.198273 
0.804621 0.926506 2.711527 1.117791 4.800609 1.874380 2.195562 1.035645 
0.888234 1.001697 3.070217 1.081623 4.805252 1.971691 1.811649 1.365782 
0.761916 0.780158 1.007708 3.511079 4.464234 2.003045 2.409052 1.043758 
0.884180 0.969553 0.879339 3.610421 5.695006 1.631061 1.825202 0.862486 
0.869231 0.870299 0.891811 1.293730 9.031807 1.603205 1.785011 0.869545 
0.889654 0.892098 0.949267 1.208275 9.310638 1.516045 1.662695 0.889825 
1.384258 0.957583 0.980393 1.070074 1.260901 8.370983 1.546828 1.313008 
1.083923 0.935780 0.943215 0.993110 2.881047 8.707301 1.451604 1.271086 
0.851092 1.862933 1.003437 1.109537 1.237362 6.213232 2.248035 1.119297 
0.747016 1.476983 0.994333 1.145377 1.385451 5.478225 3.004228 0.688917 
0.763593 0.902119 2.560618 1.140763 1.305586 5.710064 2.450422 1.044497 
0.911562 0.955804 3.260686 1.082972 1.278198 6.019125 1.804902 1.353312 
0.718119 0.742563 0.995677 3.327583 1.346741 5.488060 2.666912 1.020156 
0.887724 0.935501 0.891798 4.150911 1.316226 6.091315 1.983880 0.872204 
0.675230 0.683409 0.760442 1.101564 4.277640 5.361921 2.913673 0.967020 
0.913129 0.912766 0.940110 1.399463 4.841347 6.556901 1.508298 1.370873 
0.708459 0.712671 0.757099 1.105981 1.345123 9.336673 2.723676 0.930648 
0.805369 0.853054 0.808046 1.025202 1.337414 10.225622 2.253256 0.793336 
1.351666 0.922913 1.012281 1.120608 1.313475 1.446223 7.436623 1.232657 
0.627047 0.742359 1.613600 2.334370 1.865255 2.200379 4.676959 1.068851 
0.697714 1.401520 0.980078 1.238111 1.602122 2.109964 5.437528 1.079639 
0.947632 2.069440 2.805520 1.116082 1.298619 1.237852 5.158358 0.925664 
0.574410 0.756174 1.943020 1.264537 1.707547 2.354783 4.922646 0.972518 
0.847923 1.007272 3.877778 1.223001 1.359418 1.517454 4.775562 1.024136 
0.528735 0.584656 0.929876 2.796142 1.709257 2.401029 5.000078 0.975816 
0.513230 0.594785 1.047857 2.826189 1.901202 2.771587 4.042498 0.511668 
0.463388 0.504594 0.731158 0.958477 3.823960 2.544838 5.135684 0.895045 
0.547530 0.566745 0.684560 1.176214 4.261803 4.020396 3.732678 0.558984 
0.304570 0.349840 0.549696 0.867590 1.083602 5.052996 5.101376 0.903709 
0.715659 0.665332 1.226429 0.919144 1.080651 6.090840 4.844570 0.621505 
0.309132 0.356536 0.553803 0.864518 1.067364 1.751521 8.965276 0.925271 
0.479659 0.471821 0.803659 1.164621 1.124764 1.668904 9.577354 0.451535 
1.612460 0.974429 1.048849 1.272565 1.540844 1.724471 1.683885 5.707473 
1.930768 1.000515 1.038753 1.017163 1.026232 1.035368 1.044952 8.891172 
0.905323 2.523358 1.095631 1.221925 1.370673 1.545802 1.746950 4.927519 
1.002440 2.398558 1.042099 4.018850 1.074516 1.090133 1.586605 3.811951 
0.796279 0.971198 3.381754 1.252936 1.440481 1.665703 1.936686 4.550760 
0.976051 2.004140 3.217465 1.138055 1.113093 1.334244 1.183197 5.195133 
0.745163 0.772789 1.085370 4.298662 1.495804 1.779454 2.130899 4.406887 
0.687943 0.741339 1.244223 3.464341 1.573537 1.925663 2.407135 4.279331 
0.688744 0.698532 0.792356 1.209973 5.310975 1.905321 2.371087 4.367760 
0.945627 1.050045 0.948781 0.950580 7.838152 1.192322 1.280162 4.735918 
0.613095 0.619469 0.670724 0.980417 1.230656 6.596087 2.697233 4.329824 
0.608706 0.586029 0.682245 0.777267 0.951821 6.073622 3.331877 3.211152 
0.318905 0.363128 0.553067 0.857251 1.021243 1.626231 6.437731 4.229676 
0.335634 0.386800 0.617517 1.349752 1.383418 3.095596 4.262378 3.109465 
0.453197 0.505100 0.781060 1.083561 1.138112 1.537970 2.184522 9.315172 
0.926213 0.896947 0.898929 0.902764 2.511895 2.842957 1.165773 11.072909 
