2.053993 0.054753 0.054020 0.054343 0.056989 
2.016486 0.824167 0.054281 0.054033 0.054929 
1.842458 1.842339 0.053591 0.056338 0.054559 
1.468812 2.886689 0.056210 0.059552 0.056066 
0.946967 3.634913 0.054877 0.054969 0.054934 
0.438873 3.982834 0.056975 0.058635 0.056832 
0.053819 4.053517 0.054301 0.054090 0.054517 
2.014092 0.056181 1.235667 0.055553 0.054246 
1.943992 0.996632 1.448513 0.056549 0.057035 
1.655171 2.195413 1.674549 0.058221 0.055779 
1.122309 3.269344 1.660907 0.059380 0.057394 
0.519788 3.829449 1.471802 0.056714 0.055310 
0.053101 3.974503 1.229277 0.052963 0.053279 
1.841688 0.053958 2.736993 0.053006 0.053875 
1.657083 1.119658 3.267229 0.054715 0.055470 
1.207372 2.371232 3.522604 0.056326 0.056821 
0.585071 3.262002 3.258284 0.056180 0.053513 
0.054085 3.628733 2.744109 0.056098 0.063461 
1.468841 0.055889 4.300298 0.060556 0.055734 
1.123166 1.122245 4.868535 0.055275 0.055399 
0.585825 2.195615 4.863074 0.053906 0.054101 
0.055662 2.878085 4.307037 0.055841 0.057164 
0.945048 0.053719 5.423686 0.053271 0.053579 
0.523471 0.998554 5.711810 0.054673 0.054415 
0.054870 1.840910 5.423429 0.055880 0.055166 
0.444189 0.052521 5.936101 0.052395 0.053294 
0.055050 0.835655 5.939612 0.055579 0.055301 
0.054066 0.054588 6.052513 0.054408 0.062593 
2.014659 0.054003 0.054523 1.618523 0.053673 
1.939213 0.999396 0.056065 1.932524 0.054083 
1.656429 2.195213 0.054630 2.187623 0.054010 
1.121169 3.267447 0.056695 2.190020 0.056693 
0.524554 3.840190 0.061537 1.916995 0.067550 
0.054382 3.976765 0.054098 1.619282 0.054890 
1.938590 0.055860 1.470962 1.931837 0.055744 
1.785879 1.205891 1.788047 2.350977 0.053507 
1.316340 2.594050 1.953119 2.576093 0.055413 
0.628976 3.520270 1.785745 2.354503 0.053789 
0.053878 3.824787 1.473017 1.932548 0.056455 
1.660328 0.059997 3.273427 2.195885 0.059176 
1.317054 1.321287 3.855885 2.581748 0.054608 
0.686147 2.587198 3.855101 2.588856 0.057702 
0.056544 3.260181 3.271403 2.193862 0.057152 
1.122933 0.056065 4.869143 2.185837 0.057248 
0.629626 1.209423 5.258732 2.359798 0.056852 
0.056832 2.190457 4.866285 2.194830 0.056678 
0.521997 0.053928 5.714396 1.932043 0.054810 
0.053783 0.994760 5.712607 1.931219 0.054653 
0.052596 0.052335 5.935383 1.623939 0.053551 
1.843281 0.054717 0.055097 3.630271 0.055067 
1.661017 1.124163 0.058659 4.339003 0.058090 
1.209181 2.365381 0.056984 4.687638 0.057966 
0.587422 3.265485 0.057091 4.334892 0.057369 
0.054591 3.632593 0.055348 3.630521 0.055290 
1.660414 0.054157 1.648165 4.318497 0.054816 
1.317048 1.319741 1.956508 5.115571 0.054120 
0.691572 2.589130 1.955727 5.109479 0.058376 
0.058260 3.268032 1.649331 4.319755 0.055954 
1.208037 0.054414 3.519818 4.673182 0.054366 
0.685285 1.327176 3.840775 5.116288 0.054050 
0.054382 2.364644 3.519860 4.668796 0.054421 
0.586545 0.053792 4.868984 4.323269 0.053855 
0.053376 1.119059 4.868496 4.322782 0.053347 
0.054714 0.054456 5.428456 3.612259 0.056043 
1.470377 0.055378 0.055658 5.707013 0.055810 
1.122675 1.122604 0.054100 6.466408 0.054254 
0.585210 2.181247 0.055509 6.492553 0.055916 
0.054690 2.890278 0.055863 5.696712 0.056180 
1.120332 0.052826 1.657989 6.468898 0.052752 
0.633620 1.208791 1.795991 6.977265 0.056075 
0.052709 2.187971 1.657737 6.468645 0.052780 
0.586539 0.059878 3.275231 6.471388 0.059024 
0.054644 1.111580 3.278604 6.461413 0.055285 
0.052412 0.055051 4.303865 5.697142 0.053615 
0.945421 0.053435 0.053289 7.212600 0.053976 
0.515951 0.988620 0.055766 7.614231 0.056321 
0.054743 1.847677 0.058387 7.205354 0.056105 
0.526603 0.056122 1.468259 7.599018 0.056664 
0.055351 0.997288 1.467952 7.598710 0.056353 
0.053132 0.054792 2.728358 7.213753 0.054389 
0.441740 0.054412 0.054335 7.902691 0.054646 
0.053827 0.845386 0.055376 7.895540 0.055014 
0.055374 0.055366 1.235828 7.898713 0.058240 
0.053392 0.053080 0.053350 8.053078 0.053860 
2.015654 0.054511 0.054317 0.054418 1.999060 
1.940711 1.000942 0.057284 0.062552 2.405889 
1.656577 2.194211 0.058268 0.060325 2.729700 
1.120538 3.272343 0.057103 0.057323 2.717769 
0.528389 3.826246 0.055536 0.057411 2.395837 
0.055043 3.977207 0.054095 0.054609 2.004712 
1.938442 0.056159 1.472619 0.056703 2.408204 
1.788567 1.217150 1.773392 0.058378 2.959736 
1.318391 2.596962 1.959629 0.057119 3.163369 
0.626971 3.523645 1.775478 0.052862 2.918519 
0.054866 3.827189 1.461644 0.054562 2.408094 
1.655019 0.055657 3.264926 0.053531 2.732566 
1.318018 1.317991 3.861232 0.060112 3.218440 
0.677755 2.589694 3.859209 0.061561 3.198068 
0.055745 3.263898 3.262752 0.055732 2.703694 
1.125373 0.054322 4.857088 0.053272 2.726557 
0.625547 1.199609 5.263745 0.059821 2.946326 
0.058089 2.190563 4.877065 0.058567 2.706529 
0.524914 0.054598 5.713489 0.060151 2.401830 
0.055216 0.994590 5.712606 0.058685 2.415617 
0.055204 0.055716 5.936609 0.053724 2.019513 
1.938669 0.054117 0.054652 1.945367 2.409486 
1.787963 1.209253 0.058184 2.354094 2.958107 
1.316349 2.588585 0.055081 2.585403 3.218591 
0.634055 3.523569 0.056618 2.358515 2.930705 
0.054166 3.825245 0.053268 1.916699 2.429647 
1.786244 0.054759 1.788681 2.364608 2.931893 
1.470032 1.469091 2.187922 2.880011 3.575998 
0.761432 2.892634 2.168755 2.893135 3.586435 
0.056440 3.519794 1.804263 2.354188 2.933329 
1.318711 0.057329 3.863258 2.584011 3.208228 
0.761697 1.469586 4.316544 2.891495 3.603791 
0.056376 2.590067 3.849129 2.581997 3.208915 
0.628301 0.054679 5.256323 2.357447 2.925880 
0.056693 1.206296 5.254868 2.362516 2.937277 
0.055060 0.058078 5.714701 1.939419 2.394963 
1.656100 0.055134 0.053798 4.331653 2.740338 
1.319551 1.319098 0.056630 5.132981 3.201281 
0.691237 2.585587 0.060974 5.108493 3.227991 
0.056668 3.264812 0.057556 4.339219 2.704147 
1.318953 0.055541 1.961894 5.113302 3.214276 
0.760399 1.474912 2.177122 5.725212 3.580891 
0.054547 2.588134 1.954099 5.102460 3.219441 
0.686275 0.054095 3.855536 5.109765 3.193684 
0.055980 1.314635 3.859254 5.109562 3.215958 
0.055578 0.055546 4.878597 4.311992 2.707495 
1.124191 0.054621 0.055370 6.463272 2.733331 
0.627905 1.206656 0.057422 6.995654 2.945417 
0.054131 2.192833 0.054520 6.464801 2.736378 
0.628157 0.053362 1.795899 6.985118 2.920682 
0.056245 1.216794 1.792825 6.981658 2.926347 
0.052553 0.054353 3.252269 6.474722 2.718562 
0.521508 0.056098 0.055199 7.604274 2.402184 
0.052937 1.000724 0.057876 7.593141 2.408168 
0.056169 0.055994 1.473429 7.595765 2.420150 
0.053797 0.053723 0.054022 7.899124 2.009845 
1.840849 0.053608 0.052590 0.054582 4.529063 
1.658975 1.118243 0.055643 0.057765 5.405493 
1.207013 2.371585 0.058735 0.056746 5.830279 
0.577283 3.276709 0.060898 0.057020 5.389852 
0.055382 3.632300 0.052803 0.053118 4.515800 
1.660792 0.056638 1.661298 0.058117 5.391935 
1.319700 1.320176 1.947985 0.055414 6.377480 
0.684459 2.587589 1.961209 0.056473 6.374269 
0.055485 3.264782 1.664977 0.056287 5.382446 
1.210330 0.056612 3.523858 0.063807 5.815659 
0.684129 1.310573 3.860771 0.057342 6.376310 
0.056169 2.365973 3.520179 0.057671 5.814833 
0.586782 0.060879 4.881558 0.068619 5.398073 
0.058169 1.108735 4.876880 0.063941 5.393395 
0.053729 0.052217 5.421481 0.053203 4.515214 
1.656288 0.054922 0.057449 2.202958 5.408170 
1.321961 1.321923 0.058794 2.581253 6.392957 
0.680715 2.588491 0.054644 2.575738 6.389633 
0.058986 3.264994 0.060885 2.188832 5.412407 
1.320122 0.055792 1.953197 2.583595 6.381115 
0.760541 1.459779 2.178667 2.888936 7.139498 
0.053330 2.578562 1.937948 2.589314 6.394118 
0.684864 0.053926 3.850315 2.584181 6.376495 
0.055915 1.327665 3.855456 2.576668 6.363100 
0.055795 0.057498 4.873793 2.190425 5.382628 
1.209783 0.056363 0.055890 4.684546 5.817253 
0.687344 1.316520 0.059857 5.123923 6.399644 
0.055430 2.364205 0.055890 4.684546 5.817253 
0.684464 0.056292 1.950662 5.118596 6.385957 
0.054652 1.323714 1.968522 5.104634 6.370792 
0.054624 0.058522 3.517841 4.683765 5.816472 
0.589250 0.055483 0.057617 6.467182 5.405429 
0.055322 1.123963 0.057267 6.472413 5.393440 
0.053800 0.053969 1.656149 6.465807 5.404054 
0.052556 0.052277 0.053004 7.207517 4.524855 
1.467753 0.053237 0.053411 0.053484 7.121152 
1.121466 1.124118 0.057010 0.057049 8.078499 
0.586613 2.203189 0.060801 0.055721 8.062567 
0.054678 2.882189 0.054798 0.054871 7.126892 
1.123434 0.056616 1.660220 0.055421 8.073402 
0.630583 1.203053 1.782165 0.059299 8.733843 
0.054779 2.194928 1.653814 0.055532 8.069991 
0.586309 0.053750 3.268313 0.054525 8.064663 
0.055963 1.119735 3.265206 0.055935 8.073936 
0.055127 0.056632 4.303321 0.055101 7.116227 
1.123105 0.056474 0.056399 2.190844 8.078836 
0.632944 1.211546 0.055968 2.355149 8.718847 
0.054114 2.196355 0.054456 2.197267 8.062397 
0.632362 0.057110 1.787764 2.347204 8.721450 
0.054560 1.201575 1.790216 2.357832 8.721469 
0.055139 0.055176 3.274987 2.179152 8.064480 
0.587020 0.055131 0.054944 4.336324 8.071867 
0.054058 1.119182 0.054354 4.325874 8.078604 
0.055667 0.055322 1.652099 4.336881 8.072423 
0.053206 0.053660 0.053209 5.706529 7.128668 
0.950129 0.058061 0.057731 0.059187 9.005814 
0.523993 0.995575 0.057404 0.058868 9.491999 
0.055435 1.841838 0.055115 0.055820 9.001777 
0.522635 0.054650 1.464818 0.054196 9.486972 
0.054764 0.991181 1.464737 0.054117 9.486890 
0.053556 0.054153 2.746360 0.053061 8.988898 
0.524839 0.055614 0.056052 1.940461 9.485191 
0.055666 1.002163 0.055264 1.948251 9.478035 
0.054438 0.054455 1.469566 1.933345 9.484064 
0.052818 0.052612 0.052792 3.623973 9.000846 
0.447198 0.053873 0.055130 0.053516 9.857459 
0.057088 0.836886 0.055481 0.055510 9.862648 
0.053440 0.053423 1.225703 0.055101 9.860698 
0.053151 0.053151 0.053066 1.628997 9.857118 
0.052820 0.052553 0.052025 0.052006 10.052005 
