2.048368 0.049106 0.048446 0.048896 0.048554 
2.009071 0.825724 0.048574 0.047832 0.047468 
1.838440 1.833973 0.050871 0.049253 0.050270 
1.464860 2.873407 0.050032 0.051154 0.049816 
0.942500 3.629620 0.053787 0.051524 0.050832 
0.438684 3.973087 0.051439 0.050008 0.053064 
0.044410 4.043793 0.044857 0.046114 0.046021 
2.012606 0.054134 1.181327 0.049972 0.050431 
1.933573 0.979475 1.454207 0.046780 0.047044 
1.652440 2.181753 1.654295 0.049180 0.056203 
1.117539 3.253079 1.640602 0.051260 0.060052 
0.510254 3.815722 1.465153 0.043980 0.043796 
0.049727 3.972594 1.217353 0.052502 0.054082 
1.830668 0.042999 2.728774 0.042868 0.042516 
1.653160 1.107587 3.246717 0.047925 0.048088 
1.201419 2.351949 3.525452 0.052694 0.049175 
0.578843 3.261049 3.255996 0.052692 0.050189 
0.045490 3.618972 2.740134 0.046321 0.052908 
1.460659 0.049405 4.294598 0.050152 0.048081 
1.118783 1.107282 4.868245 0.050593 0.058075 
0.577834 2.174712 4.873031 0.051975 0.048368 
0.049907 2.869978 4.303940 0.051187 0.056075 
0.941160 0.048125 5.414338 0.048821 0.047907 
0.514520 0.994328 5.705095 0.048261 0.047287 
0.046756 1.834526 5.413154 0.057173 0.046312 
0.433651 0.046514 5.932349 0.046527 0.056477 
0.047873 0.817918 5.935267 0.052775 0.055481 
0.044780 0.047200 6.044777 0.045684 0.045655 
2.006989 0.049638 0.049447 1.613765 0.046327 
1.932219 0.975951 0.047230 1.955542 0.046987 
1.653954 2.183601 0.050377 2.183317 0.049458 
1.119610 3.253018 0.050015 2.201080 0.049877 
0.510550 3.823467 0.048218 1.924267 0.047693 
0.046436 3.968471 0.056173 1.610587 0.046553 
1.935677 0.047643 1.454167 1.892261 0.047820 
1.783006 1.185315 1.776392 2.362783 0.050982 
1.317627 2.584012 1.956330 2.605021 0.055573 
0.621878 3.512920 1.787937 2.333884 0.046575 
0.048605 3.822252 1.464032 1.898992 0.048424 
1.658236 0.054876 3.249816 2.173476 0.052230 
1.317591 1.301126 3.829374 2.576879 0.047198 
0.678866 2.578784 3.847414 2.563483 0.078892 
0.051338 3.254113 3.266021 2.183561 0.050447 
1.117030 0.050376 4.864986 2.190123 0.058014 
0.622515 1.188530 5.264706 2.350709 0.051666 
0.045179 2.166731 4.869135 2.195497 0.052875 
0.515868 0.047881 5.706131 1.935249 0.057868 
0.047171 0.979791 5.706589 1.934365 0.053318 
0.042537 0.043556 5.925609 1.614143 0.048816 
1.835736 0.052235 0.050680 3.641972 0.056678 
1.649570 1.117111 0.054219 4.344290 0.049116 
1.202224 2.347248 0.047985 4.682024 0.047222 
0.584039 3.248299 0.048843 4.337788 0.071270 
0.050483 3.626098 0.051764 3.635453 0.057233 
1.650735 0.046970 1.659035 4.312320 0.046660 
1.317745 1.292202 1.949343 5.141264 0.053771 
0.677166 2.579919 1.953934 5.125336 0.058013 
0.048768 3.248900 1.640445 4.332768 0.050228 
1.199595 0.048814 3.508390 4.684251 0.048117 
0.679453 1.318574 3.865779 5.119957 0.057663 
0.048839 2.363836 3.505583 4.664435 0.061264 
0.574857 0.047814 4.854071 4.346145 0.056071 
0.048690 1.113428 4.860550 4.320702 0.058394 
0.046595 0.047523 5.405262 3.645256 0.047002 
1.464808 0.051488 0.051745 5.697155 0.051538 
1.118112 1.104260 0.050206 6.472508 0.049989 
0.571944 2.178721 0.044580 6.472837 0.047814 
0.048533 2.865530 0.059642 5.724684 0.047581 
1.116619 0.053451 1.645228 6.471397 0.049939 
0.619170 1.180832 1.782020 7.003883 0.089726 
0.048860 2.170286 1.645747 6.483046 0.047699 
0.578138 0.051584 3.259085 6.472707 0.062170 
0.047779 1.108360 3.250193 6.468657 0.046740 
0.046466 0.047102 4.284888 5.708935 0.047912 
0.946425 0.055060 0.055299 7.215883 0.054919 
0.507280 0.980220 0.052872 7.616113 0.052091 
0.044963 1.828090 0.045362 7.205947 0.045547 
0.514233 0.049572 1.450668 7.597834 0.048121 
0.051093 0.983295 1.468788 7.597080 0.050941 
0.045281 0.046357 2.737143 7.194960 0.045995 
0.437608 0.047819 0.051078 7.894168 0.049100 
0.046506 0.822705 0.047162 7.891021 0.044218 
0.044277 0.045366 1.212262 7.891232 0.044429 
0.043591 0.043683 0.050629 8.043585 0.044397 
2.011713 0.050905 0.051042 0.063969 1.982772 
1.932606 0.989705 0.051808 0.049550 2.415775 
1.651967 2.173061 0.049467 0.048335 2.728721 
1.117329 3.255959 0.053419 0.051131 2.721891 
0.518643 3.820263 0.047771 0.046714 2.374646 
0.045480 3.967367 0.045119 0.049466 2.004278 
1.935811 0.049259 1.456734 0.049230 2.365412 
1.781735 1.216082 1.776647 0.052359 2.931227 
1.315213 2.571638 1.964198 0.048414 3.151881 
0.619082 3.511697 1.776437 0.047464 2.929180 
0.047536 3.815545 1.463737 0.047163 2.410527 
1.652360 0.046364 3.240820 0.047448 2.699345 
1.314770 1.309615 3.843368 0.050087 3.223561 
0.675156 2.591634 3.856348 0.052743 3.183558 
0.046328 3.245634 3.259813 0.046652 2.752163 
1.113099 0.048245 4.864293 0.049424 2.716833 
0.622383 1.199319 5.264309 0.055793 2.958694 
0.049585 2.171324 4.871824 0.052610 2.728931 
0.517915 0.046411 5.698560 0.047461 2.417164 
0.047005 0.992317 5.700306 0.049153 2.418856 
0.045082 0.046494 5.930328 0.047071 1.990106 
1.936976 0.051363 0.052287 1.926457 2.394841 
1.783601 1.195310 0.047054 2.335461 2.906530 
1.313318 2.573022 0.046819 2.566095 3.215774 
0.623918 3.515864 0.045947 2.321905 2.926658 
0.049480 3.818602 0.046910 1.922180 2.410660 
1.777130 0.045697 1.766241 2.357305 2.921955 
1.464810 1.448818 2.184821 2.864549 3.568794 
0.751786 2.872954 2.166727 2.900753 3.567775 
0.043992 3.503586 1.774642 2.380654 2.910890 
1.309023 0.049566 3.842191 2.598050 3.213986 
0.756405 1.452096 4.297615 2.896746 3.587745 
0.051356 2.572433 3.846754 2.590863 3.212812 
0.622907 0.055807 5.249023 2.366082 2.942334 
0.047084 1.195492 5.244626 2.357951 2.939287 
0.044565 0.044955 5.700564 1.942477 2.391849 
1.656978 0.060031 0.048469 4.300285 2.698458 
1.311185 1.298794 0.046907 5.116668 3.198894 
0.677730 2.565870 0.052678 5.136491 3.220376 
0.045930 3.252726 0.045429 4.321535 2.712559 
1.312086 0.052843 1.938183 5.117239 3.204676 
0.754455 1.463922 2.164947 5.720381 3.615031 
0.049827 2.569973 1.933694 5.136652 3.205747 
0.676501 0.053439 3.833842 5.141457 3.200527 
0.048788 1.303738 3.849614 5.106353 3.196711 
0.046834 0.046480 4.852009 4.340711 2.699607 
1.114496 0.050598 0.049498 6.474502 2.721319 
0.615470 1.189445 0.052247 7.013683 2.918943 
0.047883 2.178204 0.046959 6.473332 2.707475 
0.619408 0.049810 1.767949 6.993162 2.937182 
0.051057 1.188813 1.770859 6.989175 2.940864 
0.045983 0.046277 3.253568 6.458891 2.721803 
0.519075 0.053271 0.057706 7.600740 2.402742 
0.047042 0.993316 0.046550 7.583062 2.419477 
0.046553 0.047451 1.450760 7.589163 2.418474 
0.046001 0.048193 0.046935 7.892251 1.996850 
1.836809 0.053232 0.054603 0.056041 4.531687 
1.655276 1.110595 0.049860 0.049841 5.373159 
1.208758 2.360308 0.057373 0.053923 5.823776 
0.575415 3.265195 0.053705 0.053577 5.408419 
0.047374 3.622492 0.047157 0.047530 4.530629 
1.648976 0.049436 1.638325 0.051310 5.389561 
1.317450 1.304168 1.936222 0.048608 6.357165 
0.682202 2.572890 1.945399 0.049142 6.385726 
0.045078 3.250892 1.654159 0.045462 5.389902 
1.205353 0.054508 3.508527 0.065035 5.820881 
0.676082 1.310699 3.866425 0.054833 6.389225 
0.048657 2.355226 3.514790 0.049612 5.821724 
0.580041 0.049248 4.861133 0.050730 5.396924 
0.051057 1.112987 4.864050 0.051357 5.395835 
0.045414 0.046554 5.411852 0.046266 4.516332 
1.656876 0.052409 0.051129 2.161610 5.392905 
1.312611 1.312603 0.053783 2.580207 6.386340 
0.678554 2.579201 0.053226 2.603200 6.389400 
0.048697 3.260586 0.048607 2.193612 5.370645 
1.314749 0.052476 1.952636 2.584837 6.365273 
0.752096 1.455624 2.165860 2.900523 7.118928 
0.048387 2.582863 1.952285 2.556026 6.363597 
0.679309 0.052739 3.850012 2.605494 6.371858 
0.046050 1.308720 3.842802 2.583084 6.361620 
0.050093 0.050676 4.861591 2.199140 5.379165 
1.201566 0.049044 0.052842 4.695822 5.797144 
0.676946 1.313207 0.049011 5.124174 6.365258 
0.052324 2.368398 0.052446 4.669628 5.809928 
0.675361 0.045007 1.936140 5.114727 6.360308 
0.046791 1.306624 1.949795 5.112711 6.362362 
0.045302 0.045217 3.512108 4.654022 5.822203 
0.576960 0.048821 0.046344 6.470462 5.381677 
0.047776 1.108848 0.048237 6.470619 5.385163 
0.046514 0.046582 1.637479 6.464591 5.394685 
0.045076 0.045076 0.048376 7.209481 4.494642 
1.463709 0.051082 0.051774 0.052392 7.124677 
1.118803 1.114769 0.056151 0.056912 8.100894 
0.574915 2.174919 0.047472 0.048233 8.092215 
0.048817 2.862926 0.049294 0.059886 7.154023 
1.120846 0.047639 1.632805 0.047197 8.058187 
0.622557 1.198404 1.765445 0.046242 8.716695 
0.046402 2.181484 1.658310 0.055563 8.062661 
0.578652 0.053556 3.264042 0.049926 8.049515 
0.045551 1.116456 3.262288 0.050516 8.050105 
0.042757 0.042206 4.295807 0.047355 7.094952 
1.120528 0.051896 0.050986 2.188341 8.062343 
0.623701 1.199201 0.051414 2.360491 8.717216 
0.048090 2.180699 0.051229 2.196382 8.066046 
0.623620 0.051817 1.779831 2.359494 8.722543 
0.046512 1.193797 1.785430 2.355038 8.709004 
0.043990 0.046531 3.273094 2.178494 8.038693 
0.579694 0.049814 0.047695 4.340824 8.054177 
0.051890 1.110054 0.048759 4.328540 8.069757 
0.045138 0.048047 1.648334 4.322322 8.062341 
0.046253 0.046360 0.046332 5.702640 7.117900 
0.943055 0.053825 0.053245 0.053339 9.007022 
0.516873 0.984422 0.051331 0.047616 9.481349 
0.050190 1.838231 0.057945 0.049467 8.992438 
0.517352 0.047739 1.464317 0.054023 9.476267 
0.044924 0.987410 1.457440 0.044894 9.473594 
0.045976 0.047868 2.725725 0.047529 8.993146 
0.517011 0.048443 0.047853 1.939045 9.476661 
0.050863 0.988095 0.049895 1.925572 9.483732 
0.046093 0.046002 1.451526 1.929134 9.478460 
0.044026 0.043462 0.043458 3.621780 8.987343 
0.440761 0.047213 0.047198 0.047071 9.851101 
0.048884 0.831490 0.048808 0.048947 9.855447 
0.046454 0.046306 1.223606 0.046489 9.851877 
0.046498 0.046500 0.047529 1.624970 9.849911 
0.042389 0.042525 0.042826 0.042567 10.042343 
