0.241900 0.363738 0.068074 0.121200 0.045040 0.061534 0.070321 0.088749 0.134075 0.215494 
0.164846 0.564673 0.113987 0.106334 0.092712 0.044392 0.067094 0.123121 0.108212 0.123123 
0.022402 1.664651 0.029777 0.092271 0.072672 0.044328 0.069427 0.147389 0.120067 0.554971 
0.308396 0.071132 0.488677 0.058137 0.085337 0.245672 0.067549 0.208056 0.132389 0.114787 
0.027658 0.545018 0.310065 0.073876 0.070550 0.151226 0.103411 0.203517 0.131913 0.065952 
0.013960 0.109335 1.885094 0.084306 0.066715 0.192240 0.067787 0.014120 0.112217 0.547120 
0.380538 0.052053 0.061829 0.967511 0.102510 0.109060 0.092165 0.126129 0.125292 0.147874 
0.121305 0.296629 0.094175 0.871471 0.120834 0.174322 0.069295 0.151605 0.136946 0.153233 
0.043066 0.655322 0.080959 0.513902 0.206169 0.186780 0.140411 0.069956 0.162171 0.301048 
0.176048 0.014708 0.425801 0.589049 0.034341 0.070181 0.057608 0.180765 0.098339 0.153791 
0.021837 0.064435 1.005544 0.577011 0.109614 0.104928 0.047841 0.121540 0.140968 0.321194 
0.140545 0.052569 0.201001 1.175964 0.091159 0.260706 0.072435 0.134005 0.135939 0.118338 
0.020281 0.048080 0.565672 1.640589 0.069458 0.043059 0.067654 0.147378 0.119057 0.060028 
0.273464 0.072626 0.067998 0.063189 0.868059 0.035554 0.039851 0.136602 0.098465 0.113410 
0.136869 0.437548 0.025380 0.027087 0.780430 0.128946 0.041415 0.186204 0.148644 0.056507 
0.016982 0.771092 0.050546 0.017602 0.745469 0.123426 0.050347 0.197107 0.139553 0.050921 
0.018321 0.295043 0.367669 0.052237 0.615797 0.210264 0.043405 0.309392 0.139532 0.139696 
0.032474 0.023613 1.045629 0.062717 1.334936 0.051453 0.023329 0.229189 0.105453 0.122597 
0.187740 0.040548 0.057742 0.585310 0.873129 0.093880 0.059314 0.110926 0.109696 0.132278 
0.021940 0.395481 0.044196 0.505570 0.789058 0.141945 0.037488 0.190345 0.092818 0.062617 
0.019876 0.088180 0.146084 0.908346 0.735799 0.102650 0.044881 0.118579 0.138009 0.317975 
0.053646 0.317607 0.096233 0.035414 1.335693 0.112324 0.068732 0.151583 0.208197 0.101792 
0.034452 0.088544 0.408281 0.036458 1.873806 0.134433 0.018492 0.239741 0.018800 0.060512 
0.310182 0.050487 0.071856 0.069098 0.084382 0.952582 0.065281 0.153410 0.105941 0.057993 
0.101326 0.325682 0.109896 0.057487 0.064757 1.049220 0.070882 0.116073 0.079884 0.116003 
0.033533 0.371593 0.383871 0.033025 0.073414 0.949665 0.070538 0.210120 0.168954 0.094331 
0.046055 0.026142 1.030317 0.067986 0.118187 0.904601 0.066488 0.154640 0.107194 0.053388 
0.018948 0.372784 0.069009 0.378458 0.074778 1.026681 0.016443 0.114120 0.161706 0.399370 
0.036343 0.079482 0.275238 0.517039 0.053995 0.951602 0.069320 0.181613 0.124203 0.092416 
0.120284 0.158112 0.071558 0.075230 0.776741 0.999193 0.049790 0.248629 0.134406 0.258251 
0.029660 0.408792 0.042103 0.047957 0.545046 1.040127 0.063514 0.048637 0.104573 0.020191 
0.028877 0.023224 0.675238 0.048172 0.721946 0.989562 0.023315 0.229692 0.105645 0.057697 
0.018754 0.440039 0.069222 0.040108 0.042449 2.050060 0.060742 0.141851 0.210344 0.054382 
0.022998 0.100176 0.077837 0.647372 0.027425 2.240687 0.080873 0.119464 0.093428 0.317351 
0.025675 0.043121 0.113462 0.026634 0.697607 2.116714 0.070644 0.123553 0.211751 0.027162 
0.019312 0.094308 0.103296 0.027888 0.053434 3.536485 0.046452 0.119148 0.099364 0.104146 
0.341034 0.037663 0.119804 0.071786 0.072902 0.062523 0.836494 0.096653 0.097093 0.045412 
0.126384 0.392597 0.074350 0.084279 0.081609 0.146389 0.519400 0.222363 0.101472 0.069658 
0.196073 0.036512 0.440332 0.082617 0.047476 0.069307 1.126036 0.202285 0.116935 0.428116 
0.073631 0.222000 0.319706 0.083325 0.077016 0.052366 0.468731 0.246920 0.104118 0.140509 
0.019298 0.078474 1.180249 0.062944 0.050804 0.033208 1.106828 0.144900 0.117573 0.552477 
0.178456 0.028644 0.069235 0.644208 0.068170 0.062556 0.837902 0.097839 0.097794 0.046582 
0.023301 0.027053 0.439492 0.698067 0.082300 0.048419 1.278428 0.108433 0.157048 0.113936 
0.051843 0.071131 0.178222 0.935402 0.061015 0.068577 0.479382 0.207010 0.120672 0.561194 
0.198476 0.029665 0.078461 0.155420 0.573634 0.104421 1.147964 0.034508 0.108012 0.038593 
0.039326 0.347987 0.050507 0.057432 0.837722 0.144920 0.518155 0.219606 0.099934 0.068352 
0.045348 0.048455 0.430190 0.241130 1.112915 0.138526 0.676689 0.162744 0.055637 0.095354 
0.034231 0.044286 0.091873 0.493195 0.847183 0.066088 0.486319 0.207630 0.098881 0.074550 
0.053920 0.075124 0.149384 0.045028 1.040417 0.052486 0.460833 0.243293 0.138823 0.141599 
0.123618 0.188061 0.060800 0.129078 0.094020 0.725149 0.542798 0.140154 0.121444 0.166420 
0.044176 0.563884 0.068748 0.140443 0.093873 0.722673 0.532178 0.174668 0.128248 0.173857 
0.035927 0.069912 0.761827 0.134105 0.086706 0.726440 0.532633 0.138935 0.120213 0.165823 
0.080184 0.112059 0.041109 0.078430 0.722101 0.713392 0.534229 0.138624 0.151504 0.166691 
0.055720 0.078324 0.135047 0.083524 0.095149 1.448256 0.558561 0.158062 0.110081 0.158115 
0.205705 0.038877 0.064842 0.052885 0.036439 0.097831 2.076764 0.313728 0.211386 0.121778 
0.012469 0.063998 0.823632 0.044715 0.036384 0.053785 2.655255 0.012617 0.111559 0.142952 
0.017478 0.071903 0.075293 0.686065 0.101278 0.115186 1.324607 0.121752 0.133442 0.055178 
0.018254 0.146104 0.166551 0.037768 0.040419 0.081044 2.646292 0.193960 0.200439 0.081787 
0.025996 0.585030 0.029361 0.043495 0.047561 0.292972 0.040436 1.379476 0.131069 0.049371 
0.063151 0.276574 0.287544 0.068729 0.053523 0.127210 0.051930 1.305871 0.099864 0.058935 
0.025481 0.038260 1.049360 0.062815 0.114549 0.089037 0.046974 1.359218 0.103100 0.027113 
0.047034 0.333825 0.054743 0.535212 0.079196 0.130569 0.057947 1.707313 0.133165 0.092073 
0.025102 0.038094 0.400234 0.906072 0.054091 0.091689 0.051121 1.283326 0.098896 0.057968 
0.047523 0.181325 0.034120 0.906672 0.054181 0.091802 0.051209 1.281550 0.098974 0.056213 
0.018942 0.025870 0.574101 0.039043 0.711954 0.084324 0.043056 1.330141 0.132804 0.023752 
0.033233 0.069227 0.095848 0.513356 0.771093 0.101029 0.057248 0.992858 0.106628 0.060017 
0.034658 0.076382 0.026795 0.134405 1.067410 0.142337 0.035806 1.313964 0.171693 0.281572 
0.028462 0.057285 0.191415 0.361857 0.040135 0.672094 0.050578 1.250904 0.119979 0.088191 
0.039352 0.060844 0.158380 0.067522 0.611210 0.695106 0.062120 1.224083 0.133479 0.101691 
0.037991 0.092969 0.131601 0.033730 0.040303 1.450988 0.047166 1.318872 0.139715 0.070190 
0.033841 0.073161 0.352975 0.042285 0.044045 0.075886 0.747833 1.287834 0.141430 0.559533 
0.080497 0.091906 0.077178 0.509395 0.073025 0.063075 0.828722 1.332010 0.322809 0.245805 
0.016020 0.028245 0.013968 0.046211 0.023540 1.024349 0.566310 2.467683 0.118839 0.559132 
0.130726 0.178782 0.062040 0.039882 0.047583 0.025068 0.099658 2.283530 0.084909 0.055164 
0.012395 0.354175 0.040931 0.276792 0.012039 0.030938 0.030304 3.401543 0.131513 0.031549 
0.030735 0.074651 0.384624 0.154084 0.057903 0.071026 0.037696 2.498318 0.018745 0.052772 
0.014889 0.128460 0.021980 0.472391 0.028777 0.021324 0.028268 4.938635 0.113679 0.054650 
0.025962 0.045220 0.196274 0.083211 0.565097 0.070040 0.037465 2.303294 0.128537 0.024073 
0.024810 0.043207 0.022231 0.021560 0.305663 0.901958 0.039301 3.582876 0.090637 0.025853 
0.025549 0.060208 0.019730 0.111144 0.208073 0.054622 0.556126 2.444305 0.135774 0.558918 
0.019318 0.053800 0.056454 0.100910 0.051684 0.251902 0.027246 4.953606 0.139900 0.238676 
0.410370 0.027883 0.125710 0.064780 0.068593 0.087615 0.030337 0.093844 1.202000 0.056964 
0.111612 0.150742 0.241637 0.051768 0.074079 0.074555 0.032426 0.401922 0.816267 0.129082 
0.074682 0.227085 0.241712 0.052759 0.074785 0.075255 0.033731 0.398502 0.867835 0.130561 
0.230740 0.017039 0.064429 0.460841 0.080461 0.070833 0.022324 0.094270 1.285543 0.014078 
0.025771 0.039777 0.494365 0.786706 0.094089 0.077324 0.100679 0.089826 1.272373 0.117436 
0.050049 0.134895 0.041343 1.123269 0.054382 0.037010 0.053209 0.110070 1.202127 0.243863 
0.193001 0.035487 0.066535 0.052574 1.067444 0.088631 0.060586 0.114588 1.260730 0.033677 
0.022732 0.446159 0.055915 0.023779 0.541026 0.072188 0.044404 0.104898 1.234031 0.143600 
0.033206 0.035742 0.640016 0.097343 0.805022 0.085217 0.030913 0.172041 1.292717 0.248989 
0.180951 0.056958 0.218877 0.099794 0.074792 1.039249 0.087678 0.105563 1.263700 0.184188 
0.034935 0.188242 0.361155 0.055949 0.053600 0.711929 0.067132 0.163570 1.283362 0.161521 
0.033557 0.080143 0.132686 0.642191 0.054901 0.692501 0.062812 0.164345 1.284137 0.162296 
0.182200 0.052687 0.088221 0.049447 0.060669 0.092397 0.882557 0.164227 1.296946 0.068551 
0.020004 0.389486 0.071601 0.168056 0.046602 0.046975 0.553774 0.143581 1.272154 0.077037 
0.024419 0.031206 0.256197 0.596137 0.066269 0.071049 0.886804 0.088726 1.267714 0.116091 
0.021789 0.022939 0.133018 0.201489 0.037549 0.943484 0.928576 0.083917 1.268840 0.113467 
0.028782 0.495916 0.067842 0.047421 0.051384 0.027930 0.037578 1.000255 1.244558 0.054051 
0.076799 0.078395 0.521213 0.167962 0.092421 0.080863 0.259137 1.605565 1.313099 0.707908 
0.040553 0.098210 0.027872 0.675765 0.041956 0.066748 0.043095 1.086984 1.211005 0.054699 
0.043233 0.107750 0.048814 0.086726 0.060510 0.878017 0.050274 1.017182 1.276797 0.116412 
0.035914 0.091460 0.124319 0.028178 0.024541 0.064077 0.594087 1.115096 1.226217 0.055645 
0.068444 0.419764 0.114830 0.068395 0.071301 0.085798 0.059395 0.092932 2.325618 0.071383 
0.037094 0.081627 0.105017 0.518076 0.053974 0.557527 0.060328 0.138473 2.447935 0.166164 
0.040036 0.145824 0.152641 0.034174 0.792019 0.080228 0.062159 0.087295 2.316387 0.113289 
0.025082 0.180775 0.127379 0.039669 0.036453 0.369611 0.653800 0.088200 2.328224 0.154688 
0.038551 0.123707 0.100053 0.094092 0.047131 0.332823 0.050740 1.325879 2.340653 0.167116 
0.148153 0.449706 0.085515 0.093435 0.091482 0.070929 0.052920 0.093909 0.121390 4.524586 
0.017148 0.833839 0.038889 0.026306 0.050682 0.138203 0.049435 0.293242 0.140328 4.101902 
0.180438 0.038665 0.409206 0.086493 0.066265 0.057384 0.055110 0.190035 0.085592 4.756774 
0.021629 0.366174 0.319448 0.245381 0.066513 0.080706 0.029844 0.102103 0.082858 4.338805 
0.019380 0.023883 1.000307 0.199167 0.056442 0.016601 0.043924 0.303144 0.082080 4.293674 
0.130558 0.015583 0.308538 0.424873 0.029574 0.055115 0.046155 0.133919 0.075181 4.318390 
0.046213 0.230216 0.316100 0.487783 0.080441 0.075530 0.071213 0.175855 0.112161 4.034908 
0.043149 0.318366 0.281043 0.063416 0.623475 0.102109 0.052203 0.123503 0.104351 4.215123 
0.198978 0.038201 0.116771 0.051215 0.029715 0.590604 0.055166 0.107122 0.129075 4.023138 
0.020680 0.438891 0.094303 0.048397 0.032971 0.660046 0.050432 0.150456 0.100596 4.601117 
0.039708 0.103873 0.372086 0.048368 0.031755 0.707077 0.050168 0.154579 0.051918 4.599438 
0.036905 0.143497 0.127519 0.046308 0.571373 0.652980 0.070407 0.153999 0.170058 4.011362 
0.031489 0.084087 0.076202 0.036282 0.541341 1.434389 0.067010 0.104452 0.166599 4.162202 
0.014672 0.264104 0.319117 0.046762 0.024726 0.042561 0.850020 0.067802 0.104997 4.336101 
0.017681 0.085893 0.100937 0.653504 0.032213 0.064130 0.842097 0.070670 0.104264 4.011202 
0.021796 0.022456 0.165538 0.255924 0.638381 0.023258 0.906417 0.103087 0.090065 4.301306 
0.058244 0.142341 0.028065 0.027858 0.053849 1.068674 0.555224 0.148169 0.075142 4.259509 
0.018236 0.061335 0.065349 0.037043 0.028273 0.200148 1.443098 0.068048 0.919537 4.046045 
0.044075 0.129654 0.036549 0.447678 0.030009 0.045017 0.031612 0.900292 0.067922 4.176707 
0.031845 0.083244 0.083866 0.036978 0.031270 0.194527 0.035046 3.616158 0.117354 5.610852 
0.151300 0.038016 0.057946 0.051475 0.044503 0.046035 0.307010 1.190001 0.974295 5.602509 
0.059221 0.309075 0.096948 0.063399 0.072669 0.105313 0.038075 0.047999 1.700948 4.366813 
0.020836 0.015821 0.539859 0.043969 0.479284 0.100143 0.042395 0.014556 0.905101 4.123539 
0.017746 0.093760 0.098659 0.013534 0.558084 0.046523 0.027839 0.051070 1.629677 4.182465 
0.039308 0.175160 0.059833 0.041630 0.046658 0.064373 0.594043 0.038169 1.691898 4.357764 
0.030543 0.037648 0.350411 0.186526 0.887054 0.106133 0.537442 0.444845 0.041098 10.644840 
0.044522 0.209980 0.220821 0.055939 0.066035 0.102193 1.071591 0.056714 0.234934 19.709150 
0.388188 0.100672 0.161918 0.024100 0.087490 0.164130 0.053966 0.201754 0.130071 0.054286 
0.056450 0.817239 0.053896 0.087520 0.076999 0.039675 0.393368 0.116725 0.201440 0.123406 
0.216718 0.026844 0.624164 0.074030 0.099448 0.203729 0.043308 0.117401 0.136935 0.104480 
0.034753 0.074035 1.166176 0.087458 0.127226 0.110511 0.505698 0.224107 0.157550 0.072734 
0.226634 0.046043 0.064330 0.754277 0.083184 0.134630 0.184090 0.133896 0.095658 0.098551 
0.102741 0.350843 0.024330 0.816595 0.073076 0.129665 0.041731 0.187719 0.123577 0.091878 
0.025372 0.149045 0.400369 0.545193 0.177516 0.116823 0.056228 0.121544 0.136998 0.235681 
0.025006 0.523593 0.028662 0.040769 0.916541 0.195838 0.119116 0.088791 0.131379 0.080310 
0.046501 0.036039 0.738477 0.169431 1.060700 0.049779 0.065814 0.439011 0.122631 0.038988 
0.064133 0.188591 0.040702 0.505479 0.054711 0.928522 0.069571 0.206927 0.149303 0.093335 
0.026850 0.138957 0.146274 0.036240 0.946865 1.081675 0.067175 0.061457 0.065277 0.035035 
0.036566 0.576638 0.089019 0.063789 0.075340 0.139990 1.145124 0.196573 0.189472 0.165860 
0.110141 0.110888 0.079473 0.653254 0.081004 0.072988 0.842324 0.108181 0.108136 0.056924 
0.085900 0.133725 0.027269 0.083266 1.049055 0.177748 0.558788 0.050484 0.135814 0.151001 
0.046414 0.227182 0.180086 0.061958 0.063281 0.528812 0.128795 2.352880 0.115647 0.084415 
0.063526 0.525799 0.103175 0.237429 0.094046 0.073458 0.388484 0.187602 1.314514 0.119397 
0.049367 0.134464 0.039518 0.094716 0.065842 0.966183 0.032671 1.003835 1.279079 0.118657 
0.016306 0.020280 0.137264 0.320160 0.038686 0.041103 0.474924 1.539789 1.259603 0.107981 
0.251417 0.070413 0.132943 0.064073 0.040931 0.120773 0.051252 0.150329 0.101183 4.601666 
0.055930 0.195510 0.260660 0.390895 0.081894 0.078091 0.408522 0.186165 0.122439 4.045214 
0.066482 0.206755 0.091984 0.046713 0.030528 0.656103 0.047975 0.148000 0.098140 4.598660 
0.028182 0.135493 0.159161 0.095583 0.033681 0.054574 0.500202 1.768790 0.033784 4.349861 
