2.003881 0.004803 0.004950 0.004340 0.004393 0.005628 0.004990 0.005046 
1.792774 1.790529 0.003868 0.003512 0.003815 0.006047 0.003945 0.004524 
0.899454 3.579094 0.004423 0.003207 0.003376 0.008439 0.004498 0.003674 
0.002930 4.002641 0.004619 0.002734 0.003247 0.003149 0.003635 0.002908 
1.793540 0.005633 2.686112 0.004858 0.004645 0.005493 0.010704 0.007030 
1.169717 2.331494 3.495660 0.020378 0.020262 0.029436 0.022166 0.022154 
0.004529 3.580910 2.690118 0.004816 0.004312 0.009069 0.006256 0.017340 
0.898691 0.004309 5.370711 0.004225 0.004763 0.005731 0.006403 0.006138 
0.006814 1.797744 5.371511 0.007222 0.007328 0.014368 0.007035 0.009562 
0.002671 0.002427 6.002420 0.002454 0.002857 0.003275 0.002557 0.003080 
1.793449 0.003664 0.003811 3.572003 0.008964 0.004309 0.004787 0.017307 
1.168444 2.333099 0.020004 4.654982 0.024986 0.022141 0.020067 0.022004 
0.002561 3.579830 0.002330 3.579372 0.002357 0.006547 0.002991 0.003709 
1.166613 0.015813 3.496307 4.625321 0.016062 0.017627 0.016914 0.019487 
0.010107 2.312867 3.481464 4.612289 0.005964 0.013834 0.006581 0.011526 
0.006818 0.006282 5.381438 3.560970 0.007007 0.008054 0.008279 0.006307 
0.898056 0.003733 0.004692 7.159034 0.003796 0.005076 0.004339 0.004653 
0.003906 1.790234 0.003775 7.161318 0.008330 0.004966 0.003918 0.005401 
0.004342 0.004203 2.682262 7.163089 0.004734 0.004671 0.005133 0.006211 
0.002227 0.003998 0.002087 8.002086 0.002174 0.003475 0.002172 0.002990 
1.792467 0.004905 0.005535 0.004644 4.486532 0.008059 0.004731 0.007229 
1.159903 2.315500 0.006537 0.008603 5.786462 0.006423 0.007941 0.009849 
0.003294 3.580171 0.003279 0.005459 4.478534 0.005093 0.003255 0.004968 
1.160574 0.006977 3.473107 0.006958 5.781205 0.007035 0.006929 0.009740 
0.006092 2.317234 3.465766 0.005567 5.779695 0.007664 0.014492 0.011571 
0.004328 0.003361 5.365398 0.003558 4.490522 0.008023 0.005809 0.004626 
1.159500 0.005971 0.005055 4.620165 5.781552 0.007919 0.005052 0.007461 
0.007429 2.321918 0.006850 4.619922 5.772354 0.008830 0.008782 0.007227 
0.007327 0.006562 3.471956 4.629917 5.772131 0.008028 0.006901 0.008589 
0.004967 0.004663 0.004663 7.160416 4.475958 0.007820 0.004964 0.007568 
0.898765 0.005561 0.004570 0.003721 8.945735 0.005803 0.005074 0.004482 
0.006183 1.801216 0.005722 0.006834 8.941505 0.008046 0.007095 0.006859 
0.005541 0.005108 2.688828 0.005146 8.948885 0.005041 0.006477 0.005185 
0.005363 0.005212 0.005212 3.581590 8.950316 0.005447 0.005372 0.005221 
0.003996 0.003423 0.003396 0.003395 10.003395 0.005802 0.003550 0.004042 
1.794883 0.005524 0.004995 0.004747 0.005252 5.354615 0.004812 0.007106 
1.160873 2.315780 0.006282 0.006144 0.006595 6.932529 0.006065 0.008561 
0.004611 3.580422 0.004585 0.005154 0.004306 5.377731 0.004113 0.003959 
1.164185 0.011699 3.480467 0.011890 0.012167 6.942008 0.014679 0.012944 
0.006537 2.318715 3.462037 0.006200 0.006487 6.941013 0.009302 0.007815 
0.004115 0.003843 5.373805 0.004290 0.004207 5.356655 0.005330 0.004421 
1.159309 0.004646 0.005770 4.621186 0.005047 6.936367 0.005035 0.006546 
0.006523 2.324178 0.006540 4.622249 0.006768 6.913478 0.012663 0.009708 
0.007625 0.008167 3.482960 4.622521 0.007243 6.915527 0.008152 0.011862 
0.003650 0.003646 0.003653 7.159885 0.003948 5.367745 0.003652 0.005590 
1.168313 0.012634 0.014452 0.012409 5.771641 6.950034 0.012582 0.015610 
0.003321 2.309369 0.003228 0.003824 5.768441 6.950522 0.003746 0.005282 
0.005872 0.005087 3.482439 0.005135 5.766942 6.920687 0.005266 0.006188 
0.004102 0.003906 0.003906 4.625309 5.767549 6.940018 0.004156 0.013512 
0.004765 0.004362 0.004213 0.004214 8.953454 5.358832 0.004381 0.004261 
0.899533 0.003829 0.004106 0.003737 0.005710 10.732320 0.003642 0.006533 
0.003032 1.791276 0.003070 0.002924 0.003261 10.736754 0.003184 0.005560 
0.004286 0.003947 2.688117 0.003986 0.004809 10.736118 0.004266 0.004966 
0.004848 0.004761 0.004764 3.593455 0.005023 10.729633 0.006241 0.006625 
0.003424 0.003118 0.003118 0.003657 4.485476 10.730102 0.003401 0.003196 
0.002623 0.002622 0.002748 0.002622 0.006871 12.002620 0.003883 0.003279 
1.794267 0.004078 0.005691 0.003771 0.003874 0.004494 6.240277 0.006835 
1.164181 2.316678 0.013151 0.008450 0.007914 0.011964 8.081084 0.015655 
0.003143 3.581218 0.003006 0.002762 0.003442 0.003119 6.258131 0.005650 
1.173196 0.019849 3.489634 0.021582 0.020136 0.021507 8.092905 0.022151 
0.006152 2.315946 3.473491 0.005804 0.006284 0.009795 8.077161 0.008491 
0.004916 0.003861 5.371502 0.003580 0.004103 0.008240 6.258174 0.006504 
1.159238 0.005070 0.005187 4.634832 0.005409 0.009592 8.071470 0.006848 
0.003945 2.318547 0.003889 4.622629 0.003770 0.005640 8.067671 0.004342 
0.004333 0.004679 3.472702 4.624574 0.004751 0.005748 8.074478 0.010885 
0.003308 0.002839 0.002850 7.155292 0.003567 0.007100 6.274190 0.003728 
1.162693 0.007607 0.008660 0.009563 5.777599 0.009302 8.091580 0.009995 
0.007783 2.320762 0.007845 0.007234 5.781477 0.009079 8.074583 0.007822 
0.005985 0.005353 3.478939 0.008366 5.780322 0.009224 8.063857 0.017170 
0.010053 0.010090 0.009993 4.640599 5.784694 0.013409 8.070505 0.010816 
0.004426 0.003258 0.003340 0.003308 8.949966 0.004171 6.257338 0.003673 
1.160792 0.006005 0.007006 0.006116 0.006440 6.944585 8.074231 0.006102 
0.005225 2.314834 0.009498 0.004812 0.005566 6.942844 8.073938 0.010117 
0.004136 0.003952 3.470079 0.007021 0.004189 6.936626 8.076902 0.004525 
0.003294 0.003020 0.003730 4.625615 0.003085 6.931129 8.079390 0.003896 
0.004088 0.003691 0.003586 0.003665 5.784153 6.929119 8.079692 0.015332 
0.003384 0.003384 0.003884 0.012895 0.003440 10.740447 6.255156 0.008088 
0.901528 0.005269 0.005047 0.007258 0.006049 0.007519 12.519032 0.007226 
0.004600 1.798959 0.004303 0.005358 0.004304 0.005235 12.515681 0.005420 
0.003122 0.003072 2.686997 0.003253 0.007206 0.004881 12.524291 0.005808 
0.003925 0.003694 0.003700 3.573908 0.004114 0.005516 12.532225 0.004552 
0.003882 0.003292 0.003291 0.003389 4.484447 0.004375 12.518949 0.004143 
0.004263 0.003904 0.003902 0.003969 0.003902 5.383228 12.518426 0.004074 
0.002012 0.002012 0.002012 0.002532 0.002012 0.002013 14.002012 0.002925 
1.795459 0.007069 0.006429 0.016169 0.006682 0.008010 0.007566 7.152824 
1.162598 2.322083 0.006593 0.006723 0.005946 0.007700 0.007829 9.198758 
0.004392 3.584447 0.003829 0.003558 0.003817 0.004398 0.003671 7.133035 
1.161965 0.004227 3.473871 0.004670 0.004320 0.008413 0.010386 9.200225 
0.007190 2.317338 3.477609 0.006966 0.007447 0.011303 0.007942 9.222938 
0.003842 0.003619 5.374909 0.003755 0.003773 0.004421 0.003644 7.133768 
1.161432 0.004508 0.004544 4.625254 0.004472 0.005513 0.004462 9.218483 
0.007181 2.313390 0.007090 4.621452 0.007151 0.008116 0.007659 9.264537 
0.005645 0.005515 3.476252 4.627186 0.006056 0.007245 0.008262 9.219635 
0.003542 0.003342 0.003248 7.165326 0.003778 0.007608 0.003507 7.131948 
1.160832 0.007094 0.004925 0.004818 5.783458 0.006611 0.006423 9.223465 
0.007178 2.314313 0.006910 0.007824 5.819608 0.008497 0.006561 9.186675 
0.003971 0.003802 3.459242 0.003998 5.798516 0.005107 0.004418 9.230231 
0.005796 0.005709 0.005707 4.636574 5.782993 0.015251 0.006483 9.212794 
0.004862 0.004357 0.004356 0.007303 8.960879 0.005964 0.010233 7.120429 
1.164132 0.008605 0.008757 0.008011 0.008155 6.963883 0.009787 9.193571 
0.004408 2.320352 0.005076 0.006940 0.007126 6.923696 0.005542 9.225438 
0.004632 0.004584 3.473709 0.005016 0.004829 6.951017 0.004583 9.204356 
0.006546 0.006258 0.006265 4.639070 0.006611 6.943316 0.006512 9.203898 
0.008507 0.004012 0.004000 0.017531 5.791019 6.940565 0.021411 9.208537 
0.004487 0.004497 0.003640 0.003743 0.003639 10.746563 0.003653 7.132866 
1.163389 0.006884 0.005762 0.005625 0.006685 0.006529 8.088153 9.218150 
0.004993 2.317509 0.006121 0.005155 0.005654 0.005546 8.077258 9.240186 
0.003852 0.003782 3.473621 0.004017 0.004179 0.007004 8.082652 9.230673 
0.004477 0.004270 0.004268 4.631361 0.004565 0.007254 8.083083 9.229938 
0.004690 0.004528 0.004529 0.004528 5.780809 0.005282 8.093234 9.231045 
0.003187 0.003157 0.003158 0.003157 0.003157 6.948269 8.080390 9.224654 
0.003062 0.002838 0.002666 0.002729 0.002665 0.004579 12.526654 7.153491 
0.906072 0.025243 0.031817 0.026081 0.027208 0.027321 0.027761 14.388243 
0.003096 1.801013 0.003230 0.003135 0.003072 0.004016 0.003296 14.295658 
0.005800 0.005699 2.701834 0.005843 0.006035 0.006643 0.006289 14.299340 
0.005445 0.004983 0.006332 3.600812 0.005221 0.007365 0.006170 14.297604 
0.004046 0.003817 0.003817 0.005485 4.497073 0.004578 0.004381 14.297705 
0.003294 0.003789 0.002650 0.002726 0.002628 5.379573 0.002734 14.306531 
0.003077 0.003067 0.003068 0.003068 0.003069 0.003067 6.269726 14.310661 
0.001859 0.001859 0.001859 0.001859 0.001859 0.001859 0.001859 16.001859 
1.936207 0.381354 0.610060 0.814579 1.063326 1.212043 1.499807 1.416982 
1.352217 2.699377 0.814851 1.085123 1.346619 1.633300 1.901389 2.181570 
0.210308 3.853107 0.618251 0.894467 1.123390 1.300569 1.541753 1.894806 
1.362412 0.536560 4.066670 1.061063 1.381887 1.592623 1.923894 2.218185 
0.272375 2.711972 4.059193 1.091832 1.348508 1.672859 1.845948 2.194498 
0.217788 0.439982 5.782755 0.861034 1.080912 1.264340 1.470414 1.763007 
1.380136 0.558579 0.838669 5.495096 1.363703 1.643974 1.870724 2.226136 
0.268121 2.688626 0.801987 5.400555 1.332534 1.641278 1.840487 2.131128 
0.272924 0.554648 4.061751 5.407747 1.355752 1.627829 1.888182 2.058729 
0.222496 0.443075 0.644478 7.739566 1.084747 1.267478 1.488244 1.761017 
1.351618 0.550620 0.810962 1.064117 6.729376 1.688527 1.910899 2.153815 
0.268248 2.714846 0.803800 1.058026 6.754453 1.604017 1.934765 2.153940 
0.281172 0.533078 4.152806 1.023509 6.889459 1.708609 1.895199 2.231512 
0.274854 0.547810 0.862286 5.436392 6.734703 1.600615 1.927227 2.137061 
0.219077 0.440984 0.644528 0.857030 9.621428 1.268491 1.483183 1.686894 
1.337735 0.539606 0.781039 1.044492 1.267711 8.114434 1.857394 2.096362 
0.268737 2.704199 0.814267 1.075557 1.292852 8.093992 1.907927 2.127422 
0.269163 0.535452 4.056878 1.036948 1.342459 8.025205 1.928960 2.154882 
0.263774 0.516125 0.793930 5.422969 1.356461 8.126907 1.845961 2.138202 
0.273037 0.557334 0.834944 1.067039 6.705248 8.055465 1.814839 2.266799 
0.208712 0.419465 0.611150 0.814784 1.131811 11.571166 1.504139 1.688824 
1.350785 0.544997 0.806577 1.085097 1.328845 1.560019 9.398793 2.194066 
0.274286 2.726625 0.801000 1.065962 1.309629 1.609642 9.568622 2.179498 
0.281657 0.560865 4.108236 1.082725 1.322267 1.648165 9.567429 2.163628 
0.276647 0.553462 0.809421 5.375979 1.375829 1.611437 9.448438 2.201023 
0.279895 0.553793 0.831415 1.072780 6.826625 1.635709 9.520765 2.150980 
0.271153 0.543926 0.817668 1.070359 1.333922 8.097744 9.386956 2.141114 
0.216982 0.436229 0.653582 0.852645 1.062018 1.250575 13.465985 1.706733 
1.343513 0.532383 0.777350 1.062631 1.343821 1.643512 1.891903 10.753683 
0.280171 2.743908 0.822561 1.099839 1.375858 1.629271 1.888751 10.953545 
0.267763 0.515817 4.157331 1.085915 1.382447 1.601552 1.919496 10.933444 
0.284244 0.547700 0.824992 5.436026 1.393944 1.653890 1.881935 10.908673 
0.281942 0.553115 0.815571 1.079027 6.799764 1.633729 1.864280 10.825633 
0.278508 0.545815 0.844064 1.092098 1.349486 8.130637 1.891855 10.821371 
0.268008 0.535752 0.807609 1.064090 1.341419 1.598303 9.458372 10.670504 
0.204093 0.436827 0.608064 0.903409 1.133441 1.297971 1.635369 15.432673 
