2.086236 0.099272 0.667022 0.162643 0.195307 0.183780 0.184646 0.939713 0.213975 0.335409 
1.998909 1.098020 0.219355 0.148364 0.584650 0.072982 0.106266 0.110444 0.074001 0.297857 
0.954948 3.731810 0.296168 0.177807 0.264780 0.151697 0.202841 0.456842 0.129288 0.659743 
1.650740 0.168084 3.979566 0.197003 0.176903 0.165792 0.325682 0.224446 0.166929 0.278596 
0.186900 1.541759 5.642375 0.159416 0.146821 0.097864 0.177038 0.277461 0.244680 0.837184 
1.161529 2.321228 0.457444 5.051325 0.096907 0.422337 0.232544 0.287629 0.186350 0.512939 
0.467626 3.505609 0.261467 3.862916 0.098294 0.146951 0.287788 0.625587 1.456826 0.522997 
1.248792 0.110191 4.094282 3.896783 0.147069 0.145270 0.195263 0.164186 0.172314 0.267339 
0.249941 2.821737 3.404229 3.821521 0.100696 0.087873 0.364973 0.394819 0.160106 0.303057 
0.383081 0.103904 5.315101 3.889402 0.150051 0.148180 0.298131 0.165467 0.549396 0.276244 
0.903603 0.194672 0.140477 7.386767 0.383469 0.124865 0.145299 0.314951 0.240918 0.292816 
0.236290 2.685165 0.509953 6.126119 0.130195 0.093407 0.127812 0.229017 0.262926 0.798456 
0.112319 0.109341 0.159914 8.098373 0.127850 0.566123 0.147533 0.322999 0.186208 0.653028 
1.953487 0.438292 0.337214 0.169163 3.436055 0.489817 0.396937 0.617057 0.236252 0.189509 
1.303210 2.250843 0.940125 0.140071 5.729419 0.200511 0.805036 0.160203 0.448299 0.309418 
0.353677 3.509109 0.172526 0.144260 5.116692 0.094258 0.215900 0.318590 0.155290 0.310070 
0.218750 2.475761 3.499655 0.151256 5.707525 0.256687 0.413552 0.131034 0.116792 0.512501 
0.925973 0.103045 0.339870 4.069063 7.644146 0.271422 0.305223 0.173795 0.164742 0.582011 
0.210480 0.234224 3.754141 4.399755 5.873923 0.144025 0.155467 0.201444 0.483122 0.241411 
0.709900 0.388746 0.274168 0.138016 9.609490 0.195270 0.172833 0.564311 0.206756 0.258554 
0.154491 1.136127 0.164743 0.128504 9.765776 0.155213 0.433812 0.249616 0.292965 0.532502 
0.147566 0.277875 3.163875 0.147397 8.692492 0.149975 0.160658 0.448031 0.118768 0.382825 
0.094668 0.116804 0.615485 4.119660 8.670575 0.130000 0.142057 0.514296 0.132438 0.636317 
0.086337 0.153681 0.092931 0.083242 10.077026 0.114018 0.127538 0.265742 0.258601 0.214323 
1.677843 0.111346 0.221608 0.145164 0.489995 7.366570 0.112347 0.993233 0.209371 0.330751 
1.314357 2.613105 0.506053 0.159196 0.118060 5.881617 0.190122 0.178751 0.447933 0.529228 
0.259966 3.850850 0.293786 0.379580 0.716853 4.083626 0.301556 0.142223 0.519802 0.273635 
1.101359 0.106931 3.203014 3.139882 0.141457 7.083826 0.307657 0.209042 0.197660 0.484481 
0.306340 0.113871 5.407820 0.106231 0.265263 5.470073 0.466521 0.864736 0.148534 1.655625 
0.222286 0.128376 2.648382 5.105509 0.519954 7.833010 0.369176 0.319099 0.197343 0.248615 
1.076377 0.110843 0.376957 0.140091 6.338422 7.371821 0.176067 0.968791 0.215584 0.330715 
0.224998 2.316118 0.339308 0.186863 4.336353 8.573790 0.398731 0.882669 0.134210 0.310844 
0.237465 0.187697 2.277884 0.148465 6.242930 8.532277 0.173613 0.195959 0.131709 0.294801 
0.180656 1.391275 0.246834 4.127253 4.484217 8.134208 0.412072 0.179840 0.218746 0.316369 
0.277154 2.326977 0.385394 0.145767 0.370353 9.917665 0.802511 0.547969 0.202092 0.158536 
0.129934 0.119197 0.471863 3.569503 0.176023 10.891216 0.518598 0.211846 0.300527 0.679389 
0.144519 0.109629 0.121776 0.108144 0.105363 12.073648 0.166321 0.543706 1.040767 0.822684 
1.740893 0.868862 0.562560 0.188057 0.683722 0.167948 7.592837 0.566530 0.205415 0.256657 
0.329276 3.399413 0.547848 0.160438 0.657549 0.141723 7.568129 0.412973 0.178819 0.210560 
1.172243 0.098595 3.441326 3.373165 0.135877 0.095671 6.777293 0.336006 0.188895 0.862135 
0.254949 2.562214 3.453404 0.261660 0.666468 0.211398 7.704668 0.399456 0.641126 0.350991 
0.296353 0.420715 5.181104 0.087975 0.101041 0.126781 6.855626 0.410698 0.210289 3.393035 
1.462952 0.725761 0.154879 3.681999 1.252730 0.140628 7.589014 0.409329 0.164676 0.307388 
0.264614 3.060220 0.155110 3.253094 0.098630 0.087226 7.511957 0.395140 0.160805 0.303378 
0.179182 0.089791 3.596875 5.327907 0.145061 0.081499 6.669248 0.316134 0.243658 0.840934 
0.129344 0.798628 0.177660 6.598451 0.157128 0.088850 7.704721 1.572858 0.161840 0.346596 
1.436834 0.139299 0.201610 0.914531 5.115254 0.113309 7.347035 0.884081 0.614937 0.771083 
0.299991 2.852261 0.153467 0.130604 4.844790 0.090243 7.555288 0.398162 0.151619 0.306399 
0.138670 0.358319 3.621409 2.584771 4.880029 0.529283 8.126951 0.418679 0.180739 0.257168 
0.117864 0.224804 0.130679 0.549806 9.733765 0.143890 3.809399 0.335113 0.209735 0.260996 
0.239734 2.539313 0.149659 3.232166 1.109119 5.015730 7.592169 0.402069 0.167735 0.310307 
0.291328 0.208444 3.590583 0.103779 0.109906 7.515839 7.280711 0.152216 0.196194 0.527096 
0.226598 0.174666 0.492085 4.795470 0.460605 7.553379 7.223060 0.166070 0.390759 0.326731 
0.142238 0.122418 0.959864 0.105369 5.799489 7.467426 7.433659 0.160749 0.385438 0.322031 
0.138572 0.108908 0.122711 0.108759 0.105170 10.336931 7.298269 1.161078 1.085938 0.822700 
0.183977 1.374582 0.311033 0.090927 0.176659 0.079806 13.291243 0.123681 0.142332 0.296872 
0.114869 0.338989 3.524092 0.124208 0.117488 0.203826 11.557352 0.475259 0.220004 0.291815 
0.105708 0.137859 0.150356 3.204889 0.185265 0.165317 12.998654 0.103847 0.655693 0.234578 
0.117454 0.234388 0.123931 0.147177 3.916840 0.107318 13.041799 0.310798 0.215304 0.181403 
0.112237 0.174603 0.112508 0.126570 2.239495 3.888367 13.002243 0.355699 1.450654 0.146604 
0.406671 3.581734 0.560444 0.142262 0.129532 0.138000 0.206333 7.286519 0.369589 0.415607 
1.013552 0.271636 3.619038 0.244357 0.131448 0.123991 0.234316 10.652416 0.513498 0.194137 
0.375537 2.536427 3.239276 0.154645 0.300455 2.191416 0.258079 8.855921 0.207819 0.623085 
0.391690 0.104399 5.180279 0.119040 0.143623 0.142015 0.367394 8.284451 0.549806 0.276654 
1.148644 0.172657 0.405518 5.049874 0.807235 0.165716 0.202349 9.298339 0.263979 0.311589 
0.267062 2.705810 0.395195 3.867120 0.691552 0.219013 0.228365 9.321065 0.507616 1.832373 
0.345216 0.105350 4.582992 3.357979 0.144989 0.143381 0.273724 8.285811 0.551167 0.278015 
0.087383 0.080057 0.113112 6.082111 0.122101 0.114040 0.221087 10.643069 0.504151 0.184790 
1.024558 0.209977 0.174981 0.124586 6.880024 0.115745 0.158623 9.088741 0.231308 0.574972 
0.526184 0.106051 3.446802 0.144688 5.764135 0.250924 0.278873 9.142953 0.177503 0.594386 
0.087059 0.093557 0.084144 5.070481 4.247325 0.157030 0.220676 10.643585 0.429677 0.184366 
0.261310 2.886807 0.197229 2.733744 0.468496 5.352736 0.603291 7.185544 0.101946 0.497854 
0.181269 0.102432 2.397987 0.178486 1.758207 5.487632 0.167717 12.694040 0.152972 0.961198 
0.125781 0.961178 0.118172 6.006230 1.158364 5.477114 0.609614 7.017434 0.487411 0.325051 
0.907518 0.107281 0.326059 0.131520 5.268361 6.126964 0.170690 9.077771 0.213868 0.329000 
0.161073 0.621433 0.773145 0.115319 0.142891 9.906770 0.257753 8.875523 0.218388 0.253174 
1.088840 1.628222 0.229697 0.682351 0.126816 4.035433 6.186581 9.108861 0.828824 0.602219 
0.208870 2.782145 0.198969 0.112297 0.143224 0.111950 5.196576 10.393603 0.240452 0.155049 
0.111263 0.153497 0.147201 4.923215 2.129432 0.144656 7.583597 9.000985 0.448395 0.809246 
0.119158 0.088867 1.126553 0.093817 6.832448 0.082171 6.105600 9.250280 0.236723 0.188475 
0.171339 0.561099 0.689545 0.132601 0.155945 8.422460 6.348775 8.895523 0.191851 0.273052 
0.092135 0.312648 3.446571 0.101319 0.094707 0.179657 0.089666 13.278501 0.197535 0.342707 
0.112218 0.242013 0.318715 2.736285 0.113077 0.095424 0.106636 15.164708 0.231993 0.234461 
0.092058 0.275718 0.104497 0.141030 5.918465 0.084382 0.084482 13.044227 0.187443 0.120365 
1.899454 0.128448 0.258404 0.132291 0.172460 0.350975 0.398593 0.194056 8.075984 0.532966 
0.254282 3.672402 0.270810 0.163787 0.121747 0.139379 0.389440 0.223932 8.021718 0.521503 
1.485534 0.118441 3.523268 0.126879 0.167053 0.349300 0.365848 0.189529 8.071755 0.417754 
0.246404 2.693391 3.776644 0.139858 0.225798 0.147328 0.392973 0.241078 8.171556 0.824402 
1.060494 0.099276 0.139037 5.714014 2.235938 0.132405 0.310083 0.472725 8.707381 0.659695 
0.224243 2.056233 0.189070 3.747279 0.094522 0.109907 0.101631 0.138386 13.341113 0.307140 
0.204161 0.113029 3.719163 5.411869 0.691584 0.126252 0.156441 0.503315 7.975858 0.544149 
1.130784 0.220023 0.157032 0.104427 3.969546 0.125039 0.122551 5.311852 12.387399 0.289037 
0.086073 0.321356 4.292434 0.084661 5.652534 0.224106 1.241551 0.207443 7.770900 0.886681 
0.118087 0.140261 0.531378 3.734476 7.799930 0.148954 0.159792 0.493256 8.107493 0.652523 
1.507907 0.101304 0.143368 0.131319 0.139158 6.764999 0.163558 0.844942 7.761161 0.322495 
0.239381 2.576257 0.489601 0.987702 0.124936 7.388314 0.342251 0.379060 8.761719 0.878142 
0.098614 0.083421 0.224193 0.086966 0.091804 11.067776 1.572012 0.486877 7.037756 0.253671 
1.340485 0.095556 0.145615 0.130700 0.282590 0.118731 8.742215 0.469712 8.703477 0.656100 
0.210573 3.113678 0.199404 0.150182 0.138609 1.769846 5.935131 0.290505 8.691639 0.143071 
0.152020 0.192332 2.976762 0.099513 0.372646 0.111638 10.575660 0.215402 8.169645 0.624244 
0.085059 0.179018 1.266294 6.159345 0.244540 0.198613 6.852018 0.146402 6.957253 0.902384 
0.134716 0.110873 0.629477 0.217985 6.664624 0.136221 5.695638 0.390223 11.520554 0.784919 
0.325930 2.891319 0.449762 0.240213 0.579568 0.139690 0.348629 7.306252 9.744205 0.427640 
0.262503 0.114950 4.556761 0.262367 0.614263 0.153266 0.375332 7.659725 8.480166 0.608338 
0.080437 0.132282 0.154169 5.129064 0.210078 0.173007 5.522438 8.826426 7.010152 0.885894 
0.158945 0.085844 0.101731 0.129975 4.596559 0.086180 0.086258 10.105546 11.499849 0.123202 
0.216629 0.112507 3.144297 0.212954 0.451659 6.659890 0.191350 7.655450 8.475385 0.969625 
0.165596 1.665696 0.496939 0.373805 2.804356 0.144840 0.187947 0.204664 15.835444 0.199814 
0.108847 0.109733 0.108963 0.358470 4.946762 0.125541 0.203237 0.219954 15.850635 0.236769 
0.087833 0.086440 0.091232 0.119716 0.086642 0.086716 6.077038 0.119343 16.256111 2.077080 
0.091535 0.088122 0.088030 0.219029 2.694512 0.095225 0.136054 8.314122 14.788820 0.213794 
0.098715 0.098975 0.099101 0.201955 2.099592 0.105619 0.867769 0.145379 17.704965 0.226058 
0.281578 3.515524 0.270553 0.147575 0.657092 2.390637 0.265243 0.218847 0.190107 9.489079 
1.241769 1.490739 3.606839 1.454153 0.132894 0.176515 0.267910 0.185349 0.487344 8.360073 
0.307056 3.133195 2.926858 0.091472 0.109348 0.170850 0.223847 0.138934 1.328350 8.585098 
0.337431 0.085570 5.388345 1.416919 0.128032 0.170421 0.262160 0.140423 0.490586 8.416286 
1.499793 0.265300 0.201868 3.154785 0.084570 0.124252 0.191884 0.514578 1.180581 11.655150 
0.255918 2.779298 2.592974 3.525267 0.108716 0.175655 0.228653 0.151089 1.333155 8.589903 
0.278572 0.085292 3.693096 2.706060 0.099304 0.115945 0.198009 0.127912 0.393703 14.516507 
0.108329 0.262399 0.324794 7.768449 0.963989 0.256967 0.345969 0.130175 0.124727 5.344248 
0.238472 2.678195 0.393524 0.094575 6.148896 0.190632 0.208191 0.308220 0.186253 9.202202 
0.134257 0.542754 4.071690 0.107043 5.791094 0.404820 2.606831 0.395065 0.270445 8.851873 
0.091652 0.105870 0.109502 5.309256 6.146973 0.239803 0.204700 0.145278 0.184015 9.199963 
0.237302 0.111992 0.152478 0.109182 8.872953 0.183176 0.241177 0.154719 0.142575 9.647700 
0.409011 2.881374 0.213875 0.162791 0.133120 6.817402 0.437716 0.236676 0.541426 8.743777 
0.195722 0.157736 1.648248 0.115122 0.253501 10.419191 0.768819 0.530006 0.283814 8.865242 
0.254630 0.180583 3.579903 0.654982 0.129854 0.161314 5.111262 0.421096 0.802336 14.652777 
0.106347 0.109050 0.100540 5.034847 4.483411 0.222707 6.646810 0.158538 0.159154 9.205740 
0.131502 1.005268 0.944447 0.320653 0.098013 0.116510 11.751077 0.140234 4.413193 8.465428 
0.330629 0.086317 0.926879 5.243527 0.128204 0.085328 0.219195 0.126603 11.119224 8.403759 
0.089168 0.090434 0.089323 0.450490 5.968547 0.187800 0.165762 0.130137 12.092990 9.198250 
0.132392 0.865667 1.045090 0.310119 0.104740 0.121022 10.851843 0.143727 7.570296 8.472672 
0.598419 0.293246 0.390028 1.857232 0.248513 0.141504 0.094532 7.145474 11.106449 11.189991 
0.117289 0.498472 0.771130 0.090496 1.512963 0.113171 0.117190 0.140692 15.666211 9.199294 
0.121334 0.100693 0.111458 4.259683 0.422946 3.835046 0.217115 0.363601 0.892702 15.960789 
0.172614 0.836768 0.175610 0.088845 0.205391 1.474917 8.166971 0.243270 0.896629 15.757880 
1.470195 2.951400 0.570914 0.180365 0.090521 0.430644 0.240850 0.295936 0.194656 0.519967 
1.616247 0.140286 3.922573 1.221671 0.168037 0.160738 0.318298 0.217748 2.206893 0.269777 
0.330021 0.236724 5.816550 1.005305 0.142510 0.648170 3.780029 0.263562 1.144062 0.873683 
0.272593 2.691343 0.399043 6.118894 0.142891 0.106516 0.140805 0.241669 0.511282 1.843782 
0.326127 0.164175 0.801436 7.961130 0.656239 0.193949 0.317914 0.324436 0.520674 0.254014 
0.399443 2.960280 0.188386 2.139365 5.584479 0.085368 1.981562 0.215879 0.130049 5.422298 
0.147778 1.088878 3.917600 0.133470 0.124778 8.757947 0.177004 0.290592 0.244672 0.613896 
0.166389 0.140299 1.192541 0.119955 7.267370 8.177741 0.305553 0.172296 0.396991 0.280078 
0.268477 0.363567 5.142706 0.889987 0.126471 0.764425 7.301218 1.163876 1.105008 0.782865 
0.091758 0.202573 2.239729 3.228657 0.121161 6.160922 5.585469 8.872216 0.402428 0.832999 
0.144376 0.493086 0.606432 2.658685 0.186904 0.987330 10.697737 8.873880 0.213716 0.628982 
0.153082 0.534959 0.095233 1.440480 0.593072 0.093424 2.790283 15.423913 0.231640 0.234108 
1.025053 0.113062 2.720366 2.835765 3.549131 0.137522 5.888595 0.333435 7.926876 0.871288 
0.265770 2.946287 0.248311 0.313110 0.564376 0.132756 0.245907 0.276051 12.640222 0.309389 
0.746952 0.174628 0.130463 3.287962 4.058374 0.115404 0.127546 5.316849 12.392400 0.293111 
0.143641 0.115783 0.721709 0.240931 7.773056 0.181320 0.260280 0.395116 11.531770 0.155409 
0.181158 0.165973 1.809359 0.110808 0.134820 0.779364 2.605144 0.113536 16.871522 2.078128 
0.151403 0.902220 0.149974 2.871481 0.368612 4.706995 0.256039 0.279107 5.574606 15.622027 
0.175616 0.901776 0.178894 0.084025 0.265973 1.602411 8.933259 0.253196 0.971209 14.734165 
0.749590 0.155963 0.479619 2.268657 3.039184 3.832877 0.214761 0.158781 0.889230 15.957316 
