2.058355 0.062856 0.083797 0.069620 0.095896 
2.017063 0.887753 0.074525 0.154812 0.128835 
1.841242 1.850624 0.064431 0.132278 0.073877 
1.472755 2.920882 0.081498 0.087806 0.142369 
0.938498 3.650879 0.062845 0.079793 0.116430 
0.473975 3.961661 0.086706 0.138029 0.225878 
0.078904 4.068941 0.112168 0.168412 0.120301 
2.044539 0.083751 1.249918 0.138018 0.111809 
1.960675 1.056670 1.451752 0.095354 0.094659 
1.657633 2.294289 1.644334 0.244325 0.114531 
1.123993 3.264800 1.640376 0.133888 0.068095 
0.516065 3.843125 1.397770 0.122041 0.198231 
0.206794 3.961911 1.204078 0.080605 0.162182 
1.837410 0.084270 2.673942 0.156853 0.043332 
1.663221 1.096737 3.353351 0.137907 0.109022 
1.215190 2.524813 3.470055 0.110686 0.170690 
0.610077 3.316282 3.226663 0.091797 0.147493 
0.197800 3.657321 2.617783 0.119530 0.153396 
1.494052 0.088138 4.333164 0.157200 0.088442 
1.146877 1.229414 4.747691 0.059850 0.061133 
0.626569 2.265840 4.858181 0.150787 0.106711 
0.158645 2.994780 4.066656 0.215820 0.048073 
0.940351 0.087529 5.476940 0.103306 0.120581 
0.566671 1.055553 5.785134 0.149949 0.145656 
0.131559 1.976955 5.309439 0.166611 0.180811 
0.458633 0.060806 5.918681 0.109082 0.084680 
0.100424 0.891045 5.938278 0.085847 0.107115 
0.074912 0.076848 6.072846 0.125893 0.104002 
2.016118 0.059358 0.062667 1.585726 0.112857 
1.956576 1.052609 0.098569 1.848255 0.087545 
1.654745 2.276452 0.077444 2.264691 0.198810 
1.084949 3.339384 0.144913 2.178902 0.083447 
0.558601 3.826891 0.095242 1.907662 0.077902 
0.098552 4.029000 0.223108 1.464588 0.146583 
1.953833 0.083280 1.443605 2.079101 0.076769 
1.783252 1.233265 1.776120 2.378249 0.132841 
1.331519 2.709876 1.977492 2.619256 0.170551 
0.648718 3.604611 1.683864 2.307362 0.106500 
0.193953 3.807656 1.501343 1.799519 0.105262 
1.695010 0.108423 3.231510 2.198585 0.129004 
1.317716 1.298025 3.856201 2.580719 0.220219 
0.701719 2.665136 3.778689 2.502623 0.107394 
0.177754 3.249558 3.238039 2.218794 0.073722 
1.109146 0.101766 4.891810 2.251282 0.087434 
0.678193 1.267347 5.256381 2.384569 0.115260 
0.136463 2.192620 4.829222 2.272472 0.059598 
0.534238 0.079386 5.715572 1.939991 0.121524 
0.090784 1.085310 5.649091 1.993123 0.129755 
0.096945 0.144907 5.948409 1.835114 0.338233 
1.847260 0.072074 0.064411 3.638680 0.199419 
1.659022 1.159988 0.054265 4.262216 0.158792 
1.194261 2.433142 0.068527 4.551364 0.049181 
0.586760 3.332583 0.120514 4.380054 0.246600 
0.089358 3.719779 0.192799 3.439933 0.212406 
1.715053 0.127047 1.633847 4.450553 0.226755 
1.339644 1.395087 1.921572 5.152487 0.147644 
0.705807 2.688203 1.876132 5.152259 0.146792 
0.170144 3.287943 1.646555 4.153731 0.209940 
1.207929 0.085753 3.467211 4.741476 0.178228 
0.699988 1.365784 3.909873 5.144070 0.157261 
0.156543 2.429376 3.515512 4.558072 0.064007 
0.607110 0.078891 4.802151 4.400185 0.111292 
0.097221 1.179144 4.808832 4.360548 0.103852 
0.088229 0.109506 5.433447 3.683715 0.313245 
1.476418 0.077047 0.064684 5.721973 0.116142 
1.130538 1.138913 0.107786 6.460207 0.075919 
0.596040 2.265763 0.094569 6.399776 0.082403 
0.160899 2.887245 0.119683 5.657244 0.063876 
1.123539 0.067235 1.628777 6.441243 0.126717 
0.640799 1.246376 1.723331 7.009437 0.075563 
0.138504 2.300342 1.605506 6.311905 0.051583 
0.611463 0.070524 3.238695 6.480909 0.064952 
0.105166 1.187671 3.254769 6.441967 0.083208 
0.134320 0.060767 4.311066 5.699602 0.070263 
0.947943 0.072175 0.088415 7.252019 0.068267 
0.521929 1.009545 0.096426 7.593331 0.101997 
0.129943 1.954531 0.073716 7.085746 0.073372 
0.540997 0.076224 1.478497 7.627519 0.076358 
0.102922 0.973151 1.480214 7.640629 0.197566 
0.104363 0.086756 2.706656 7.282666 0.163662 
0.484340 0.077872 0.083696 7.901924 0.081050 
0.102226 0.876031 0.080514 7.895712 0.095586 
0.085554 0.041883 1.232393 7.879150 0.064495 
0.113301 0.076861 0.077479 8.075090 0.081307 
2.031820 0.107013 0.130064 0.078842 2.079819 
1.949633 1.033745 0.133871 0.135214 2.415368 
1.687704 2.212130 0.143454 0.154305 2.722812 
1.124421 3.333901 0.110453 0.222524 2.660659 
0.542294 3.869899 0.145910 0.190847 2.476895 
0.192683 3.940926 0.107015 0.088168 2.046993 
1.935617 0.090781 1.539834 0.145204 2.462480 
1.785715 1.265280 1.827088 0.122254 2.949593 
1.329392 2.683690 1.837727 0.134851 3.067182 
0.672828 3.635285 1.752308 0.158071 2.905001 
0.199481 3.819126 1.463600 0.087947 2.276452 
1.683012 0.071568 3.215664 0.259435 2.553361 
1.339562 1.356163 3.837308 0.102219 3.266529 
0.694157 2.691117 3.917579 0.116039 3.272477 
0.110504 3.366385 3.124891 0.227433 2.515271 
1.136690 0.072245 4.841914 0.086878 2.732317 
0.665212 1.338918 5.167170 0.140381 3.078562 
0.133926 2.274085 4.750656 0.104292 2.725142 
0.549919 0.061726 5.686625 0.091180 2.466837 
0.099003 1.013534 5.719109 0.069814 2.377354 
0.051841 0.125643 5.942187 0.096559 1.913074 
1.970855 0.089714 0.090666 2.065184 2.419749 
1.791195 1.306997 0.112128 2.342101 2.924771 
1.304147 2.627113 0.070677 2.497388 3.243677 
0.643637 3.669216 0.135449 2.314293 2.839355 
0.192831 3.795319 0.071361 1.970075 2.418405 
1.797149 0.069598 1.658995 2.410411 2.944919 
1.481671 1.498561 2.169022 2.910071 3.558124 
0.759404 3.019932 2.154211 2.874506 3.537118 
0.133221 3.537831 1.627849 2.384782 3.048334 
1.328429 0.073986 3.808949 2.663195 3.246675 
0.780943 1.564556 4.231743 2.837930 3.642995 
0.145836 2.619860 3.775640 2.515361 3.219049 
0.645765 0.064064 5.260600 2.342108 2.901380 
0.106735 1.233491 5.238584 2.320832 2.990799 
0.185037 0.091571 5.679093 1.927193 2.379379 
1.669795 0.085490 0.092380 4.385952 2.863981 
1.325385 1.368596 0.131567 5.157550 3.243189 
0.716157 2.670123 0.085552 5.046314 2.986061 
0.177081 3.313572 0.072584 4.044082 2.815999 
1.351077 0.075009 1.871726 5.097129 3.165167 
0.804823 1.530828 2.070554 5.774103 3.511283 
0.153440 2.640929 1.873034 5.059455 3.097373 
0.706110 0.106633 3.868302 5.199664 3.173152 
0.120015 1.369508 3.831462 5.113248 3.264528 
0.164430 0.184426 4.816783 4.372974 2.759001 
1.148087 0.066338 0.165310 6.376086 2.852038 
0.664311 1.255927 0.090426 6.924667 2.948418 
0.121804 2.191747 0.064973 6.373859 2.862150 
0.649924 0.063366 1.776852 6.975209 2.986796 
0.118780 1.257518 1.765187 7.012478 2.878752 
0.128459 0.049684 3.220341 6.480867 2.709447 
0.543061 0.091048 0.121103 7.663937 2.307664 
0.110538 0.992986 0.078283 7.621142 2.427425 
0.097724 0.063615 1.439632 7.614429 2.406720 
0.105570 0.084373 0.085774 7.882203 2.313614 
1.857620 0.075834 0.098189 0.123396 4.603047 
1.630735 1.245978 0.067522 0.060083 5.407884 
1.203412 2.390034 0.067470 0.106800 5.773159 
0.588781 3.332302 0.108361 0.096981 5.365922 
0.176422 3.651267 0.095095 0.077074 4.218049 
1.663758 0.084425 1.719909 0.100924 5.498881 
1.324987 1.313151 2.010256 0.132171 6.377183 
0.709766 2.637412 1.934098 0.204263 6.362779 
0.173286 3.276019 1.596823 0.180689 5.287233 
1.227165 0.091884 3.523065 0.084359 5.861425 
0.671857 1.297997 3.852528 0.190279 6.429938 
0.143452 2.382872 3.504351 0.162444 5.757829 
0.652380 0.089304 4.812855 0.099649 5.500215 
0.108485 1.216445 4.823042 0.073159 5.374200 
0.186451 0.063291 5.387336 0.075756 4.521138 
1.685073 0.105678 0.077144 2.174074 5.407610 
1.317652 1.374334 0.121948 2.634703 6.376424 
0.694844 2.630569 0.071482 2.634144 6.298102 
0.168238 3.302016 0.056594 2.041996 5.216164 
1.331018 0.067451 1.922106 2.616327 6.294220 
0.767361 1.539701 2.170132 2.959123 7.124224 
0.134778 2.602760 1.876469 2.523857 6.287027 
0.693254 0.098454 3.832221 2.756151 6.468191 
0.113245 1.354568 3.819704 2.561265 6.423228 
0.163141 0.105173 4.870459 2.104299 5.328007 
1.217638 0.068391 0.094257 4.732916 5.795286 
0.719835 1.324779 0.089322 5.166002 6.356992 
0.136262 2.376200 0.139749 4.582859 5.841169 
0.695510 0.078235 1.984424 5.095332 6.411409 
0.113596 1.293996 1.939235 5.092578 6.485264 
0.131970 0.055728 3.501128 4.696814 5.739102 
0.600353 0.057141 0.068996 6.433059 5.356325 
0.102275 1.119626 0.091459 6.511120 5.322639 
0.112822 0.084749 1.689725 6.447573 5.519451 
0.126524 0.067260 0.072186 7.231969 4.504560 
1.474215 0.071848 0.070754 0.094819 7.141093 
1.141391 1.136570 0.093858 0.093253 8.026758 
0.614704 2.222145 0.100567 0.231944 8.015025 
0.163300 2.861681 0.137231 0.104177 7.076498 
1.113775 0.072983 1.635631 0.109047 8.112692 
0.655013 1.275025 1.865272 0.125134 8.742823 
0.084814 2.243977 1.619244 0.172584 8.047514 
0.604660 0.107734 3.303991 0.074595 8.064484 
0.103313 1.154104 3.243755 0.085230 8.060112 
0.153751 0.067451 4.265884 0.070094 7.124082 
1.152981 0.055937 0.116169 2.140743 7.997426 
0.660053 1.268980 0.209611 2.430323 8.754713 
0.137979 2.256021 0.211941 2.199739 7.931381 
0.654283 0.061135 1.762327 2.297529 8.731784 
0.106635 1.261926 1.759520 2.326357 8.707648 
0.130855 0.050479 3.216133 2.271093 8.046509 
0.639208 0.072123 0.101621 4.252777 8.080244 
0.094879 1.128431 0.069338 4.328408 8.046483 
0.089015 0.049016 1.640952 4.310298 8.070662 
0.109872 0.055724 0.058435 5.634461 7.217809 
0.964009 0.056876 0.096849 0.058669 8.952839 
0.555713 1.049059 0.104337 0.078154 9.465107 
0.107894 1.914354 0.054281 0.096420 8.847505 
0.558792 0.092789 1.449107 0.084600 9.501609 
0.090112 1.021061 1.439950 0.072830 9.454713 
0.108947 0.045814 2.712676 0.072118 8.979653 
0.536816 0.062227 0.067307 1.878664 9.489817 
0.087427 1.008665 0.094146 1.917827 9.465476 
0.089796 0.052431 1.461600 1.940916 9.465049 
0.104530 0.064212 0.081495 3.653775 8.978467 
0.472234 0.066184 0.063620 0.104864 9.828679 
0.091828 0.869846 0.054874 0.064548 9.837940 
0.096443 0.048187 1.211279 0.058595 9.851527 
0.087154 0.049987 0.051367 1.624958 9.846941 
0.088737 0.088560 0.056888 0.056573 10.054086 
