1.180382 4.626653 1.001779 1.003066 1.002758 1.003500 1.004322 1.004811 1.005725 0.999314 
1.167263 4.382122 1.017370 1.025712 1.358742 1.045392 1.054913 1.064184 1.073802 0.990811 
2.238932 1.000237 3.269108 1.001743 1.002212 1.002839 1.003441 1.003869 1.006184 0.999514 
2.202957 1.000231 3.203479 1.001930 1.002441 1.346796 1.003921 1.004429 1.006822 0.999434 
1.291698 2.529889 3.816643 1.002595 1.002148 1.002725 1.003376 1.003744 1.004463 0.999493 
1.115198 0.999501 6.640831 1.001847 1.002318 1.002959 1.003587 1.004038 1.006380 0.999438 
0.996329 1.006997 6.861953 1.017394 1.024777 1.029095 1.035188 1.041476 1.047017 0.994204 
2.167363 1.000207 1.000758 4.304642 1.004433 1.004156 1.004941 1.006201 1.006695 0.999193 
1.252535 2.487837 1.000401 4.994713 1.002567 1.003405 1.004102 1.004488 1.006235 0.999405 
1.223311 2.363528 1.001261 5.139952 1.014067 1.020324 1.272060 1.021976 1.025244 0.997019 
1.200289 0.999291 3.584729 4.727929 1.003787 1.004598 1.005592 1.006352 1.007364 0.999159 
1.095005 0.999504 0.999535 8.605272 1.002259 1.002865 1.003477 1.004469 1.004661 0.999455 
1.245727 2.453735 1.000503 1.000740 6.112486 1.003593 1.004458 1.005483 1.005739 0.999366 
1.188413 0.999121 3.504280 1.001503 5.849831 1.005509 1.006634 1.007766 1.008799 0.998925 
1.157317 0.999468 0.999517 4.558293 5.746407 1.003418 1.004082 1.004789 1.005396 0.999395 
1.071134 0.999146 0.999188 0.999209 10.619562 1.004650 1.005598 1.006576 1.007494 0.999100 
2.112506 1.000085 1.001084 1.000645 1.001535 6.303496 1.003630 1.003314 1.003921 0.999535 
2.111783 1.000100 1.001178 1.000804 1.001786 6.302238 1.004611 1.004301 1.005050 0.999547 
1.237614 2.435524 1.000373 1.000566 1.000802 7.246522 1.003687 1.003995 1.004546 0.999448 
1.170966 0.999595 3.495211 1.000574 1.000788 6.965302 1.003092 1.003554 1.005824 0.999647 
1.153952 0.999171 0.999264 4.530796 1.001656 6.748856 1.006582 1.007388 1.008005 0.999022 
1.110804 0.987027 0.988021 0.988964 5.485358 6.548036 1.087687 1.103163 1.118980 0.985165 
0.940406 0.934313 1.306509 0.951540 4.970285 6.108127 1.369660 1.449159 1.533735 0.933298 
0.993913 0.955676 0.956693 0.957765 0.958869 11.876153 1.262613 1.315151 1.369821 0.953811 
0.972855 0.970488 1.004803 0.974553 1.058240 12.248005 1.171646 1.203849 1.238710 0.970529 
2.091825 1.000098 1.000643 1.001134 1.001613 1.002097 7.319204 1.006825 1.007241 0.999263 
2.083635 1.000240 1.001698 1.003105 1.004505 1.005871 7.308261 1.018037 1.020644 0.997588 
1.233048 2.415149 1.000468 1.000791 1.002083 1.001621 8.380638 1.006014 1.006931 0.999303 
1.167684 0.998944 3.455323 1.001402 1.001904 1.002586 8.050470 1.009088 1.011299 0.998863 
1.140095 0.999519 0.999563 4.506279 1.000904 1.001265 7.864934 1.003993 1.004746 0.999446 
1.140719 0.999381 0.999437 4.498072 1.001150 1.001593 7.857793 1.005113 1.006027 1.016467 
1.037508 0.949467 0.952412 0.955455 5.197863 1.108515 7.312343 1.379028 1.447482 0.944068 
0.962881 0.903903 0.908098 0.912727 0.917900 5.972246 6.992906 1.680541 1.826631 0.896697 
0.950627 0.892169 0.897057 0.902470 0.908600 5.779040 6.806714 1.981457 1.928543 0.884364 
0.985854 0.933647 0.936000 0.938846 0.941048 0.945081 13.485411 1.473759 1.563835 0.929811 
0.987814 0.937858 0.939925 0.942442 0.944340 0.947937 13.581348 1.443642 1.526506 0.934482 
2.088388 1.000137 1.000530 1.000788 1.001088 1.001412 1.002246 8.264726 1.005056 0.999430 
1.223532 2.417175 1.000530 1.000830 1.001213 1.001654 1.002461 9.506077 1.007520 0.999169 
1.159175 0.999597 3.453172 1.000554 1.000726 1.000988 1.001641 9.166123 1.004128 0.999674 
0.999354 0.992682 3.798324 1.006650 1.021884 1.115220 1.018239 9.129983 1.059171 0.992793 
1.069176 0.964688 0.967075 4.281342 1.055915 1.077353 1.099728 8.624784 1.317817 0.960284 
0.957187 0.898416 0.902925 0.907938 4.939208 1.198777 1.270913 8.064550 1.874138 0.890775 
0.834145 0.790188 0.809247 0.815322 4.340954 1.389747 1.585245 6.774580 2.810612 0.777492 
0.896520 0.851449 0.857342 0.864120 0.871967 5.757387 1.378972 7.806983 2.263057 0.842159 
0.933709 0.933888 0.941487 0.993500 1.130848 6.975238 1.189096 7.444225 1.524403 1.134477 
0.866067 0.819521 0.827885 0.837882 0.849785 0.863874 6.734745 7.699832 2.545173 0.806918 
0.953671 0.884853 0.891272 0.898495 0.906615 0.918146 0.938909 14.909847 2.006798 0.874315 
0.963245 0.904040 0.907450 0.920909 0.928487 0.927025 0.942793 15.253049 1.835757 0.895690 
2.207303 1.000432 1.000856 1.001506 1.001777 1.002406 1.002839 1.003392 8.089968 0.999220 
2.110571 1.002554 1.039519 1.022789 1.032881 1.057685 1.054065 1.064918 8.104583 0.983172 
1.282162 2.541125 1.000386 1.000731 1.000886 1.001183 1.001560 1.002005 9.501282 0.999472 
0.898226 2.238923 1.052701 1.136365 1.325681 1.385809 1.640055 1.715118 6.809117 0.920665 
1.235881 0.999265 3.637434 1.001351 1.002025 1.002332 1.002943 1.003731 8.924914 0.999030 
1.219273 0.994786 3.521455 1.129038 1.012216 1.015797 1.019703 1.023810 8.925348 0.993250 
0.986097 0.886230 0.895963 4.073237 1.194358 1.286401 1.390178 1.504809 7.877680 0.870164 
0.824154 0.770829 0.786143 0.805395 4.505379 1.491068 1.738703 2.041905 7.144756 0.749409 
0.792620 0.737751 0.759136 0.786950 0.822734 5.353049 1.815673 2.188430 7.255491 0.709493 
0.771559 0.713505 0.742215 0.780821 0.831777 0.898627 6.450111 2.300881 7.368483 0.677181 
0.943374 0.929632 0.930246 0.930898 0.934758 1.067024 6.498180 1.824641 10.229199 1.108827 
0.740859 0.682355 0.724351 0.779915 0.858069 0.964519 1.106622 7.749041 7.310579 0.633128 
0.412368 0.416973 0.442228 0.552132 0.966900 0.816000 4.246175 5.485152 5.711593 0.412752 
0.470555 0.469171 0.529206 0.784626 0.665712 0.821958 4.410461 5.943027 5.257352 0.565033 
0.786497 0.709901 0.754411 0.815360 0.902387 1.007065 1.151433 1.340299 14.185188 0.655193 
0.069211 0.079428 0.119798 0.192163 0.370198 0.760306 1.598966 4.280401 8.986214 0.190236 
2.572829 1.000590 1.001392 1.002436 1.002622 1.003318 1.004186 1.004752 1.005461 5.203394 
1.490011 3.008330 1.001098 1.002016 1.003235 1.003017 1.003857 1.004272 1.005652 5.996057 
1.432629 0.999626 4.273708 1.001951 1.001992 1.003605 1.003751 1.003679 1.005543 5.711772 
0.980696 0.902291 4.220848 1.193022 1.259419 1.357455 1.468026 1.586254 1.718736 3.969261 
0.980162 2.269439 3.457260 1.060016 1.084152 1.109243 1.134584 1.161218 1.187931 4.687850 
1.394071 0.999440 0.999679 5.556856 1.003059 1.003506 1.004264 1.005048 1.005863 5.611893 
0.927097 1.907130 0.984124 3.916413 1.242872 1.333194 1.431623 1.538481 1.655599 3.991079 
0.931758 0.977041 2.903992 3.878324 1.185471 1.250092 1.314024 1.382338 1.457729 4.008723 
1.385011 0.999493 0.999701 0.999940 6.800414 1.003114 1.003797 1.004375 1.005154 5.506380 
0.970842 2.172250 1.015386 1.023374 4.896191 1.217131 1.276192 1.332659 1.410322 4.134735 
1.375083 0.999690 0.999882 0.999887 0.999968 8.054782 1.002532 1.002934 1.003430 5.466470 
0.921914 1.909739 0.984488 1.021248 1.062214 5.681596 1.458267 1.575297 1.703893 4.021068 
0.956271 0.991067 2.966994 1.018323 1.035594 6.012033 1.202731 1.244337 1.287770 4.247685 
1.277699 0.970239 0.978039 0.986255 0.994719 1.003621 8.974382 1.229235 1.270416 5.204232 
0.918075 1.895513 0.982999 1.022316 1.073996 1.114218 6.745928 1.604541 1.740442 3.944078 
0.920032 1.906501 0.983919 1.024167 1.064738 1.111838 6.752979 1.591188 1.723022 3.980034 
1.126442 0.903264 0.926052 0.952016 0.981384 1.014556 1.051902 9.636904 1.833290 4.866028 
0.914008 1.894950 0.987414 1.025873 1.073223 1.125606 1.183787 7.701627 1.775192 4.054686 
0.870461 0.745885 0.816384 0.911959 1.040289 1.210736 1.435290 1.728656 8.330283 4.296345 
1.164238 0.894245 0.951190 1.047308 1.166232 1.360888 1.496106 1.713020 6.971963 3.831225 
0.870050 1.859157 0.990238 1.070698 1.166018 1.277038 1.407356 1.559064 6.905020 3.885574 
0.901604 1.978826 1.106003 1.066630 1.138512 1.220670 1.311838 1.415017 7.150714 4.001775 
0.878390 0.959890 2.892420 1.065972 1.129755 1.201754 1.279852 1.368088 7.142414 4.018165 
0.817508 0.828265 0.819646 0.819925 0.820917 1.253781 6.457996 1.532718 7.358190 3.777869 
0.177999 0.188477 0.231283 0.362745 0.470845 0.770017 1.361945 4.823210 6.477656 3.245984 
0.150610 0.160956 0.202581 0.326038 0.442119 0.769057 1.418638 2.689725 9.090833 2.767326 
1.728090 0.999816 1.000159 1.000366 1.000599 1.000842 1.001146 1.001364 1.002268 13.689478 
0.913006 2.173751 1.017079 1.081818 1.156921 1.239093 1.331613 1.438681 1.553941 9.465089 
0.909868 0.974763 3.313435 1.073869 1.126537 1.185443 1.247872 1.318198 1.390537 9.588738 
0.922501 0.927140 1.035809 4.440610 1.108163 1.154171 1.214683 1.257395 1.314637 9.694368 
0.803024 0.803103 0.804249 0.819414 0.937682 0.982746 1.086925 8.270908 1.821268 9.316757 
0.823638 0.823889 0.825196 0.848534 1.043659 0.853499 1.079045 8.463151 1.735381 9.337359 
0.105777 0.112938 0.138133 0.215765 0.314821 0.567100 1.089415 2.153629 6.383121 7.413239 
0.195633 0.204983 0.235047 0.346538 0.414267 0.640369 1.072773 1.882427 6.905922 7.503303 
0.022201 0.022203 0.022209 0.022223 0.022262 0.022341 0.022521 0.022946 0.023813 20.018536 
2.684463 1.001072 1.003082 1.003342 1.057299 1.276784 1.478488 1.774997 1.685098 1.101838 
1.530440 3.008406 1.007651 1.012052 1.288244 1.622339 1.739833 1.776245 1.627553 1.092967 
1.404618 0.967416 4.171857 1.140265 1.200972 1.381167 1.512533 1.729030 1.565032 1.039236 
0.878472 1.762075 2.676683 1.232549 1.419077 1.609194 1.742192 1.962474 2.215172 2.006099 
1.374376 0.962573 0.980171 5.461145 1.221666 1.294061 1.546337 1.789595 1.556032 0.997838 
0.912413 1.863901 0.980453 4.005781 1.302597 1.418795 1.548410 1.691101 1.849619 2.738959 
0.851878 0.938532 2.633677 3.643628 1.400963 1.566205 1.756776 1.970004 2.214275 0.889777 
1.361995 0.959047 0.978153 0.998638 6.765671 1.313075 1.515147 1.777070 1.596996 1.038770 
0.848901 0.938908 2.666314 1.066354 4.516729 1.575472 1.768921 1.989723 2.241171 0.844861 
0.832673 0.841297 0.994175 3.405973 4.364306 1.606136 1.817966 2.061741 2.342032 0.832253 
1.346223 0.952394 0.975041 0.999267 1.061618 8.046527 1.515136 1.737045 1.692586 1.016262 
0.879581 1.734048 0.966719 1.023058 1.089615 5.871499 1.724009 1.937326 2.180999 2.114014 
0.836938 0.929913 2.575195 1.064373 1.148967 5.530013 1.817332 2.060376 2.340217 0.832820 
0.806017 0.816941 0.983428 3.243973 1.169451 5.142733 1.915617 2.210845 2.556916 0.805397 
0.788652 0.800936 0.972624 3.109550 1.173107 5.001744 1.974736 2.304970 2.697062 0.787878 
0.781202 0.782770 0.804361 1.061955 3.992358 4.928680 1.996504 2.340774 2.751412 0.781232 
1.352885 0.953705 0.975974 1.000048 1.026102 1.248037 9.467381 1.764271 1.680724 1.005416 
0.849026 1.718708 0.972436 1.055668 1.156610 1.277378 5.859773 2.165226 2.509375 2.066608 
0.807230 0.909330 2.431711 1.067904 1.170974 1.293864 6.373694 2.233242 2.589960 0.801265 
0.830745 0.938768 2.772515 1.097944 1.198287 1.315714 5.936228 2.100834 2.397590 0.825312 
0.771993 0.786079 0.968484 3.070567 1.190807 1.339837 5.952534 2.393234 2.832004 0.771065 
0.747137 0.749414 0.776653 1.059259 3.832323 1.361020 5.765730 2.515221 3.024406 0.747927 
0.694814 0.698387 0.732386 1.026865 3.414333 1.389235 5.437301 2.765442 3.444472 0.695416 
0.717802 0.719188 0.732736 0.860527 1.049484 4.659069 5.689952 2.657490 3.258592 0.717691 
0.717949 0.742468 0.770028 0.746445 1.045429 4.602738 5.730037 2.666393 3.273792 0.719852 
1.348029 0.952509 0.975034 0.999712 1.085274 1.253122 1.483248 10.765085 1.696143 1.016052 
0.768970 0.880986 2.268085 1.070940 1.201213 1.360984 1.556271 7.247495 2.913576 0.760860 
0.830517 0.926425 2.559226 1.067474 1.159555 1.261207 1.729199 7.305152 2.879476 0.825763 
0.732247 0.750622 0.949505 2.901657 1.218820 1.407534 1.643336 6.831653 3.154600 0.730717 
0.702075 0.705664 0.740857 1.051834 3.636184 1.427138 1.696457 6.690680 3.385752 0.705515 
0.666729 0.668631 0.685900 0.821332 1.072950 4.494871 1.739293 6.599027 3.657503 0.736733 
0.630952 0.631828 0.638565 0.686712 0.917708 1.152450 5.623458 6.610453 3.935715 0.737321 
0.653135 0.654004 0.661583 0.718814 0.998531 1.176281 1.424603 11.569280 3.772057 0.677756 
0.748747 0.750946 0.777370 0.756026 1.035260 1.160038 1.314129 12.962989 3.008894 0.773288 
1.379751 0.944446 0.981634 1.023002 1.142250 1.370407 1.507402 1.925676 10.163535 1.062297 
0.765939 1.507704 0.955559 1.107780 1.306731 1.564433 1.896064 2.318801 6.760119 0.761787 
0.764294 1.515561 0.984065 1.162386 1.343776 1.637113 1.980983 2.439673 5.960241 0.812218 
0.684954 0.817666 2.010883 1.092726 1.302504 1.578496 1.938836 2.406811 6.759509 0.738695 
0.599232 0.630341 0.858549 2.330434 1.286608 1.635663 2.117849 2.777823 6.363068 0.719395 
0.657138 0.685651 0.931103 2.789402 1.330131 1.634934 2.038498 2.567305 6.106627 0.779298 
0.552656 0.564614 0.644416 0.952997 2.981734 1.641241 2.192036 2.969904 6.299028 0.705033 
0.497243 0.504079 0.547128 0.767963 0.978152 3.831702 2.251101 3.178762 6.333759 0.710762 
0.395683 0.406133 0.459745 0.663558 0.865093 0.902710 4.879866 3.607713 6.179510 0.733352 
0.281779 0.295861 0.357536 0.575256 0.610266 0.902862 1.421761 6.652419 6.652774 0.698831 
0.300935 0.314580 0.374388 0.582153 0.670472 0.909323 1.397090 2.238217 11.705048 0.723007 
1.590010 0.970177 1.030206 1.097920 1.326499 1.396379 1.875923 2.026681 1.736819 6.452110 
0.917688 2.501917 1.066579 1.160684 1.269050 1.392745 1.534484 1.694018 1.875132 5.541687 
0.831626 0.970004 3.310505 1.173872 1.303090 1.454022 1.630975 1.832983 2.068337 5.068301 
0.797770 0.814097 1.052179 4.147646 1.324096 1.501121 1.712907 1.960699 2.254234 4.860458 
0.766124 0.769937 0.810680 1.152289 5.050453 1.538221 1.786550 2.087490 2.449410 4.789833 
0.767651 0.770873 0.812806 1.152979 5.071059 1.536748 1.783196 2.080988 2.439659 4.791380 
0.712304 0.714171 0.731205 0.888702 1.179533 5.885862 1.897904 2.295185 2.792402 4.653354 
0.950376 0.952249 1.048509 0.953799 4.348578 5.961720 1.226487 1.273984 1.323761 4.242163 
0.657008 0.657875 0.664063 0.711923 1.038224 1.227082 7.012582 2.472429 3.122371 4.688418 
0.578535 0.579645 0.588438 0.642011 0.864075 1.024895 1.358265 8.459764 3.580800 4.757883 
0.314578 0.326099 0.377176 0.568298 0.748984 0.900032 1.362410 2.146491 8.467803 4.597925 
0.448165 0.459362 0.521962 0.796276 1.039319 1.113209 1.394950 1.947308 2.784829 11.077237 
