2.002428 0.005798 0.002632 0.003617 0.003643 0.003025 0.002661 0.003198 
1.797097 1.796884 0.009245 0.010163 0.009875 0.009210 0.008981 0.008684 
0.899640 3.578503 0.004216 0.004602 0.004581 0.003559 0.003223 0.003684 
0.003629 4.003221 0.003486 0.005049 0.003660 0.003528 0.007472 0.003874 
1.791214 0.003721 2.690397 0.004804 0.004539 0.003119 0.007521 0.003906 
1.169747 2.326031 3.498966 0.019221 0.019828 0.021545 0.023086 0.024581 
0.005104 3.577051 2.696686 0.013039 0.004275 0.003818 0.007141 0.006943 
0.896302 0.004310 5.370755 0.003892 0.003924 0.003357 0.003020 0.004315 
0.004645 1.796011 5.369236 0.008824 0.004922 0.008810 0.004805 0.031408 
0.003337 0.003301 6.003299 0.004745 0.003874 0.003384 0.003920 0.008069 
1.794098 0.004654 0.004327 3.573844 0.012128 0.008847 0.005154 0.005638 
1.168865 2.327055 0.016495 4.639389 0.016434 0.017061 0.017763 0.016947 
0.006173 3.583316 0.005714 3.576289 0.005133 0.004817 0.005281 0.008373 
1.164366 0.019927 3.505802 4.649111 0.026462 0.027186 0.023563 0.020353 
0.005313 2.300940 3.479679 4.636224 0.007460 0.004991 0.010404 0.007656 
0.005205 0.004737 5.375965 3.569967 0.004749 0.012228 0.008725 0.012060 
0.900936 0.006849 0.005003 7.156713 0.007335 0.004797 0.005659 0.008711 
0.005225 1.796467 0.005249 7.158086 0.006512 0.005221 0.009115 0.009682 
0.005708 0.006253 2.687429 7.162003 0.008272 0.005746 0.006054 0.007693 
0.003221 0.002811 0.002834 8.002808 0.003564 0.003106 0.006636 0.004462 
1.794852 0.005122 0.005254 0.005650 4.462087 0.004838 0.005075 0.007861 
1.160475 2.320979 0.007026 0.007793 5.774614 0.009371 0.011402 0.009122 
0.003893 3.582777 0.004742 0.005870 4.469119 0.004541 0.007933 0.008343 
1.159746 0.005159 3.472798 0.012159 5.771176 0.007387 0.016417 0.006796 
0.007786 2.314639 3.492646 0.012622 5.746134 0.006683 0.006932 0.017932 
0.008410 0.008360 5.380636 0.008860 4.461400 0.010790 0.009912 0.009035 
1.164847 0.012005 0.010914 4.643517 5.770959 0.011021 0.015104 0.012396 
0.005698 2.315013 0.004926 4.639396 5.754741 0.007524 0.008393 0.008736 
0.004915 0.004605 3.470786 4.627392 5.769634 0.014907 0.016028 0.005436 
0.003044 0.002704 0.002702 7.158841 4.473027 0.003229 0.004543 0.003457 
0.901889 0.005222 0.005172 0.006137 8.943530 0.009619 0.005367 0.008345 
0.003845 1.794311 0.004084 0.004370 8.945637 0.006070 0.007622 0.012621 
0.004801 0.005573 2.689115 0.007120 8.946087 0.005822 0.005226 0.005747 
0.002806 0.002509 0.002510 3.583680 8.944614 0.002916 0.002832 0.006616 
0.002937 0.002473 0.002467 0.002505 10.002465 0.003117 0.003337 0.006642 
1.793006 0.003985 0.003933 0.007975 0.005123 5.363009 0.005575 0.004303 
1.165259 2.317405 0.009290 0.009689 0.010066 6.932673 0.010697 0.013427 
0.004298 3.581882 0.002836 0.003111 0.006917 5.360047 0.010278 0.005354 
1.159676 0.003678 3.467949 0.004285 0.003472 6.920293 0.011760 0.006282 
0.012277 2.323808 3.471468 0.015815 0.009740 6.925078 0.010865 0.013057 
0.005876 0.005154 5.377930 0.006281 0.005565 5.346782 0.009226 0.006135 
1.160454 0.006410 0.006441 4.634853 0.014715 6.923460 0.006593 0.009432 
0.003609 2.312847 0.003987 4.611998 0.004270 6.945834 0.003505 0.014839 
0.006885 0.006432 3.474103 4.629539 0.007587 6.921019 0.010652 0.007322 
0.004949 0.006800 0.004017 7.163185 0.006069 5.359298 0.004922 0.004584 
1.159187 0.003178 0.003560 0.005937 5.786424 6.911393 0.007927 0.006217 
0.003854 2.318559 0.003779 0.005687 5.764619 6.930196 0.004892 0.015561 
0.005640 0.004442 3.478511 0.009508 5.769120 6.923212 0.011568 0.015496 
0.003267 0.003112 0.003109 4.619642 5.795120 6.912442 0.006963 0.005503 
0.004779 0.007026 0.004312 0.004273 8.948980 5.368771 0.011978 0.006505 
0.899669 0.003380 0.003376 0.003809 0.003806 10.730513 0.012227 0.004160 
0.004469 1.804233 0.004521 0.004945 0.004436 10.720442 0.006273 0.004838 
0.006070 0.005715 2.696503 0.005976 0.005991 10.731319 0.009470 0.007075 
0.005030 0.004559 0.004563 3.584277 0.006687 10.736176 0.005708 0.007160 
0.005603 0.007325 0.005351 0.005351 4.494240 10.728396 0.008174 0.007722 
0.002246 0.002310 0.002244 0.002245 0.002244 12.002244 0.003789 0.004679 
1.792751 0.004530 0.003805 0.004423 0.003553 0.004299 6.256303 0.006595 
1.158817 2.314621 0.003060 0.003545 0.011104 0.004137 8.060358 0.004390 
0.003177 3.581115 0.002992 0.006987 0.002962 0.003060 6.257734 0.006336 
1.161251 0.004759 3.469314 0.008283 0.009719 0.005020 8.068474 0.005238 
0.007228 2.321303 3.490471 0.007630 0.008070 0.007242 8.026619 0.009681 
0.004050 0.004017 5.373318 0.005258 0.006595 0.004098 6.252215 0.006240 
1.159941 0.005347 0.003682 4.622377 0.003208 0.006968 8.067818 0.016210 
0.006031 2.318063 0.006221 4.621192 0.006008 0.006246 8.083197 0.011734 
0.006225 0.005969 3.480929 4.620817 0.011539 0.006913 8.070387 0.007199 
0.003922 0.003553 0.003552 7.163969 0.007471 0.003609 6.247005 0.004139 
1.157674 0.003457 0.002996 0.003744 5.785573 0.004707 8.070421 0.004869 
0.005644 2.315795 0.004773 0.004885 5.789351 0.008056 8.063328 0.005142 
0.003188 0.002709 3.470063 0.003158 5.779481 0.006490 8.073428 0.003591 
0.004822 0.004446 0.004449 4.621213 5.787755 0.004854 8.077164 0.008486 
0.003141 0.003119 0.003119 0.003119 8.948145 0.003501 6.261994 0.003635 
1.167707 0.007882 0.009677 0.010968 0.013115 6.906209 8.089518 0.010075 
0.006071 2.329029 0.006299 0.008176 0.010353 6.888760 8.092743 0.012188 
0.008556 0.009086 3.490315 0.018197 0.008685 6.940328 8.043611 0.018892 
0.006072 0.005696 0.005693 4.635613 0.006211 6.940997 8.060771 0.006309 
0.006059 0.004921 0.007443 0.004932 5.783880 6.944537 8.066823 0.005806 
0.003082 0.002973 0.009935 0.002973 0.003038 10.737477 6.260726 0.003230 
0.900671 0.003279 0.003234 0.003750 0.003649 0.003792 12.514414 0.006334 
0.003725 1.795596 0.004114 0.008602 0.004046 0.004026 12.519473 0.005950 
0.005204 0.004972 2.701207 0.009549 0.006481 0.006461 12.511791 0.005861 
0.003935 0.003747 0.003754 3.583398 0.005689 0.003807 12.524026 0.005884 
0.004840 0.003149 0.003143 0.003147 4.486482 0.004900 12.517263 0.006000 
0.004618 0.004289 0.004288 0.004319 0.004286 5.372405 12.525359 0.006406 
0.002711 0.001985 0.001991 0.002001 0.001988 0.001986 14.001984 0.003000 
1.796193 0.009235 0.013469 0.011005 0.015737 0.023904 0.011680 7.187542 
1.163023 2.320600 0.007888 0.009287 0.008865 0.008546 0.011891 9.227927 
0.004033 3.582625 0.004526 0.005012 0.004390 0.004644 0.004584 7.150944 
1.160367 0.007388 3.474015 0.010906 0.007352 0.007339 0.010504 9.245786 
0.009773 2.323777 3.467792 0.009257 0.008939 0.008690 0.015503 9.235820 
0.004614 0.004142 5.376390 0.005319 0.004661 0.008379 0.004560 7.129138 
1.163566 0.006844 0.006244 4.617207 0.006474 0.006535 0.007655 9.237710 
0.004590 2.320713 0.004865 4.623425 0.004571 0.005068 0.010195 9.212513 
0.004561 0.004256 3.475210 4.622157 0.004592 0.004308 0.004622 9.225343 
0.002965 0.002666 0.002665 7.162195 0.003184 0.002960 0.003445 7.141599 
1.161591 0.004375 0.004564 0.005074 5.775747 0.004519 0.007399 9.222673 
0.003718 2.314838 0.005233 0.005230 5.777163 0.005098 0.012059 9.231753 
0.007277 0.007051 3.485340 0.009986 5.758268 0.007234 0.016043 9.242326 
0.004111 0.003661 0.003659 4.628777 5.771956 0.003980 0.009103 9.236904 
0.004293 0.003502 0.003502 0.003516 8.945682 0.005767 0.007282 7.165602 
1.162409 0.007566 0.008064 0.007840 0.007337 6.937619 0.010657 9.235828 
0.003483 2.315440 0.003483 0.007860 0.004609 6.948873 0.004719 9.206313 
0.004760 0.004457 3.468702 0.007061 0.009036 6.942896 0.004825 9.227994 
0.004885 0.004748 0.004747 4.632569 0.005083 6.902847 0.005314 9.264318 
0.006410 0.005731 0.005730 0.005730 5.795523 6.920786 0.006413 9.234739 
0.004783 0.003205 0.003207 0.003457 0.003302 10.737777 0.007055 7.154748 
1.161949 0.003848 0.003959 0.004519 0.004536 0.004412 8.083822 9.217385 
0.006546 2.322382 0.005066 0.006585 0.006930 0.006866 8.075004 9.225470 
0.003612 0.003303 3.477327 0.005905 0.005231 0.005853 8.071369 9.231339 
0.004636 0.004291 0.004286 4.628928 0.004984 0.004668 8.079557 9.238922 
0.003875 0.003865 0.003865 0.003865 5.788944 0.004311 8.087880 9.221637 
0.004360 0.004030 0.004020 0.004019 0.004018 6.944317 8.079836 9.233570 
0.003062 0.003009 0.003009 0.003009 0.003009 0.003021 12.525450 7.157373 
0.900213 0.004883 0.005085 0.040930 0.011859 0.007268 0.004922 14.311649 
0.004379 1.795317 0.004568 0.005575 0.004845 0.004476 0.007731 14.310447 
0.004741 0.004369 2.706975 0.006484 0.004510 0.004780 0.006429 14.289318 
0.004877 0.002967 0.002931 3.586062 0.005021 0.004831 0.002988 14.308266 
0.005699 0.005699 0.005697 0.005697 4.492947 0.005701 0.009569 14.304414 
0.004337 0.004345 0.004480 0.004338 0.004337 5.376227 0.010298 14.311617 
0.004355 0.003052 0.003058 0.003039 0.003040 0.003039 6.267117 14.312101 
0.002716 0.001877 0.001970 0.001881 0.001878 0.001913 0.001877 16.001875 
1.929029 0.464212 0.639002 0.884780 1.053163 1.259909 1.483175 1.727422 
1.356528 2.713035 0.770316 1.098863 1.388320 1.637727 1.989119 2.176321 
0.209610 3.856090 0.624466 0.881917 1.080608 1.245019 1.464783 1.682673 
1.346912 0.550703 4.035907 1.047679 1.301315 1.590777 1.933075 2.112370 
0.271575 2.705870 4.095575 1.035390 1.353309 1.646624 1.803954 2.236181 
0.220973 0.436408 5.792023 0.803603 1.033149 1.262081 1.448222 1.801187 
1.357345 0.506643 0.808187 5.466096 1.388926 1.611897 1.888907 2.136890 
0.283081 2.683870 0.740150 5.374937 1.346229 1.645779 1.780737 2.210366 
0.269651 0.530673 4.061136 5.409355 1.336939 1.618624 1.851944 2.145356 
0.215511 0.433369 0.636456 7.693363 1.072361 1.267710 1.494319 1.698264 
1.356738 0.511867 0.803777 1.113038 6.730544 1.613047 1.936323 2.148336 
0.278995 2.692175 0.758765 1.093992 6.676472 1.631388 1.837374 2.087657 
0.283318 0.543535 4.071644 0.996928 6.758754 1.652510 1.910627 2.090435 
0.272734 0.537319 0.802744 5.435207 6.779504 1.581403 1.911173 2.142919 
0.223137 0.437096 0.621931 0.877181 9.637707 1.304544 1.533546 1.677985 
1.356421 0.546526 0.812759 1.071396 1.370877 8.113943 1.818989 2.162303 
0.261127 2.708769 0.757043 1.047322 1.363939 8.047404 1.953737 2.152678 
0.272368 0.538179 4.045669 1.080823 1.297119 8.036878 1.932722 2.170372 
0.276830 0.535332 0.776916 5.432894 1.341487 8.092258 1.891083 2.119660 
0.280191 0.545532 0.818625 1.098417 6.757795 8.126756 1.854511 2.146334 
0.217403 0.432772 0.675206 0.792137 1.059636 11.533456 1.514292 1.687693 
1.360016 0.555669 0.796615 1.039529 1.354020 1.615330 9.431182 2.145837 
0.277558 2.721823 0.785690 1.081758 1.378251 1.624244 9.441442 2.190380 
0.269401 0.546880 4.071831 1.060590 1.371374 1.662439 9.491129 2.181821 
0.270431 0.565026 0.802667 5.470604 1.378273 1.591722 9.527643 2.164706 
0.276640 0.544576 0.813771 1.062866 6.720600 1.678745 9.335145 2.121115 
0.276206 0.549089 0.824527 1.090664 1.373946 8.059806 9.492611 2.115141 
0.213837 0.421034 0.656213 0.861508 1.053422 1.285144 13.470238 1.705528 
1.356429 0.528990 0.799621 1.109475 1.398445 1.603253 1.872802 10.760684 
0.286122 2.716102 0.820176 1.109744 1.290883 1.628821 1.883067 10.861384 
0.279592 0.557853 4.065740 1.119343 1.335618 1.622953 1.849760 10.788765 
0.288150 0.567617 0.834309 5.473498 1.416488 1.654415 1.798308 10.866432 
0.277717 0.535660 0.804634 1.097368 6.884740 1.418999 1.830803 10.818381 
0.295853 0.559957 0.830014 1.045670 1.414022 8.221552 1.749688 10.850744 
0.252698 0.457498 0.722572 1.154693 1.383153 1.455351 9.433241 10.946642 
0.212197 0.423078 0.652474 0.866689 1.061432 1.288425 1.523268 15.361043 
