2.053374 0.058386 0.055558 0.058915 0.056227 
2.017695 0.836951 0.057858 0.060431 0.064021 
1.845979 1.852367 0.058873 0.060334 0.061159 
1.468774 2.888926 0.061660 0.061725 0.056905 
0.948334 3.646759 0.061832 0.063245 0.063607 
0.444950 3.982168 0.061454 0.062059 0.058416 
0.056135 4.055385 0.056066 0.060124 0.056535 
2.016544 0.055956 1.236514 0.060857 0.058579 
1.947762 1.002209 1.458171 0.061114 0.061834 
1.665000 2.202797 1.641888 0.065395 0.062059 
1.117908 3.288635 1.637001 0.065343 0.061995 
0.522110 3.847457 1.445457 0.064976 0.065105 
0.055981 3.980821 1.213023 0.055982 0.059573 
1.844170 0.058007 2.739054 0.055763 0.056693 
1.659194 1.106486 3.282795 0.058941 0.060357 
1.208804 2.368647 3.517772 0.060611 0.057275 
0.579945 3.273180 3.265263 0.061830 0.058306 
0.059413 3.637803 2.739011 0.064222 0.061568 
1.468533 0.056461 4.302064 0.060117 0.058440 
1.124522 1.128361 4.870250 0.062794 0.058220 
0.582961 2.191897 4.880121 0.058497 0.060061 
0.055624 2.885530 4.295875 0.060715 0.056615 
0.951660 0.074114 5.421764 0.057907 0.059284 
0.523915 1.004286 5.722702 0.065900 0.063266 
0.059075 1.847816 5.422623 0.058812 0.060165 
0.447928 0.057100 5.941096 0.062416 0.061250 
0.055844 0.843231 5.937200 0.060048 0.067304 
0.053952 0.054026 6.053950 0.057232 0.054949 
2.022307 0.064880 0.065332 1.620607 0.064276 
1.947064 1.012367 0.064306 1.920475 0.065797 
1.659212 2.201138 0.059111 2.192630 0.058575 
1.125586 3.274900 0.062036 2.192360 0.073490 
0.519958 3.833351 0.059984 1.937871 0.058482 
0.058876 3.980964 0.059134 1.628555 0.064176 
1.943227 0.057407 1.467852 1.938182 0.057425 
1.789260 1.211710 1.776998 2.371953 0.057879 
1.324995 2.621869 1.906888 2.571166 0.064586 
0.629557 3.532242 1.789943 2.363237 0.061408 
0.055019 3.826609 1.460118 1.948243 0.063501 
1.658713 0.060944 3.274127 2.196147 0.057699 
1.316016 1.320562 3.860377 2.595813 0.056290 
0.681458 2.598809 3.854013 2.573975 0.059242 
0.059182 3.265581 3.263527 2.202456 0.062451 
1.123141 0.057131 4.872909 2.195649 0.075395 
0.632476 1.215994 5.273075 2.408312 0.071071 
0.058832 2.190175 4.874934 2.182346 0.069045 
0.529438 0.060732 5.717897 1.955434 0.062078 
0.056292 1.006777 5.707330 1.947709 0.063765 
0.051921 0.052273 5.933510 1.632566 0.058446 
1.843532 0.057148 0.056980 3.648491 0.059450 
1.655520 1.122784 0.061922 4.375116 0.061954 
1.210807 2.372239 0.062140 4.676984 0.059289 
0.589437 3.271681 0.061347 4.336004 0.061512 
0.056780 3.636454 0.060808 3.625980 0.061968 
1.660326 0.060757 1.663640 4.343695 0.061756 
1.321782 1.315340 1.938090 5.151655 0.061074 
0.692002 2.588852 1.943589 5.132510 0.061638 
0.061034 3.274202 1.660146 4.322003 0.062729 
1.218663 0.063660 3.537564 4.665237 0.067832 
0.688843 1.314487 3.869514 5.124304 0.069836 
0.060700 2.366830 3.526358 4.680227 0.068473 
0.596490 0.067583 4.897286 4.316373 0.071897 
0.057339 1.138594 4.874125 4.308578 0.061114 
0.058421 0.058448 5.423242 3.640673 0.065949 
1.469061 0.054504 0.054589 5.706340 0.057623 
1.122264 1.125072 0.056505 6.467131 0.064074 
0.584693 2.198701 0.056008 6.470486 0.057982 
0.058028 2.891747 0.058380 5.703929 0.066551 
1.125780 0.060455 1.663266 6.481140 0.063869 
0.631119 1.204167 1.785537 7.015486 0.063419 
0.058946 2.188799 1.669354 6.480243 0.062973 
0.595645 0.065931 3.251967 6.479321 0.065538 
0.056265 1.131757 3.250872 6.476319 0.062479 
0.062547 0.061673 4.299943 5.710333 0.058613 
0.953271 0.059907 0.062805 7.216435 0.059878 
0.529408 0.999563 0.061414 7.608033 0.062196 
0.055711 1.837777 0.057724 7.217767 0.063742 
0.527644 0.061701 1.476669 7.606525 0.064038 
0.059421 0.989958 1.464064 7.610611 0.062785 
0.057203 0.060371 2.731921 7.218313 0.058384 
0.447571 0.062534 0.057004 7.901725 0.056998 
0.057477 0.840826 0.056522 7.899954 0.057645 
0.054134 0.055986 1.227757 7.899360 0.055152 
0.053366 0.054036 0.055601 8.053366 0.053505 
2.017320 0.056157 0.056607 0.059082 2.014104 
1.948881 0.983393 0.066403 0.058233 2.336512 
1.664992 2.205276 0.063728 0.064363 2.731242 
1.128074 3.262794 0.058272 0.059055 2.725948 
0.524928 3.833430 0.061595 0.059924 2.398543 
0.056551 3.978493 0.056431 0.057567 2.013100 
1.942389 0.057569 1.476395 0.059881 2.416036 
1.790076 1.214788 1.791477 0.065162 2.958233 
1.319546 2.602488 1.943921 0.065710 3.243337 
0.626822 3.535998 1.793629 0.065135 2.958802 
0.058084 3.830850 1.478792 0.061088 2.387954 
1.660491 0.057205 3.262535 0.061398 2.724161 
1.323546 1.314301 3.843479 0.059075 3.232504 
0.687338 2.588980 3.864142 0.059719 3.200028 
0.056427 3.268287 3.255838 0.057296 2.717906 
1.124353 0.062293 4.873272 0.063817 2.726339 
0.627861 1.223954 5.261250 0.064041 2.979366 
0.058358 2.192097 4.874141 0.064686 2.727208 
0.523559 0.057237 5.717177 0.058044 2.416620 
0.056913 1.005053 5.710060 0.056948 2.415524 
0.054612 0.054686 5.938820 0.056089 2.009727 
1.941928 0.059118 0.063264 1.956766 2.418386 
1.791852 1.218775 0.062016 2.374709 2.971175 
1.321466 2.592375 0.062211 2.563904 3.242245 
0.637890 3.530646 0.067218 2.381492 2.971786 
0.059747 3.837282 0.062549 1.913441 2.386548 
1.785428 0.058250 1.791483 2.389477 2.966004 
1.481884 1.485127 2.211094 2.891054 3.613029 
0.763795 2.906300 2.169131 2.894166 3.592134 
0.065030 3.529058 1.784265 2.369181 2.962113 
1.322724 0.059162 3.845770 2.601626 3.238943 
0.760707 1.493039 4.327993 2.854275 3.620325 
0.060416 2.586794 3.857381 2.585419 3.201305 
0.631776 0.063453 5.255361 2.396712 2.976724 
0.059411 1.222604 5.252550 2.362638 2.933625 
0.054682 0.055249 5.711725 1.948180 2.400545 
1.658456 0.056035 0.056604 4.336371 2.724196 
1.322646 1.319229 0.062993 5.147193 3.215601 
0.692695 2.594490 0.066625 5.121970 3.228769 
0.061198 3.273444 0.061261 4.319336 2.724752 
1.322480 0.059240 1.929003 5.139759 3.224368 
0.764310 1.494255 2.186321 5.703208 3.576114 
0.061502 2.580874 1.963039 5.132074 3.240457 
0.683092 0.057033 3.863302 5.111379 3.223108 
0.060927 1.310406 3.857010 5.122837 3.242277 
0.053474 0.055094 4.866064 4.316593 2.746149 
1.119083 0.066275 0.059644 6.498541 2.727531 
0.627531 1.205690 0.057956 6.986868 2.994621 
0.061097 2.200386 0.062496 6.468794 2.742869 
0.634221 0.069213 1.797489 7.012285 2.936153 
0.060834 1.211074 1.784852 6.997308 2.940793 
0.055349 0.055349 3.279708 6.451809 2.736926 
0.526417 0.057967 0.059881 7.600265 2.426099 
0.060135 0.991823 0.066296 7.610120 2.404771 
0.053327 0.053579 1.465808 7.597569 2.404378 
0.054686 0.055223 0.056912 7.901229 2.003884 
1.842966 0.057854 0.055318 0.058262 4.518018 
1.661381 1.131172 0.061383 0.061950 5.424576 
1.208084 2.381539 0.060369 0.063641 5.832629 
0.585186 3.280279 0.056163 0.055942 5.336819 
0.059438 3.637957 0.062472 0.060685 4.527152 
1.657897 0.056995 1.651954 0.057068 5.407401 
1.324374 1.328908 1.968671 0.067881 6.400071 
0.684993 2.593032 1.955383 0.063298 6.387962 
0.056329 3.262765 1.653639 0.058695 5.409098 
1.207545 0.060842 3.534618 0.060340 5.839372 
0.683667 1.327473 3.865280 0.061429 6.379157 
0.058365 2.359964 3.527398 0.058173 5.838649 
0.589422 0.057827 4.862362 0.068418 5.420990 
0.055839 1.119812 4.860369 0.066425 5.418998 
0.056915 0.056914 5.420818 0.075512 4.537841 
1.662250 0.058645 0.058789 2.186062 5.409109 
1.320896 1.326611 0.057570 2.575438 6.388205 
0.687696 2.589556 0.057884 2.575792 6.388372 
0.057968 3.258975 0.059764 2.189008 5.425180 
1.325514 0.068121 1.957481 2.607006 6.429333 
0.766859 1.479699 2.185264 2.896253 7.146590 
0.067455 2.587922 1.960958 2.578343 6.421891 
0.686636 0.060045 3.858208 2.563346 6.409308 
0.059185 1.308181 3.868102 2.599182 6.368182 
0.054875 0.054847 4.855976 2.200030 5.419494 
1.211429 0.058020 0.058309 4.688878 5.820167 
0.687632 1.300865 0.064504 5.144865 6.412225 
0.057805 2.366992 0.058261 4.676059 5.831026 
0.683086 0.054221 1.954497 5.115055 6.380808 
0.054596 1.321570 1.941028 5.114890 6.381578 
0.056932 0.056975 3.512913 4.688568 5.827884 
0.594726 0.060729 0.062048 6.473472 5.407383 
0.056567 1.124809 0.058595 6.468903 5.403356 
0.054462 0.054482 1.658194 6.467427 5.401994 
0.056056 0.057087 0.057573 7.209757 4.532472 
1.472772 0.062643 0.062964 0.062923 7.141427 
1.121142 1.121044 0.055951 0.058303 8.086290 
0.587283 2.196327 0.061645 0.060282 8.090521 
0.055391 2.877191 0.057783 0.057087 7.142817 
1.124531 0.058221 1.660116 0.060139 8.082301 
0.626264 1.205196 1.768102 0.057625 8.744395 
0.057411 2.191488 1.659987 0.057409 8.082172 
0.585978 0.056405 3.263750 0.057555 8.081117 
0.056826 1.121957 3.255654 0.057373 8.084287 
0.057621 0.056758 4.284604 0.060419 7.152220 
1.121233 0.056176 0.056945 2.189738 8.089019 
0.634703 1.223575 0.066424 2.383686 8.722054 
0.054856 2.200169 0.057147 2.177365 8.066346 
0.634827 0.062290 1.796104 2.360098 8.729612 
0.058613 1.211176 1.799767 2.367962 8.707387 
0.057322 0.057338 3.252846 2.191069 8.089793 
0.584739 0.056999 0.058240 4.318638 8.094433 
0.055735 1.130348 0.058806 4.359050 8.044370 
0.056053 0.055997 1.664820 4.363430 8.044706 
0.055911 0.052651 0.052717 5.712848 7.119508 
0.950031 0.058332 0.057817 0.058931 9.006422 
0.526468 1.001779 0.057019 0.057479 9.485309 
0.057413 1.853629 0.057382 0.059205 8.991699 
0.526890 0.056096 1.480962 0.057712 9.480152 
0.057553 0.994238 1.475637 0.063467 9.486271 
0.056574 0.059162 2.741174 0.058463 8.999723 
0.523858 0.060982 0.061387 1.954393 9.493389 
0.057325 0.991233 0.058293 1.925030 9.496393 
0.057724 0.057782 1.464990 1.933908 9.491608 
0.053504 0.059968 0.056001 3.643269 8.989965 
0.444732 0.058374 0.058462 0.058950 9.869961 
0.056844 0.848251 0.064089 0.057106 9.859032 
0.054972 0.055277 1.238182 0.056261 9.858586 
0.053970 0.056449 0.055837 1.633433 9.857132 
0.054699 0.054318 0.053948 0.053949 10.053947 
