2.222595 1.795104 0.356509 0.362564 0.356598 0.358766 0.356743 0.357165 
1.228717 3.853357 0.305794 0.306934 0.306348 0.305815 0.307701 0.306990 
0.257030 4.256800 0.261459 0.264731 0.258398 0.257342 0.263896 0.301962 
0.279765 4.279648 0.284312 0.286871 0.279826 0.340028 0.286873 0.282570 
2.245260 0.358049 2.332763 0.358489 0.357179 0.358840 0.366143 0.356842 
1.605165 2.552718 3.386022 0.309561 0.308425 0.314441 0.309430 0.307854 
0.262817 3.929187 2.650808 0.264844 0.260401 0.262624 0.273363 0.287679 
1.317377 0.307455 5.484659 0.309600 0.308338 0.308397 0.312552 0.308555 
0.210353 2.090831 5.505580 0.217314 0.210243 0.213950 0.210498 0.212656 
0.165062 0.165999 6.165049 0.173219 0.165914 0.167164 0.165962 0.174351 
2.258024 0.358183 0.357332 2.839920 0.362569 0.359176 0.358160 0.380488 
1.616675 2.638910 0.307830 4.159994 0.308216 0.308517 0.308701 0.307776 
0.261334 3.979807 0.268502 3.206832 0.261980 0.268435 0.265177 0.283516 
1.664361 0.307510 3.545819 4.287280 0.306788 0.308510 0.314554 0.307191 
0.211639 2.744923 3.667876 4.340848 0.212311 0.216017 0.212362 0.212431 
0.161443 0.162574 5.637176 3.431821 0.174758 0.171210 0.182269 0.163590 
1.365091 0.309398 0.310911 7.097816 0.308587 0.309891 0.308236 0.307685 
0.210141 2.230198 0.212249 7.114765 0.217145 0.212079 0.211190 0.212461 
0.111719 0.111797 3.017754 7.110731 0.128359 0.114369 0.132548 0.113929 
0.071732 0.071734 0.077988 8.071713 0.083611 0.075222 0.092812 0.072079 
2.258501 0.358931 0.357928 0.358373 3.465596 0.359862 0.365641 0.381237 
1.639444 2.617427 0.304901 0.307164 4.997048 0.306091 0.313491 0.305981 
0.261662 3.985848 0.269187 0.269230 3.890819 0.259640 0.259676 0.259668 
1.679551 0.307388 3.590724 0.309568 5.092668 0.308524 0.307553 0.306925 
0.210351 2.801799 3.579626 0.211248 5.355846 0.213634 0.210423 0.212662 
0.166589 0.168267 5.662618 0.169352 4.177738 0.168309 0.169800 0.168264 
1.741600 0.308439 0.307835 4.329635 5.135069 0.309742 0.315496 0.308014 
0.212810 2.878388 0.215399 4.527451 5.360321 0.213342 0.216957 0.215155 
0.110712 0.111150 3.824757 4.661553 5.525793 0.112041 0.118322 0.110931 
0.071101 0.071971 0.078756 7.303463 4.345210 0.071532 0.082016 0.104525 
1.423530 0.304138 0.302894 0.304291 8.584492 0.303088 0.305167 0.303218 
0.212363 2.320479 0.216946 0.215847 8.710523 0.214149 0.223977 0.212649 
0.113478 0.113827 3.090690 0.115012 8.795452 0.117393 0.158125 0.115499 
0.028067 0.028492 0.031782 3.766509 8.868971 0.036290 0.039171 0.045616 
0.027570 0.027571 0.027583 0.035583 10.027558 0.029698 0.042375 0.027570 
2.246889 0.359568 0.358252 0.364730 0.358326 4.305710 0.359524 0.358947 
1.637061 2.638966 0.305802 0.307701 0.305145 5.882237 0.307607 0.306030 
0.258541 3.989874 0.262750 0.265137 0.258565 4.581417 0.258734 0.260855 
1.683048 0.308136 3.589403 0.307630 0.307475 6.031576 0.315273 0.307910 
0.213782 2.764032 3.719376 0.220791 0.214250 6.239013 0.214526 0.223086 
0.163648 0.165531 5.705089 0.164131 0.175416 4.764297 0.215224 0.165754 
1.704157 0.306942 0.306009 4.375335 0.305978 6.335775 0.307180 0.308472 
0.210502 2.856702 0.213313 4.474681 0.221724 6.539470 0.210758 0.215474 
0.107782 0.112989 3.845915 4.631037 0.140342 6.593792 0.115928 0.139041 
0.073468 0.073540 0.074429 7.303026 0.084304 5.211555 0.073466 0.085322 
1.739667 0.307155 0.306795 0.308429 5.143921 6.335941 0.308267 0.307034 
0.211781 2.890404 0.214863 0.211936 5.428400 6.554244 0.212021 0.218192 
0.117184 0.117957 3.918794 0.133409 5.576290 6.695544 0.131887 0.119534 
0.034881 0.035406 0.040137 4.783626 5.721962 6.867231 0.045715 0.081365 
0.031705 0.032021 0.032017 0.037948 8.964363 5.425987 0.032511 0.031862 
1.440212 0.311185 0.305995 0.306003 0.305750 10.188166 0.313197 0.312231 
0.211835 2.342764 0.216718 0.215709 0.211877 10.367167 0.212097 0.214217 
0.114852 0.114892 3.096350 0.117356 0.125221 10.528415 0.117101 0.129009 
0.019703 0.020332 0.024451 3.779764 0.038205 10.611508 0.058729 0.023011 
0.028242 0.028250 0.028460 0.028249 4.493180 10.765677 0.037897 0.033953 
0.029182 0.029185 0.029187 0.033061 0.029216 12.029167 0.029837 0.052863 
2.245365 0.359566 0.356859 0.356945 0.356454 0.358552 4.954883 0.356645 
1.648207 2.596911 0.305557 0.308015 0.306706 0.307396 6.887222 0.305808 
0.260128 3.997530 0.268727 0.265166 0.259967 0.259844 5.232218 0.259392 
1.681748 0.305996 3.562001 0.306570 0.306343 0.306844 7.041250 0.312419 
0.212915 2.809376 3.659144 0.212272 0.223116 0.213459 7.186713 0.213805 
0.165452 0.166297 5.709837 0.165952 0.177494 0.170455 5.516658 0.167575 
1.711546 0.306642 0.305977 4.356853 0.321027 0.307091 7.296947 0.307323 
0.209679 2.825373 0.212343 4.591847 0.211505 0.211418 7.515438 0.214112 
0.106922 0.107372 3.833295 4.672879 0.115063 0.108276 7.627014 0.130931 
0.067928 0.067934 0.071330 7.313696 0.078877 0.070331 6.002102 0.092066 
1.740368 0.306061 0.305382 0.307001 5.158331 0.307011 7.296344 0.306712 
0.212120 2.883040 0.214797 0.211907 5.412379 0.213503 7.665617 0.218179 
0.114723 0.119237 3.917136 0.116677 5.519136 0.116998 7.862762 0.132966 
0.032502 0.032585 0.034321 4.828309 5.698564 0.039518 7.946892 0.049565 
0.029688 0.030020 0.030015 0.036145 8.984480 0.031564 6.261037 0.046953 
1.726768 0.307811 0.306799 0.311157 0.306778 6.278914 7.281148 0.309273 
0.215958 2.905040 0.215321 0.218306 0.216433 6.559534 7.464941 0.220090 
0.111992 0.112782 3.948545 0.118196 0.126224 6.575304 7.793061 0.129263 
0.028679 0.029548 0.033860 4.826190 0.036060 6.827020 7.940866 0.034307 
0.040633 0.040672 0.041372 0.040656 5.831652 6.955176 8.114855 0.055970 
0.033501 0.034113 0.041647 0.043062 0.033499 10.774343 6.276275 0.052055 
1.439877 0.308901 0.308458 0.308556 0.312135 0.308451 11.851130 0.310721 
0.216339 2.350534 0.218495 0.217434 0.217478 0.219916 12.057033 0.217987 
0.114455 0.115322 3.107431 0.127208 0.133147 0.116176 12.247949 0.186129 
0.025523 0.026170 0.032778 3.768326 0.035964 0.026448 12.398590 0.084772 
0.023641 0.026974 0.028537 0.030347 4.546912 0.024418 12.509244 0.040586 
0.038889 0.041056 0.042223 0.043088 0.038869 5.403881 12.561728 0.040723 
0.024154 0.024186 0.024186 0.024775 0.024154 0.024633 14.024153 0.024192 
2.248821 0.360081 0.358784 0.363570 0.359423 0.361800 0.366207 5.590041 
1.629090 2.614424 0.305315 0.305657 0.305680 0.306079 0.307282 7.954369 
0.257018 3.987272 0.260944 0.257336 0.263370 0.258715 0.257107 6.030579 
1.672836 0.310599 3.567371 0.305752 0.305311 0.307396 0.306317 8.092202 
0.211666 2.795679 3.601901 0.213220 0.212146 0.214965 0.211752 8.422914 
0.163866 0.164723 5.685427 0.166734 0.165635 0.168848 0.164557 6.424667 
1.725908 0.306828 0.308048 4.385712 0.306055 0.308069 0.306978 8.076494 
0.213017 2.837920 0.212928 4.558992 0.214491 0.220275 0.214390 8.590994 
0.118211 0.119938 3.902912 4.605435 0.118888 0.119640 0.124867 8.697104 
0.068788 0.069199 0.071933 7.307984 0.070561 0.069906 0.082056 6.878617 
1.732969 0.306328 0.305931 0.307805 5.254895 0.307885 0.313502 8.238687 
0.212262 2.879848 0.215638 0.212862 5.404803 0.214264 0.213078 8.763208 
0.115231 0.116027 3.923521 0.120403 5.527981 0.117738 0.116079 8.939250 
0.033279 0.034376 0.039227 4.773472 5.766571 0.040698 0.045717 9.086879 
0.029722 0.029729 0.029728 0.036843 8.984141 0.031626 0.036544 7.152557 
1.737338 0.305265 0.307994 0.306646 0.304852 6.189615 0.307263 8.246487 
0.214476 2.856940 0.217143 0.219184 0.214443 6.494182 0.214591 8.825874 
0.115913 0.116171 3.919314 0.132188 0.117199 6.699203 0.128215 8.838314 
0.029740 0.029966 0.031339 4.838090 0.039507 6.850630 0.046240 9.018907 
0.029147 0.029919 0.030599 0.030107 5.835233 6.949363 0.037201 9.224610 
0.026734 0.027059 0.027027 0.036364 0.026732 10.763856 0.027158 7.171373 
1.719983 0.307269 0.307353 0.309065 0.308325 0.307834 7.300526 8.330637 
0.213601 2.871256 0.213222 0.216368 0.221164 0.214410 7.542073 8.744498 
0.110840 0.115391 3.898944 0.119293 0.118280 0.113039 7.743689 8.934753 
0.033952 0.034105 0.035043 4.819085 0.043692 0.038467 7.944162 9.126910 
0.035218 0.035280 0.035340 0.039740 5.832448 0.037596 8.042731 9.320124 
0.025803 0.026235 0.026676 0.035430 0.026012 6.991075 8.098779 9.223082 
0.026255 0.026423 0.026495 0.033013 0.026238 0.026236 12.541554 7.196823 
1.416551 0.312462 0.307381 0.310047 0.311039 0.308387 0.307745 13.619454 
0.210633 2.291279 0.211942 0.210180 0.211010 0.224483 0.210035 13.872954 
0.109082 0.109187 3.066963 0.112111 0.115431 0.109690 0.116337 14.029711 
0.028739 0.028903 0.030022 3.747866 0.038465 0.032752 0.038439 14.194605 
0.032130 0.032291 0.032127 0.034931 4.525963 0.041288 0.050758 14.325506 
0.033043 0.033043 0.033057 0.033049 0.033052 5.399144 0.042938 14.344181 
0.032633 0.032639 0.040029 0.033524 0.032664 0.033082 6.297968 14.340969 
0.025787 0.027390 0.028311 0.025772 0.030053 0.025665 0.046211 16.025642 
2.368748 0.534447 0.715053 0.982963 0.926323 1.069916 1.384803 1.535762 
1.826140 3.080295 0.462939 0.407228 1.132258 0.724318 2.161430 2.459888 
0.309885 4.217536 0.593896 0.854551 0.799057 0.942667 1.257593 1.380512 
1.797147 0.483471 4.186919 0.919331 1.300661 1.527599 1.765761 2.022972 
0.424327 3.129206 4.071800 0.995447 1.172044 1.474652 1.707857 1.949397 
0.387729 0.519102 6.104203 0.831289 0.906518 1.198891 1.401340 1.383530 
1.868393 0.386328 1.087493 5.213392 1.220704 1.572743 1.863526 1.990653 
0.402335 3.246992 0.845840 5.104167 1.193375 1.428104 1.574344 2.042067 
0.467832 0.660100 4.527184 5.473863 1.216645 1.595199 1.673252 2.063993 
0.374838 0.578939 0.748968 7.917197 1.079744 1.310692 1.525364 1.755611 
2.190451 0.554097 0.425822 0.428770 5.117970 0.427012 0.434413 0.426902 
0.438533 3.275195 0.898925 1.105105 6.257788 1.553598 1.695041 1.970703 
0.457537 0.724442 4.516393 1.084574 6.421250 1.519715 1.802393 2.013749 
0.479945 0.719881 0.998504 5.657481 6.720826 1.656517 1.876422 2.177983 
0.388567 0.591561 0.791558 0.946523 9.849557 1.316947 1.534868 1.739338 
1.882822 0.357440 1.011082 1.069135 1.026588 7.331847 1.833614 1.960741 
0.439593 3.260182 0.868250 1.063292 1.243449 7.329223 1.712705 2.043151 
0.451246 0.691903 4.530472 1.038390 1.340065 7.701710 1.807574 2.060446 
0.466521 0.721445 0.938498 5.692679 1.346606 8.052063 1.917923 2.253786 
0.460390 0.712657 0.975249 1.190384 6.786990 8.144902 1.857247 2.175194 
0.383502 0.568079 0.771733 0.932003 1.060156 11.782075 1.553920 1.811146 
2.017914 0.839282 1.084286 0.481618 1.590538 1.547644 8.695463 2.241829 
0.435733 3.252652 0.870993 1.030236 1.334549 1.547198 8.585441 1.996378 
0.440737 0.697493 4.597843 1.146394 1.321248 1.616554 9.114732 1.964282 
0.451544 0.731863 0.987802 5.591613 1.294261 1.603548 9.428131 2.155845 
0.456861 0.699859 0.980401 1.201918 6.797237 1.661957 9.472082 2.251942 
0.467240 0.729738 0.933534 1.181723 1.351577 8.229468 9.570405 2.212765 
0.399127 0.627873 0.788053 0.975128 1.066626 1.301453 13.595347 1.783914 
1.869721 0.563672 0.969779 1.158759 1.102543 1.400749 1.492457 9.897506 
0.414824 3.284643 0.868440 1.062422 1.000936 1.529604 1.741093 9.780794 
0.431054 0.609891 4.620797 1.008860 1.186567 1.657674 1.595578 10.079568 
0.467584 0.752969 0.992525 5.869220 1.324070 1.553298 1.815601 10.337700 
0.464859 0.735809 1.022615 1.157802 6.813045 1.510735 1.925488 10.752084 
0.462465 0.740766 0.963068 1.188989 1.322815 8.125817 1.900501 10.760701 
0.472180 0.729438 0.916050 1.426780 1.375457 1.840205 9.485439 10.824534 
0.384117 0.561592 0.715421 0.876024 1.103640 1.248143 1.549218 15.567002 
