1.954756 0.007278 0.006689 0.006704 0.007450 
1.090996 0.427560 0.006151 0.006593 0.006747 
0.771840 0.754843 0.006666 0.012859 0.006285 
0.597574 0.601142 0.069723 0.070305 0.059784 
0.552779 1.088879 0.011258 0.010659 0.006493 
0.395533 1.562424 0.008276 0.006918 0.011226 
0.222582 2.152460 0.006844 0.007181 0.006943 
0.006654 3.894693 0.006312 0.006328 0.007073 
1.027715 0.006586 0.619020 0.010798 0.005958 
0.633008 0.311194 0.474570 0.006504 0.009284 
0.447188 0.582967 0.450439 0.006976 0.007314 
0.297066 0.867942 0.436171 0.014014 0.010481 
0.163887 1.242103 0.475055 0.007987 0.008642 
0.006999 2.074350 0.645593 0.008081 0.006398 
0.755609 0.020195 1.126490 0.015021 0.016533 
0.451127 0.301801 0.895128 0.009795 0.010253 
0.282867 0.559875 0.831120 0.010069 0.006546 
0.151333 0.898885 0.903903 0.010108 0.010513 
0.007050 1.537213 1.173563 0.006715 0.006933 
0.557910 0.012982 1.649422 0.009538 0.008711 
0.296859 0.288132 1.313487 0.009099 0.006935 
0.156974 0.591380 1.339989 0.008978 0.008887 
0.014695 1.043046 1.568593 0.008853 0.006077 
0.368306 0.018222 2.152953 0.009594 0.006298 
0.157718 0.312413 1.883090 0.009832 0.007105 
0.011340 0.725977 2.164466 0.009111 0.005996 
0.205497 0.015983 3.028056 0.008262 0.007157 
0.010079 0.403524 3.004689 0.010683 0.007249 
0.005782 0.005777 5.788752 0.005910 0.006092 
1.045096 0.009170 0.006946 0.835015 0.006685 
0.608211 0.299595 0.011763 0.604741 0.006359 
0.431372 0.569103 0.013965 0.564984 0.027151 
0.282828 0.810970 0.021784 0.553572 0.006478 
0.154964 1.182907 0.015261 0.606948 0.007278 
0.007649 2.037159 0.006247 0.839114 0.007759 
0.617453 0.006604 0.456085 0.618932 0.005489 
0.368859 0.235675 0.371097 0.498305 0.009219 
0.236925 0.456603 0.361984 0.471828 0.008429 
0.121439 0.717648 0.387262 0.498131 0.009602 
0.006940 1.211925 0.464242 0.635245 0.007484 
0.442377 0.008643 0.876559 0.570756 0.008210 
0.239282 0.236155 0.698566 0.473126 0.007648 
0.121401 0.472216 0.721195 0.483546 0.011297 
0.007499 0.854173 0.863621 0.583128 0.006290 
0.284758 0.015362 1.249466 0.561006 0.006840 
0.127468 0.245768 1.110096 0.483868 0.008209 
0.008907 0.558445 1.270112 0.564805 0.005726 
0.159362 0.011822 1.814103 0.611789 0.008435 
0.008406 0.312235 1.844851 0.623605 0.008169 
0.005643 0.006436 3.100964 0.837415 0.007142 
0.738957 0.013411 0.010610 1.478778 0.007636 
0.430200 0.287575 0.014526 1.143790 0.008738 
0.282429 0.554209 0.007901 1.121541 0.005501 
0.144168 0.822382 0.017717 1.117949 0.010069 
0.012258 1.492901 0.010314 1.511271 0.012541 
0.425832 0.012620 0.427920 1.129871 0.006834 
0.240629 0.235207 0.352256 0.951742 0.008094 
0.119841 0.475235 0.357151 0.951822 0.008429 
0.011542 0.822296 0.420746 1.120321 0.013026 
0.281316 0.008159 0.821111 1.116282 0.006006 
0.122626 0.236104 0.710830 0.952279 0.007042 
0.008301 0.524986 0.820679 1.115850 0.005574 
0.150983 0.008154 1.296241 1.159722 0.007024 
0.008293 0.285808 1.284145 1.144129 0.008493 
0.005402 0.006614 2.236765 1.516661 0.007256 
0.554751 0.013249 0.005326 2.207018 0.006014 
0.298632 0.290661 0.007860 1.770444 0.006745 
0.147956 0.566718 0.012015 1.729707 0.006797 
0.006546 1.141134 0.006323 2.338365 0.008543 
0.297750 0.008135 0.440909 1.758333 0.007217 
0.127112 0.246102 0.362367 1.478133 0.006149 
0.009013 0.571536 0.431251 1.742627 0.012684 
0.149500 0.010560 0.856371 1.694411 0.016004 
0.009185 0.285739 0.852983 1.700720 0.005898 
0.006126 0.006072 1.747996 2.335479 0.009411 
0.377084 0.012700 0.005393 3.004053 0.006329 
0.154892 0.295111 0.019627 2.377534 0.005985 
0.006425 0.725538 0.011447 2.990216 0.012863 
0.158116 0.010154 0.454271 2.460518 0.006945 
0.009741 0.296298 0.459104 2.436090 0.006708 
0.007951 0.007914 1.139390 3.041077 0.010240 
0.199598 0.010037 0.025169 3.911428 0.006654 
0.006586 0.411972 0.005359 4.225913 0.006363 
0.005639 0.005972 0.651867 4.320864 0.006954 
0.005685 0.006187 0.005922 7.806305 0.006071 
1.828785 0.007486 0.008275 0.007242 1.845360 
0.917353 0.456291 0.023120 0.007226 1.216763 
0.617136 0.805655 0.052301 0.064519 0.986273 
0.389837 1.494461 0.007454 0.006216 1.043776 
0.233065 1.797187 0.015464 0.030764 1.091390 
0.006331 3.598499 0.009041 0.006295 1.844328 
0.867202 0.015311 0.658762 0.022903 1.027074 
0.525581 0.360872 0.521816 0.009801 0.756946 
0.321986 0.624447 0.499326 0.026472 0.772010 
0.177354 1.016245 0.540341 0.009122 0.768915 
0.010784 1.758117 0.664579 0.024542 1.119791 
0.604970 0.031631 1.197509 0.032145 0.941579 
0.310772 0.302154 1.030095 0.024197 0.907539 
0.171676 0.667989 1.010705 0.013862 0.776311 
0.022921 1.162647 1.195671 0.021062 0.893810 
0.402993 0.032107 1.867336 0.007042 1.066957 
0.179281 0.341126 1.520764 0.015953 0.729358 
0.018617 0.795408 1.785645 0.026570 0.936573 
0.238658 0.007773 2.771336 0.021639 1.030432 
0.006139 0.461379 2.779510 0.022174 1.069493 
0.007619 0.007646 5.055631 0.058690 1.697962 
0.874781 0.014806 0.018599 0.897601 1.000471 
0.505564 0.332116 0.025625 0.687422 0.765176 
0.316755 0.607652 0.025180 0.663600 0.718969 
0.178832 0.988335 0.016458 0.672618 0.723210 
0.017556 1.649710 0.020448 0.914295 1.002380 
0.500560 0.018809 0.487128 0.676803 0.788661 
0.277408 0.271518 0.437884 0.549112 0.580461 
0.146898 0.544610 0.416735 0.550015 0.581907 
0.022005 0.926205 0.475553 0.643204 0.824994 
0.320055 0.014101 0.955533 0.675749 0.817094 
0.144928 0.274779 0.826917 0.549625 0.562790 
0.008645 0.672512 1.027062 0.627320 0.857691 
0.177477 0.012610 1.553129 0.686935 0.852768 
0.012047 0.335912 1.554304 0.687622 0.822796 
0.010544 0.017496 2.525544 0.910340 1.029068 
0.638001 0.006484 0.012375 1.771303 1.043587 
0.330038 0.331799 0.011338 1.342175 0.830172 
0.173915 0.656213 0.011420 1.310504 0.793791 
0.011860 1.213018 0.016042 1.694599 0.961439 
0.332356 0.014756 0.479129 1.288940 0.709774 
0.145395 0.275800 0.418973 1.095574 0.566242 
0.011470 0.629871 0.479519 1.287981 0.687170 
0.169775 0.012454 0.967803 1.316127 0.833421 
0.010628 0.323561 0.971921 1.305848 0.832414 
0.008521 0.008404 2.031514 1.837538 1.028625 
0.397442 0.034973 0.018180 2.359057 1.050063 
0.173290 0.343741 0.009494 2.092961 0.988115 
0.020421 0.757623 0.019291 2.301243 1.027073 
0.177482 0.010743 0.533078 2.056461 0.831315 
0.011336 0.345455 0.514159 2.019721 0.770330 
0.010377 0.021133 1.237520 2.377882 0.959293 
0.231851 0.009439 0.008700 3.771905 1.055321 
0.010217 0.430417 0.007880 3.746774 1.019040 
0.008822 0.006425 0.750008 3.699094 1.205723 
0.007153 0.006526 0.006996 7.399365 1.845023 
1.123485 0.007181 0.013722 0.025531 2.877093 
0.665726 0.339506 0.008516 0.005873 2.040521 
0.395908 0.787986 0.006199 0.005016 1.992992 
0.211251 1.203770 0.008727 0.005592 2.074589 
0.007541 2.479603 0.009406 0.007516 3.039113 
0.604891 0.012412 0.611731 0.015679 1.998952 
0.415554 0.405510 0.625675 0.009567 1.774139 
0.212696 0.818635 0.629473 0.007632 2.110428 
0.013980 1.149137 0.574834 0.018582 2.009815 
0.383897 0.008627 1.145211 0.007734 1.994242 
0.199622 0.361037 1.142049 0.069626 1.629261 
0.013136 0.729972 1.096317 0.009064 1.999255 
0.208942 0.011370 1.820633 0.009226 2.050681 
0.007166 0.408979 1.827357 0.006052 2.051473 
0.009448 0.009725 3.508263 0.018379 2.936931 
0.620747 0.010078 0.008782 0.803068 1.997805 
0.385681 0.465882 0.008142 0.814457 1.817801 
0.201571 0.757631 0.056444 0.773768 1.937421 
0.010207 1.215777 0.008517 0.830509 2.053669 
0.374048 0.020488 0.630635 0.799887 1.806485 
0.176378 0.347139 0.467614 0.667087 1.605015 
0.015014 0.704862 0.622964 0.812887 1.684858 
0.198489 0.018127 1.154602 0.801291 1.817775 
0.015403 0.424711 1.160843 0.807532 1.824016 
0.007174 0.009820 1.838617 0.870123 2.014104 
0.384260 0.007907 0.007027 1.617455 1.994279 
0.215411 0.353145 0.024060 1.600589 1.753368 
0.007054 0.783475 0.006645 1.552435 1.995028 
0.217993 0.007085 0.612014 1.592447 2.152552 
0.006556 0.006325 1.207204 1.627403 2.016024 
0.216723 0.008413 0.007693 2.552051 1.995525 
0.009230 0.397053 0.007919 2.514397 2.077330 
0.008013 0.008085 0.627276 2.652748 2.058055 
0.006600 0.006056 0.008932 4.937682 3.086223 
0.784667 0.007412 0.012326 0.007513 3.995485 
0.399397 0.389779 0.047136 0.050843 3.098978 
0.201644 0.820075 0.089341 0.015770 3.092238 
0.010161 1.563093 0.009344 0.009806 4.045130 
0.466102 0.015458 0.700413 0.014529 3.365650 
0.196798 0.397069 0.580318 0.014685 3.083703 
0.014571 0.985019 0.735151 0.018245 3.710806 
0.206859 0.011475 1.217907 0.099689 3.083332 
0.008321 0.498001 1.464513 0.006414 3.567143 
0.005480 0.005492 2.392092 0.007143 4.001214 
0.465811 0.018547 0.009328 0.923178 3.551208 
0.186957 0.356862 0.021944 0.709516 2.701701 
0.012174 0.926974 0.013129 0.875102 3.434772 
0.187631 0.010063 0.525700 0.747294 2.697898 
0.010361 0.344277 0.521928 0.758658 2.698295 
0.010193 0.017911 1.332719 0.885056 3.348804 
0.251636 0.024225 0.021778 1.930537 3.629452 
0.009746 0.469635 0.018485 1.813802 3.435010 
0.013654 0.021300 0.722338 1.935841 3.611194 
0.006315 0.007922 0.006943 3.166530 4.014272 
0.589627 0.017384 0.010817 0.004695 6.052912 
0.208081 0.392948 0.029984 0.055111 4.004684 
0.018724 1.118129 0.017687 0.008983 5.732396 
0.213465 0.008727 0.569725 0.071576 4.070876 
0.007791 0.374604 0.582171 0.074683 3.996365 
0.008974 0.008972 2.060782 0.009032 6.988803 
0.215480 0.022765 0.018584 0.860261 4.247985 
0.008046 0.438425 0.009775 0.927563 4.351930 
0.013177 0.014991 0.517278 0.868751 3.989539 
0.006489 0.006298 0.008752 2.675255 6.688487 
0.258833 0.022697 0.009859 0.006763 6.407441 
0.013340 0.524622 0.010685 0.007639 6.469770 
0.014221 0.018258 0.767823 0.022237 6.002432 
0.014843 0.008061 0.038600 1.015232 6.045266 
0.006707 0.006330 0.008346 0.007173 9.749756 
