1.901144 0.004522 0.004029 0.004264 0.004116 0.004165 0.004524 0.004733 
0.708383 0.703405 0.011203 0.003958 0.004367 0.011472 0.009805 0.012628 
0.373581 1.472905 0.005449 0.013789 0.005663 0.006293 0.006199 0.009561 
0.004275 3.798639 0.004059 0.004359 0.004088 0.005115 0.004648 0.004702 
0.664739 0.005977 0.988988 0.004923 0.005049 0.031325 0.049019 0.012548 
0.258546 0.505544 0.768475 0.010677 0.014069 0.010607 0.004760 0.005421 
0.009936 1.409525 1.069655 0.006755 0.005158 0.004601 0.005972 0.008470 
0.358387 0.011269 2.134832 0.006732 0.007221 0.009133 0.007929 0.006574 
0.008104 0.726186 2.166913 0.006757 0.008571 0.006037 0.007938 0.006578 
0.004071 0.004075 5.608952 0.004076 0.004491 0.007376 0.009924 0.012747 
0.702667 0.006255 0.017744 1.391999 0.011038 0.009590 0.006703 0.008145 
0.266871 0.538151 0.009992 1.053384 0.011974 0.009498 0.008231 0.016728 
0.005350 1.461905 0.005634 1.467892 0.008556 0.005230 0.005321 0.010455 
0.234994 0.018211 0.683860 0.939882 0.015405 0.007123 0.025028 0.004804 
0.015312 0.462490 0.683006 0.934683 0.009746 0.007701 0.023533 0.008934 
0.005605 0.006340 2.075499 1.374949 0.004163 0.009695 0.018651 0.004155 
0.332182 0.014034 0.006376 2.642023 0.015238 0.012025 0.006135 0.008353 
0.007795 0.691078 0.008432 2.755449 0.005281 0.012416 0.006663 0.007323 
0.010669 0.020274 1.005933 2.691703 0.007433 0.007431 0.023470 0.008186 
0.004183 0.004279 0.004184 7.581290 0.004982 0.005669 0.006180 0.005462 
0.622418 0.021364 0.010624 0.011596 1.580937 0.008255 0.019965 0.007396 
0.260019 0.494087 0.004522 0.010460 1.300089 0.007184 0.024668 0.006364 
0.005142 1.498905 0.005663 0.005250 1.907257 0.009907 0.006008 0.005982 
0.253620 0.011991 0.756203 0.006340 1.275468 0.009212 0.023129 0.008361 
0.011972 0.506734 0.740129 0.009591 1.260129 0.013290 0.035044 0.014908 
0.014482 0.022674 1.551858 0.028683 1.304825 0.019434 0.044931 0.005550 
0.259229 0.005563 0.005868 1.022467 1.300757 0.011701 0.010130 0.006006 
0.005510 0.529493 0.006317 1.026338 1.340780 0.007712 0.005393 0.005514 
0.005155 0.005281 0.772270 1.005519 1.277577 0.009189 0.024006 0.004753 
0.010360 0.015994 0.015741 2.382614 1.528857 0.021956 0.012035 0.008564 
0.326277 0.009358 0.012199 0.018294 3.282345 0.010428 0.006423 0.005541 
0.012006 0.659654 0.008186 0.007440 3.376175 0.005242 0.012297 0.005417 
0.008720 0.012509 0.956697 0.007932 3.213275 0.010205 0.021359 0.006775 
0.008631 0.012928 0.014922 1.216828 3.167363 0.015708 0.008385 0.006782 
0.004232 0.004242 0.004326 0.004236 9.690797 0.004609 0.005381 0.004467 
0.694407 0.008510 0.011499 0.008257 0.014162 2.119963 0.028558 0.013450 
0.243646 0.479294 0.005153 0.018205 0.032862 1.433824 0.007091 0.013000 
0.008455 1.320425 0.005547 0.030593 0.005585 2.017371 0.017510 0.014449 
0.224836 0.011826 0.636223 0.017700 0.041346 1.356045 0.023700 0.005353 
0.009631 0.503732 0.718669 0.013246 0.004390 1.441227 0.013194 0.021271 
0.005348 0.013039 1.964968 0.027717 0.005401 2.018064 0.017332 0.014264 
0.240693 0.011531 0.012225 0.949843 0.024290 1.498743 0.005564 0.010587 
0.009272 0.484865 0.011879 0.957406 0.012484 1.477814 0.007139 0.007371 
0.005148 0.005695 0.740656 1.004223 0.003608 1.539948 0.026324 0.004645 
0.004399 0.004363 0.004401 3.035227 0.004369 2.341784 0.011904 0.004917 
0.245401 0.009319 0.007076 0.022173 1.205117 1.481053 0.010142 0.006481 
0.004947 0.472142 0.019332 0.016591 1.209325 1.486823 0.010492 0.005052 
0.009257 0.013705 0.741841 0.008482 1.246138 1.520444 0.006031 0.006451 
0.007689 0.010516 0.011632 0.971693 1.199199 1.449277 0.031476 0.007421 
0.005908 0.005908 0.005908 0.005908 3.922131 2.335062 0.010011 0.006370 
0.330904 0.004984 0.013748 0.013186 0.024154 4.010011 0.008638 0.005385 
0.011165 0.663435 0.006440 0.005436 0.026225 4.038654 0.008760 0.011729 
0.006239 0.007480 0.968721 0.005418 0.027167 4.045648 0.019945 0.009090 
0.007384 0.009244 0.024855 1.171248 0.059521 3.512041 0.008572 0.006810 
0.007008 0.008440 0.015538 0.007207 1.620298 3.856121 0.025168 0.006170 
0.004194 0.004278 0.004306 0.004159 0.004176 11.613590 0.005240 0.006483 
0.548786 0.020449 0.019066 0.022483 0.030205 0.021238 1.962613 0.005759 
0.251373 0.496159 0.006255 0.008558 0.030378 0.005426 1.781821 0.005212 
0.014747 1.132899 0.020241 0.023831 0.033152 0.008013 1.943249 0.005985 
0.240725 0.024293 0.724897 0.006274 0.018803 0.008728 1.724861 0.007034 
0.009512 0.525683 0.779280 0.011402 0.007576 0.008091 1.888987 0.007973 
0.014094 0.023189 1.636423 0.023248 0.007741 0.020648 2.042224 0.005223 
0.263016 0.006567 0.007229 1.029377 0.009870 0.012069 1.895743 0.007613 
0.008441 0.473687 0.012143 0.945017 0.012382 0.007587 1.751310 0.013369 
0.005752 0.008746 0.741802 0.987849 0.022092 0.006456 1.818569 0.007284 
0.013125 0.020700 0.015273 2.283484 0.008033 0.022905 2.017026 0.006398 
0.253259 0.007485 0.007594 0.009845 1.274166 0.011755 1.837581 0.011423 
0.006214 0.501956 0.007706 0.008073 1.257545 0.006195 1.814936 0.011487 
0.007040 0.014095 0.735874 0.006188 1.258951 0.004652 1.810719 0.006199 
0.007357 0.008689 0.015137 0.942750 1.196449 0.010614 1.697389 0.007386 
0.007768 0.009960 0.014542 0.006036 3.222518 0.007449 2.299609 0.013346 
0.210748 0.020907 0.005487 0.037773 0.042282 1.311890 1.515918 0.005090 
0.013479 0.396376 0.013548 0.036737 0.029510 1.259103 1.464150 0.014740 
0.009889 0.013081 0.629242 0.031139 0.039419 1.305017 1.498396 0.007044 
0.007204 0.008692 0.007688 0.935249 0.042204 1.396164 1.652332 0.012198 
0.010917 0.019406 0.022339 0.034349 1.008365 1.263377 1.436883 0.004281 
0.011736 0.016913 0.036067 0.019637 0.033031 3.311886 1.976682 0.009520 
0.264580 0.017725 0.006420 0.049344 0.038517 0.072107 3.776450 0.014255 
0.011979 0.542110 0.014824 0.045373 0.028889 0.015879 3.926130 0.006742 
0.010690 0.015469 0.812209 0.029974 0.010641 0.087719 3.833264 0.014014 
0.010023 0.013019 0.033086 0.990134 0.051529 0.079789 3.651261 0.006757 
0.017768 0.028707 0.046472 0.050386 1.121695 0.039601 3.210302 0.004759 
0.014909 0.035114 0.046963 0.047933 0.030567 1.403528 3.217909 0.013834 
0.003771 0.003621 0.003856 0.003631 0.003621 0.003621 13.709149 0.004043 
0.998806 0.004794 0.021253 0.034342 0.006904 0.009503 0.004725 4.156005 
0.366357 0.723284 0.005097 0.030390 0.182843 0.025486 0.019354 3.031082 
0.009777 1.724873 0.033286 0.035293 0.004395 0.010283 0.012615 3.545856 
0.385511 0.036442 1.117707 0.023930 0.025042 0.006930 0.040284 3.158404 
0.022522 0.752023 1.144494 0.035843 0.009927 0.007158 0.044408 3.180470 
0.010167 0.014874 2.544603 0.033695 0.006131 0.048588 0.013948 3.560788 
0.368101 0.006353 0.004290 1.487328 0.004361 0.013051 0.004323 3.190339 
0.013026 0.741715 0.010295 1.431060 0.010318 0.016681 0.011741 3.223184 
0.015567 0.022589 1.067432 1.413528 0.108849 0.016710 0.037913 3.015056 
0.014706 0.019298 0.041507 3.237559 0.005322 0.012109 0.018668 3.440934 
0.360040 0.014363 0.021073 0.048579 1.879859 0.031140 0.044133 2.925174 
0.008597 0.752138 0.019252 0.013783 1.927902 0.045054 0.117160 2.994300 
0.019414 0.024361 1.120894 0.020230 1.788296 0.051308 0.124565 2.997734 
0.011420 0.017053 0.025300 1.495902 1.880713 0.030087 0.050428 3.033146 
0.006721 0.008197 0.008746 0.041844 4.593014 0.022206 0.016329 3.760920 
0.381456 0.021928 0.030971 0.054178 0.034498 2.355040 0.036867 3.273499 
0.008475 0.759595 0.103946 0.005342 0.027803 2.332405 0.010340 3.153812 
0.017336 0.016858 0.875595 0.059538 0.064313 1.831771 0.124772 2.197201 
0.013784 0.021979 0.010910 1.520259 0.024699 2.355681 0.027133 3.263765 
0.014955 0.031630 0.035651 0.052892 1.622772 2.046186 0.028045 2.866421 
0.015261 0.021869 0.015369 0.057179 0.006418 5.043956 0.018393 3.401413 
0.386182 0.014772 0.016790 0.016313 0.075028 0.013477 2.764825 2.973361 
0.013044 0.759806 0.024329 0.031894 0.079443 0.019702 2.805056 3.018431 
0.011069 0.017040 1.118313 0.015675 0.074128 0.013503 2.748617 2.973371 
0.013911 0.021933 0.011244 1.467191 0.073366 0.016462 2.625430 3.032851 
0.019060 0.030382 0.060008 0.114089 1.233492 0.129735 1.787187 2.093125 
0.025556 0.044135 0.063977 0.100978 0.148047 1.335246 1.578737 1.427622 
0.038830 0.072186 0.119244 0.122261 0.076523 0.122147 3.214186 1.625525 
0.209621 0.081405 0.076054 0.119224 0.122577 0.147013 0.183496 3.444647 
0.030913 0.460115 0.073919 0.117187 0.120547 0.145171 0.181620 3.508703 
0.028863 0.052083 0.684737 0.099055 0.123713 0.146821 0.258065 3.887354 
0.009153 0.006202 0.017254 2.840500 0.157276 0.188365 0.224554 11.983947 
0.009598 0.014107 0.005512 0.016797 3.413904 0.144530 0.020682 11.219320 
0.011446 0.014495 0.038677 0.056868 0.006729 4.157378 0.018575 11.101450 
0.033883 0.063526 0.081927 0.077202 0.173661 0.085687 1.665671 3.286607 
0.004173 0.004177 0.004170 0.004228 0.004174 0.004291 0.004381 15.840122 
0.318971 0.072001 0.101658 0.138045 0.181399 0.240876 0.263152 0.218924 
0.158299 0.310265 0.093942 0.160509 0.173529 0.199768 0.244879 0.284944 
0.043194 0.647848 0.093993 0.163273 0.176215 0.199081 0.252618 0.274153 
0.162368 0.068552 0.477373 0.139160 0.174403 0.210548 0.258001 0.208754 
0.035023 0.317198 0.491205 0.126370 0.175446 0.219126 0.241028 0.238089 
0.039546 0.073204 0.962580 0.165992 0.203497 0.216806 0.253239 0.339742 
0.179059 0.070846 0.097983 0.704957 0.178022 0.202700 0.280358 0.217296 
0.030779 0.342166 0.093224 0.695296 0.168801 0.193459 0.271052 0.239982 
0.050639 0.079067 0.505443 0.714077 0.184831 0.206774 0.273068 0.254381 
0.046006 0.077890 0.108971 1.271414 0.143350 0.222804 0.270427 0.280119 
0.171052 0.071505 0.077359 0.138748 0.869265 0.198356 0.253894 0.248992 
0.040321 0.369570 0.126153 0.118643 0.926232 0.214865 0.250433 0.224972 
0.039738 0.070554 0.484383 0.133245 0.805934 0.199141 0.250668 0.231658 
0.058153 0.065446 0.147498 0.766239 0.991988 0.248493 0.270394 0.267455 
0.042028 0.069974 0.095543 0.148126 1.632289 0.220410 0.302163 0.245209 
0.168807 0.064342 0.085423 0.134650 0.187144 1.034626 0.260464 0.244065 
0.034564 0.376599 0.115227 0.150134 0.174257 1.058017 0.274273 0.287278 
0.036887 0.065682 0.502099 0.141660 0.161806 1.019940 0.268158 0.233490 
0.036424 0.062359 0.111175 0.658175 0.157842 1.027990 0.252050 0.222422 
0.037885 0.067235 0.095156 0.136048 0.824926 1.016333 0.251769 0.272841 
0.041105 0.081060 0.103934 0.156661 0.222980 1.935192 0.242145 0.225858 
0.170911 0.086248 0.093883 0.130500 0.171916 0.249094 1.187024 0.283144 
0.039663 0.321408 0.117506 0.130548 0.151197 0.179240 1.180524 0.205886 
0.037347 0.065905 0.499632 0.140030 0.188543 0.194180 1.227918 0.227153 
0.041288 0.076935 0.107667 0.625706 0.180927 0.165940 1.159527 0.232074 
0.040831 0.065232 0.124516 0.114179 0.918399 0.175942 1.386067 0.316699 
0.032512 0.056639 0.102083 0.142824 0.189709 1.020398 1.275096 0.223955 
0.039257 0.071018 0.111949 0.154932 0.164209 0.274410 2.380762 0.248424 
0.208845 0.081749 0.139659 0.192197 0.258529 0.247711 0.249581 1.608677 
0.045464 0.346383 0.136607 0.185176 0.311144 0.297186 0.258875 1.364389 
0.053718 0.088110 0.581195 0.184833 0.242109 0.228726 0.296321 1.592183 
0.059154 0.095005 0.123756 0.847951 0.167350 0.278117 0.313893 1.591535 
0.054207 0.096984 0.141721 0.200344 0.937048 0.208694 0.321546 1.453410 
0.043330 0.080775 0.115774 0.181202 0.241926 1.231444 0.417605 1.387971 
0.050626 0.098207 0.180002 0.163126 0.259038 0.174074 1.711091 1.883452 
0.053756 0.089820 0.163761 0.213777 0.273307 0.217007 0.251481 3.530082 
