2.051152 0.051197 0.052775 0.053628 0.052125 0.051803 0.051500 0.052221 
1.838712 1.856533 0.053540 0.053904 0.053901 0.053713 0.054237 0.053984 
0.946540 3.625930 0.057078 0.050978 0.051140 0.051133 0.051098 0.051475 
0.051235 4.051064 0.053194 0.051283 0.051887 0.057760 0.055778 0.052033 
1.840286 0.051707 2.736355 0.052133 0.053662 0.051943 0.052397 0.052227 
1.206418 2.362105 3.524631 0.053915 0.054481 0.054149 0.054454 0.055203 
0.053054 3.625786 2.744724 0.051893 0.054178 0.051706 0.055170 0.052355 
0.943335 0.052276 5.423389 0.052372 0.054783 0.053044 0.054342 0.053783 
0.053277 1.843525 5.418700 0.062084 0.055255 0.055290 0.063928 0.055501 
0.050406 0.051260 6.050352 0.059883 0.050419 0.056247 0.058355 0.051555 
1.839864 0.050259 0.051798 3.621601 0.051397 0.050870 0.054529 0.053353 
1.206567 2.362801 0.053493 4.668733 0.052934 0.053096 0.056302 0.053976 
0.053985 3.632718 0.055335 3.624811 0.054608 0.054081 0.057740 0.056564 
1.204782 0.055005 3.528657 4.660978 0.051930 0.056004 0.054391 0.056162 
0.051936 2.363464 3.514247 4.668556 0.053846 0.052225 0.056046 0.054910 
0.049453 0.050302 5.415985 3.627235 0.050262 0.055341 0.057467 0.050681 
0.946554 0.054972 0.053602 7.208850 0.053180 0.053350 0.060875 0.060848 
0.052688 1.846073 0.053570 7.203414 0.056547 0.059335 0.057295 0.052819 
0.050378 0.050477 2.754850 7.191596 0.053272 0.051463 0.053556 0.050588 
0.050710 0.050711 0.050745 8.050710 0.051888 0.051573 0.054001 0.051166 
1.840041 0.053144 0.054461 0.052922 4.538663 0.058454 0.061370 0.054077 
1.206863 2.361902 0.052824 0.053598 5.829919 0.053366 0.056169 0.054301 
0.051875 3.632526 0.053198 0.051642 4.505508 0.052826 0.051499 0.052599 
1.205472 0.053798 3.524469 0.053762 5.828920 0.054325 0.055961 0.061713 
0.054890 2.361743 3.524077 0.056154 5.822576 0.066911 0.054204 0.056766 
0.051505 0.052119 5.418710 0.051256 4.518654 0.052077 0.073268 0.051639 
1.205130 0.057117 0.057187 4.692296 5.839372 0.059249 0.065309 0.058083 
0.056059 2.371708 0.053002 4.656958 5.816161 0.051965 0.055125 0.059774 
0.051711 0.051670 3.519513 4.649273 5.845315 0.052766 0.052544 0.052435 
0.050380 0.050360 0.052441 7.200954 4.534529 0.051218 0.050794 0.052143 
0.946018 0.050559 0.053673 0.053175 8.991874 0.054396 0.054785 0.053149 
0.051035 1.842310 0.051912 0.051038 8.992103 0.057645 0.055672 0.059501 
0.050768 0.050952 2.736687 0.050887 8.992840 0.052152 0.053683 0.052023 
0.051069 0.050590 0.050706 3.631795 8.992650 0.054702 0.058801 0.052287 
0.050077 0.050117 0.050077 0.051870 10.050076 0.051151 0.054620 0.051063 
1.840521 0.051946 0.052981 0.051512 0.052417 5.414949 0.051741 0.054606 
1.207245 2.365263 0.054791 0.053446 0.054618 6.975409 0.053043 0.054336 
0.053360 3.626623 0.052292 0.053315 0.053573 5.431081 0.051363 0.060434 
1.202971 0.055730 3.535260 0.054336 0.053477 6.970528 0.055906 0.052966 
0.053137 2.364036 3.516889 0.053178 0.053691 6.975137 0.063432 0.062375 
0.051694 0.053045 5.422263 0.051817 0.054080 5.402171 0.051781 0.061345 
1.207867 0.052450 0.054382 4.670065 0.053150 6.977910 0.052428 0.055550 
0.051315 2.359700 0.055100 4.664730 0.051873 6.988420 0.055237 0.060564 
0.052657 0.059535 3.517378 4.668552 0.054995 6.983853 0.056656 0.057840 
0.051006 0.051019 0.051015 7.204606 0.052839 5.423016 0.054491 0.051939 
1.207855 0.055703 0.055518 0.054026 5.833113 6.969885 0.056126 0.054050 
0.053770 2.365110 0.051820 0.051721 5.827168 6.962810 0.065081 0.059851 
0.052218 0.052683 3.516813 0.052459 5.823402 6.982064 0.069419 0.053353 
0.050945 0.050972 0.050999 4.674183 5.824425 6.972412 0.059555 0.059235 
0.050470 0.050469 0.050850 0.052173 8.993659 5.419622 0.053653 0.059761 
0.944424 0.051378 0.051781 0.052187 0.051528 10.787640 0.057107 0.060683 
0.054340 1.845599 0.054930 0.054657 0.054693 10.783681 0.054654 0.055324 
0.051688 0.051484 2.732773 0.051901 0.051981 10.786601 0.052219 0.052647 
0.050860 0.050786 0.055225 3.625914 0.051137 10.785843 0.051642 0.052710 
0.050286 0.050287 0.050287 0.057736 4.516660 10.786860 0.050560 0.053352 
0.050241 0.050298 0.050239 0.052392 0.050651 12.050236 0.054477 0.050798 
1.839379 0.051597 0.056665 0.051499 0.051140 0.051218 6.314565 0.052043 
1.207377 2.372231 0.055788 0.054381 0.054912 0.055272 8.115290 0.055192 
0.054113 3.638233 0.055379 0.054397 0.055206 0.053738 6.264994 0.062468 
1.203069 0.051852 3.536090 0.052308 0.052406 0.052738 8.110260 0.051868 
0.050658 2.364142 3.518840 0.056245 0.057980 0.050812 8.109151 0.059719 
0.053057 0.053184 5.425765 0.055194 0.053814 0.053324 6.285232 0.061082 
1.209842 0.051735 0.055064 4.669040 0.052147 0.061048 8.107855 0.052502 
0.056650 2.373291 0.056946 4.686451 0.057411 0.056637 8.092114 0.065878 
0.053444 0.055175 3.531790 4.663642 0.055608 0.062423 8.118043 0.054647 
0.052235 0.052228 0.053482 7.201495 0.052238 0.055856 6.334693 0.053210 
1.207431 0.052596 0.050014 0.050784 5.820529 0.050011 8.114538 0.058283 
0.051999 2.366460 0.050936 0.051469 5.821769 0.051253 8.115778 0.059522 
0.051005 0.050453 3.532573 0.050664 5.818549 0.051401 8.098517 0.058546 
0.049977 0.049933 0.049931 4.680429 5.833624 0.053217 8.097981 0.057368 
0.050272 0.050272 0.050272 0.050298 9.005294 0.050957 6.281068 0.057689 
1.206738 0.050748 0.051055 0.050664 0.052700 6.993470 8.102536 0.051058 
0.056895 2.364343 0.054761 0.054370 0.054416 6.990220 8.123661 0.054711 
0.050321 0.052153 3.522626 0.051592 0.050794 6.973484 8.119924 0.055050 
0.053520 0.054803 0.055401 4.674617 0.053563 6.982203 8.131794 0.056722 
0.051502 0.051507 0.051786 0.051873 5.829129 6.997344 8.107978 0.060781 
0.051469 0.051470 0.051474 0.053422 0.051557 10.789183 6.301739 0.060810 
0.946785 0.050805 0.054007 0.053601 0.050702 0.052489 12.566850 0.052012 
0.052671 1.846171 0.053006 0.054922 0.052515 0.053963 12.564981 0.061167 
0.053319 0.055739 2.754185 0.054640 0.054203 0.056976 12.554641 0.057932 
0.050080 0.051476 0.050076 3.640847 0.050200 0.050413 12.560599 0.051557 
0.051600 0.051654 0.051545 0.051852 4.540046 0.052025 12.562044 0.056671 
0.050062 0.049750 0.049773 0.049821 0.050027 5.441932 12.556738 0.051278 
0.049507 0.049484 0.049481 0.049705 0.049487 0.049478 14.049477 0.049683 
1.839997 0.050910 0.052015 0.050305 0.050904 0.051207 0.052341 7.188997 
1.204421 2.367231 0.052791 0.052097 0.052454 0.052490 0.051578 9.277122 
0.051238 3.630918 0.052040 0.051200 0.052793 0.051502 0.051111 7.189512 
1.202867 0.050527 3.537357 0.050063 0.050098 0.050566 0.056582 9.240631 
0.056012 2.357095 3.538797 0.051600 0.051544 0.052005 0.057913 9.242072 
0.053415 0.051397 5.420860 0.051417 0.052352 0.052347 0.071373 7.190161 
1.208518 0.056056 0.056550 4.687487 0.060173 0.056200 0.066362 9.280247 
0.052490 2.360559 0.054216 4.665581 0.053424 0.051954 0.052024 9.302107 
0.052156 0.054182 3.520549 4.657818 0.054610 0.051615 0.069949 9.300891 
0.049999 0.052399 0.049953 7.207522 0.050847 0.055935 0.054221 7.196739 
1.209730 0.052478 0.053023 0.052550 5.820864 0.053909 0.062975 9.277170 
0.052810 2.366075 0.051708 0.058434 5.819698 0.052126 0.051457 9.276130 
0.052449 0.051787 3.514599 0.051819 5.831885 0.052635 0.058259 9.281676 
0.051359 0.051359 0.054039 4.674816 5.843050 0.051971 0.060100 9.250413 
0.050436 0.050434 0.050437 0.050741 9.001289 0.051246 0.054227 7.184745 
1.206422 0.053583 0.055510 0.053170 0.053689 6.987180 0.063875 9.293078 
0.051302 2.364190 0.052154 0.051696 0.051771 7.003781 0.051576 9.241827 
0.053207 0.052210 3.514301 0.054176 0.057106 6.990828 0.052392 9.281190 
0.051665 0.051686 0.053522 4.665846 0.053239 6.989540 0.051839 9.285599 
0.052574 0.055338 0.052525 0.052571 5.834591 6.994274 0.052648 9.258260 
0.050480 0.050471 0.051585 0.050472 0.050471 10.791446 0.051402 7.184920 
1.211835 0.052132 0.053296 0.052215 0.052090 0.052227 8.090974 9.297648 
0.051719 2.365503 0.052408 0.055680 0.052622 0.051819 8.110559 9.298765 
0.052460 0.053335 3.522302 0.052534 0.057448 0.055234 8.114751 9.298252 
0.050677 0.052255 0.050677 4.697290 0.051887 0.051096 8.071489 9.303118 
0.051250 0.051306 0.051291 0.051390 5.840405 0.051595 8.122016 9.277614 
0.050781 0.050774 0.050774 0.052120 0.050774 6.985837 8.120746 9.293991 
0.048753 0.048759 0.049027 0.048753 0.049211 0.049303 12.564879 7.217537 
0.946922 0.053929 0.052617 0.052763 0.051912 0.051836 0.051832 14.359240 
0.053432 1.840707 0.056409 0.051236 0.052359 0.063286 0.051192 14.360540 
0.050046 0.049998 2.741440 0.050095 0.051296 0.050563 0.050273 14.349932 
0.050214 0.050207 0.051390 3.628988 0.051433 0.055070 0.050294 14.359967 
0.049216 0.049216 0.050856 0.049216 4.534681 0.049752 0.050503 14.349367 
0.052145 0.051921 0.051908 0.051905 0.051906 5.423605 0.055275 14.359313 
0.050866 0.050866 0.050865 0.050865 0.056114 0.054111 6.318924 14.357655 
0.050078 0.049532 0.049539 0.049557 0.052257 0.050397 0.049537 16.049531 
1.968651 0.629813 0.746057 0.877728 1.161818 1.116672 1.552610 2.009408 
1.387427 2.735233 0.848558 1.097238 1.377396 1.646202 1.873307 2.225653 
0.349532 3.907123 0.774671 0.906118 1.189723 1.144654 1.579756 2.248443 
1.389829 0.605185 4.075793 1.095779 1.389550 1.610270 1.912525 2.037109 
0.313494 2.730008 4.108993 1.108953 1.399006 1.670613 1.925851 2.199815 
0.267704 0.475063 5.832689 0.909750 1.114777 1.366492 1.504429 1.685663 
1.393205 0.565584 0.848979 5.403474 1.360037 1.658169 1.909974 2.053030 
0.308286 2.745082 0.849812 5.412895 1.366260 1.642661 1.918986 2.020535 
0.317924 0.589749 4.083639 5.403397 1.393587 1.668242 1.880943 2.140062 
0.260773 0.474218 0.706255 7.735083 1.137441 1.308103 1.516653 1.792871 
1.405023 0.575776 0.792817 1.108600 6.798201 1.673635 1.922066 2.225033 
0.298398 2.727630 0.837843 1.097384 6.772538 1.658576 1.913362 2.211477 
0.296958 0.579591 4.086036 1.037702 6.781603 1.650266 1.863900 2.162754 
0.316429 0.587995 0.858020 5.440712 6.801508 1.688927 1.942216 2.161353 
0.253391 0.465563 0.640487 0.871174 9.694921 1.364188 1.551929 1.862534 
1.393831 0.585447 0.857874 1.107422 1.359468 8.102182 1.928324 2.163529 
0.321694 2.742332 0.867798 1.117494 1.369753 8.118749 1.938799 2.174004 
0.321175 0.579390 4.084315 1.103498 1.366617 8.108845 1.914140 2.198101 
0.309652 0.582559 0.870609 5.398993 1.366433 8.098650 1.906841 2.166390 
0.317522 0.568920 0.848464 1.126919 6.762471 8.144205 1.948811 2.114419 
0.260302 0.456494 0.702835 0.913515 1.117026 11.587770 1.568577 1.856434 
1.397306 0.566226 0.845165 1.126581 1.309495 1.652892 9.449528 2.140873 
0.319362 2.737762 0.859124 1.131335 1.390776 1.670025 9.449594 2.139023 
0.317430 0.591064 4.089859 1.125516 1.337119 1.684919 9.395786 2.196914 
0.309758 0.590122 0.874391 5.440925 1.435566 1.676218 9.405638 2.195422 
0.312418 0.579208 0.829504 1.092580 6.786978 1.673580 9.427795 2.175045 
0.322403 0.598906 0.856440 1.126194 1.384907 8.151863 9.412634 2.141387 
0.264189 0.479543 0.692156 0.916595 1.105809 1.303850 13.509991 1.732149 
1.388865 0.611339 0.838219 1.104504 1.357547 1.614846 1.921355 10.766138 
0.316609 2.730065 0.847221 1.115824 1.385340 1.622670 1.923683 10.768465 
0.316295 0.587679 4.055343 1.114032 1.413424 1.703437 1.951712 10.765595 
0.305640 0.571483 0.832235 5.439472 1.351082 1.641843 1.931777 10.751777 
0.318179 0.598983 0.858060 1.143977 6.778983 1.705486 1.903642 10.795892 
0.317054 0.582112 0.816865 1.150099 1.391439 8.083963 1.887938 10.799131 
0.305704 0.585590 0.866749 1.167180 1.371100 1.676035 9.435007 10.811800 
0.262487 0.473680 0.680255 0.928626 1.104466 1.275100 1.592126 15.423844 
