2.012141 0.012224 0.013893 0.013165 0.013078 
1.977811 0.772801 0.014189 0.015144 0.016187 
1.802935 1.807554 0.016758 0.016030 0.015943 
1.430028 2.850490 0.018117 0.018938 0.018699 
0.895533 3.601822 0.012711 0.014047 0.017408 
0.403391 3.938311 0.016405 0.016398 0.015550 
0.014575 4.011678 0.014338 0.023275 0.016361 
1.976316 0.013158 1.154829 0.014235 0.018028 
1.908970 0.958175 1.422471 0.022273 0.021746 
1.624612 2.148583 1.650638 0.022393 0.022720 
1.076286 3.245757 1.633987 0.027706 0.026707 
0.477421 3.791601 1.420145 0.015058 0.015259 
0.016508 3.940405 1.154269 0.013958 0.016037 
1.804870 0.016784 2.704569 0.020258 0.029282 
1.613498 1.086686 3.268914 0.020222 0.023766 
1.165053 2.329444 3.480895 0.015181 0.035586 
0.546674 3.223308 3.259086 0.022618 0.024567 
0.020275 3.588614 2.720818 0.018400 0.019511 
1.420505 0.022628 4.301216 0.022062 0.028188 
1.095278 1.084754 4.844863 0.029994 0.027814 
0.537058 2.167762 4.842189 0.023007 0.021964 
0.020601 2.840779 4.270612 0.025276 0.021526 
0.897850 0.013774 5.395417 0.014185 0.018410 
0.470834 0.938184 5.684321 0.012861 0.012777 
0.019220 1.800651 5.387932 0.043256 0.018231 
0.404568 0.012609 5.896244 0.013274 0.016142 
0.016894 0.799135 5.898852 0.016068 0.017221 
0.015104 0.012530 6.012512 0.024719 0.017689 
1.971996 0.011649 0.012455 1.577720 0.011674 
1.910261 0.962692 0.024030 1.907659 0.025740 
1.619905 2.162197 0.020823 2.193698 0.020832 
1.086975 3.238046 0.028652 2.179043 0.025670 
0.485739 3.785696 0.018313 1.917013 0.018081 
0.015006 3.935240 0.015786 1.571650 0.027251 
1.901607 0.015991 1.425949 1.907123 0.017759 
1.759072 1.173821 1.748896 2.327759 0.026640 
1.274215 2.553111 1.937851 2.563373 0.019103 
0.588538 3.488127 1.737996 2.367176 0.021667 
0.020713 3.784556 1.421750 1.940572 0.018520 
1.622725 0.023504 3.237204 2.190938 0.033684 
1.301295 1.282088 3.859212 2.425572 0.039728 
0.633517 2.544634 3.891804 2.548362 0.034777 
0.016739 3.221305 3.250056 2.076151 0.041712 
1.079559 0.018765 4.849358 2.136709 0.023471 
0.593947 1.162899 5.218699 2.352735 0.024330 
0.015639 2.158213 4.821431 2.141757 0.015772 
0.483193 0.021222 5.682864 1.918492 0.041407 
0.016626 0.965153 5.671577 1.889916 0.017658 
0.021357 0.028814 5.904143 1.593276 0.023562 
1.801524 0.016990 0.016849 3.626350 0.016971 
1.628248 1.034455 0.025722 4.362922 0.026504 
1.168865 2.327546 0.017159 4.644697 0.023049 
0.554242 3.203599 0.018256 4.355812 0.039038 
0.015563 3.587395 0.016305 3.603610 0.013907 
1.609643 0.017048 1.619437 4.316686 0.013026 
1.278166 1.288662 1.895655 5.105946 0.023066 
0.640906 2.554886 1.943793 5.130782 0.031147 
0.024668 3.208642 1.608437 4.364362 0.042506 
1.164399 0.021862 3.479519 4.690873 0.022002 
0.620433 1.313819 3.895160 4.996145 0.020158 
0.020368 2.297953 3.512583 4.652533 0.028382 
0.540637 0.033353 4.827948 4.352096 0.047413 
0.018439 1.059750 4.839810 4.296148 0.017891 
0.021411 0.024025 5.392332 3.582457 0.021585 
1.412826 0.015741 0.016235 5.728526 0.014339 
1.081352 1.093364 0.018314 6.439912 0.020199 
0.539266 2.141201 0.026068 6.498197 0.035721 
0.018171 2.817678 0.017470 5.724483 0.025315 
1.083085 0.029008 1.608897 6.492977 0.030555 
0.598864 1.174802 1.752661 6.965072 0.025775 
0.015568 2.100234 1.600992 6.499835 0.018061 
0.556728 0.011733 3.230414 6.401301 0.016421 
0.011011 1.071695 3.257273 6.395074 0.010999 
0.014692 0.020668 4.236014 5.698406 0.030026 
0.907060 0.016671 0.027706 7.180099 0.029174 
0.480813 0.954160 0.017628 7.569197 0.018461 
0.017795 1.811740 0.017090 7.164730 0.018025 
0.479468 0.021207 1.409923 7.583554 0.022964 
0.020792 0.951853 1.407789 7.576119 0.025007 
0.014084 0.016893 2.695146 7.170758 0.015708 
0.408404 0.019259 0.027870 7.860605 0.021506 
0.013697 0.797860 0.014105 7.857677 0.018578 
0.019072 0.022837 1.199884 7.861839 0.053056 
0.015038 0.016000 0.015265 8.015015 0.025062 
1.975477 0.018403 0.014630 0.015305 1.975950 
1.901761 0.955440 0.016638 0.016550 2.328969 
1.614161 2.190059 0.023404 0.023678 2.665553 
1.070916 3.233278 0.013485 0.012744 2.634664 
0.488364 3.799257 0.025057 0.025713 2.384433 
0.017362 3.937599 0.018200 0.015298 1.962396 
1.904055 0.018151 1.425019 0.020038 2.372016 
1.750204 1.166722 1.739479 0.016245 2.880120 
1.286024 2.558430 1.934982 0.029950 3.019130 
0.596570 3.504742 1.749365 0.029733 2.861062 
0.018621 3.782526 1.442310 0.015008 2.374900 
1.606572 0.014944 3.276193 0.016066 2.670912 
1.278508 1.291707 3.820024 0.022838 3.176672 
0.625054 2.553739 3.869219 0.021662 3.130555 
0.019283 3.226750 3.222911 0.017988 2.673606 
1.075988 0.015455 4.844858 0.016009 2.671652 
0.586619 1.162563 5.216729 0.012685 2.881179 
0.016189 2.145650 4.834172 0.013589 2.666224 
0.478714 0.015981 5.684913 0.016630 2.335004 
0.020035 0.938422 5.688950 0.020111 2.346334 
0.014776 0.018667 5.899809 0.015841 1.962924 
1.906139 0.019771 0.019672 1.888342 2.373641 
1.746708 1.166511 0.023249 2.368120 2.921801 
1.291381 2.560572 0.034742 2.548082 3.299166 
0.584144 3.490389 0.016228 2.330762 2.863421 
0.027339 3.794102 0.024591 1.902412 2.403852 
1.751476 0.021541 1.752026 2.328912 2.943740 
1.438732 1.447634 2.137720 2.896317 3.604503 
0.721982 2.862646 2.138181 2.902488 3.525091 
0.022823 3.488789 1.746154 2.321646 2.892487 
1.276149 0.014339 3.834025 2.529510 3.142127 
0.742923 1.465519 4.216759 2.828457 3.612622 
0.021958 2.543619 3.839650 2.535167 3.148544 
0.586890 0.018107 5.234440 2.310780 2.865943 
0.016013 1.154720 5.226600 2.304588 2.887476 
0.016955 0.034554 5.678083 1.862951 2.368055 
1.613278 0.018158 0.020677 4.351671 2.670462 
1.279950 1.291687 0.022975 5.120441 3.138694 
0.653267 2.532045 0.023235 5.148100 3.133380 
0.017680 3.224407 0.018315 4.301750 2.643964 
1.270835 0.023750 1.924371 5.158218 3.167217 
0.704545 1.398888 2.102048 5.786944 3.529282 
0.019979 2.515282 1.916762 5.148520 3.161649 
0.640591 0.020197 3.833872 5.086707 3.135366 
0.018439 1.262768 3.833441 5.086276 3.134935 
0.014266 0.029226 4.783780 4.365266 2.682409 
1.080178 0.022502 0.021324 6.457407 2.711937 
0.591810 1.160034 0.028383 6.981414 2.946634 
0.021323 2.148964 0.020709 6.448866 2.681356 
0.590259 0.022653 1.748164 6.989418 2.816242 
0.013528 1.179492 1.746909 6.937683 2.876695 
0.022896 0.025424 3.265902 6.400161 2.710180 
0.467734 0.022382 0.021826 7.586114 2.393463 
0.017258 0.952628 0.019423 7.580308 2.282053 
0.011220 0.017473 1.434811 7.564780 2.292788 
0.012923 0.013054 0.012766 7.864095 1.929876 
1.809331 0.021527 0.021736 0.022328 4.503494 
1.621533 1.084958 0.027143 0.027778 5.451772 
1.161794 2.343928 0.014809 0.015635 5.777201 
0.545494 3.231909 0.022710 0.020690 5.366221 
0.018684 3.595856 0.015881 0.015230 4.467169 
1.621635 0.020553 1.636483 0.020270 5.359626 
1.283262 1.267134 1.944065 0.025319 6.386531 
0.629936 2.547285 1.906600 0.017648 6.369065 
0.015713 3.226502 1.632833 0.015036 5.318867 
1.167653 0.017160 3.484154 0.015471 5.787620 
0.648666 1.273322 3.788537 0.017402 6.335685 
0.021429 2.349748 3.470685 0.025885 5.761705 
0.544523 0.016004 4.833496 0.016058 5.356112 
0.015811 1.087035 4.835175 0.017101 5.331269 
0.013782 0.013919 5.389812 0.013921 4.454171 
1.623927 0.021026 0.024010 2.189756 5.350826 
1.283532 1.273147 0.012784 2.519096 6.321865 
0.643012 2.554123 0.016818 2.568485 6.318377 
0.022874 3.230542 0.020790 2.165628 5.350432 
1.280337 0.019126 1.938042 2.553756 6.340986 
0.713653 1.419376 2.138961 2.897541 7.150316 
0.020933 2.537096 1.912585 2.612733 6.308564 
0.630415 0.020460 3.847891 2.571311 6.331896 
0.019540 1.289364 3.823302 2.541607 6.310798 
0.016957 0.021580 4.834302 2.150065 5.346317 
1.170083 0.028024 0.028003 4.696436 5.793252 
0.640310 1.281219 0.024034 5.150705 6.309310 
0.024816 2.342320 0.025619 4.603968 5.819137 
0.641996 0.029938 1.883945 5.160358 6.350991 
0.021001 1.261055 1.870880 5.136254 6.341081 
0.020819 0.025740 3.496973 4.701218 5.693859 
0.552807 0.027670 0.017458 6.511686 5.203496 
0.024608 1.072171 0.024781 6.459892 5.353758 
0.021656 0.037466 1.643182 6.463155 5.297140 
0.011930 0.017430 0.024824 7.160492 4.500645 
1.445104 0.021048 0.024899 0.021534 7.042345 
1.089045 1.091674 0.025641 0.025255 8.059048 
0.548698 2.162369 0.023230 0.023502 8.053754 
0.021170 2.848055 0.019189 0.022891 7.087929 
1.083186 0.047678 1.635814 0.015426 8.024521 
0.596214 1.182497 1.769625 0.031095 8.652476 
0.016358 2.149751 1.633726 0.026820 8.022440 
0.542991 0.014838 3.237169 0.016069 8.023493 
0.017303 1.067269 3.227412 0.016906 8.045398 
0.015204 0.015644 4.263415 0.015458 7.075746 
1.085704 0.017140 0.018426 2.172827 8.027986 
0.589517 1.179621 0.019989 2.345994 8.680443 
0.021930 2.162896 0.014371 2.167544 8.008318 
0.593253 0.024968 1.742083 2.345687 8.702468 
0.021354 1.164680 1.735130 2.320791 8.695829 
0.021643 0.024645 3.215503 2.152170 8.057113 
0.531429 0.015794 0.015834 4.315495 8.043726 
0.017857 1.065451 0.017072 4.337878 8.014427 
0.020519 0.017920 1.577811 4.349161 8.011546 
0.011595 0.015344 0.021380 5.702087 7.039016 
0.907461 0.017651 0.017068 0.037276 8.971251 
0.488488 0.945117 0.025888 0.026621 9.479393 
0.019621 1.814239 0.020042 0.018298 8.953569 
0.478729 0.019220 1.420711 0.018760 9.465175 
0.014764 0.962744 1.446152 0.015023 9.430764 
0.019847 0.019807 2.731165 0.019835 8.940528 
0.487515 0.018109 0.017748 1.992029 9.418621 
0.019287 0.949796 0.018598 1.976297 9.430882 
0.017592 0.015705 1.432942 1.978371 9.415570 
0.017429 0.025495 0.017314 3.631444 8.938441 
0.415030 0.020432 0.020541 0.022964 9.823318 
0.012482 0.802203 0.012373 0.011983 9.814700 
0.012700 0.014174 1.175587 0.012703 9.823080 
0.017307 0.017085 0.033128 1.609753 9.816226 
0.010989 0.010977 0.011167 0.011014 10.010973 
