1.825046 0.004723 0.004156 0.006666 0.004767 0.004056 0.006080 0.005495 
0.705657 0.696718 0.006246 0.007366 0.009273 0.014971 0.007863 0.007506 
0.374264 1.376563 0.008670 0.017066 0.009421 0.017374 0.007842 0.014161 
0.006595 3.490694 0.005041 0.005063 0.003950 0.003867 0.012596 0.005301 
0.743160 0.007973 1.110556 0.005301 0.005321 0.006659 0.009212 0.005344 
0.284217 0.542239 0.811103 0.005788 0.005950 0.007165 0.009718 0.005850 
0.009994 1.183260 0.976579 0.015895 0.006950 0.022314 0.011788 0.023614 
0.366265 0.006713 2.196209 0.008323 0.007237 0.016408 0.007743 0.008688 
0.006873 0.698049 2.229637 0.008428 0.007472 0.016316 0.009502 0.009773 
0.004753 0.004931 5.527773 0.004429 0.005933 0.005472 0.006457 0.007281 
0.712842 0.005237 0.004971 1.510616 0.009153 0.011675 0.006634 0.008578 
0.243226 0.461770 0.018341 0.998730 0.015415 0.007017 0.022662 0.011060 
0.006520 1.364220 0.005224 1.489503 0.018197 0.005486 0.009487 0.022672 
0.268526 0.007575 0.796414 1.121012 0.007489 0.010889 0.007086 0.008465 
0.008378 0.465720 0.751352 1.053743 0.012172 0.014721 0.005465 0.005147 
0.005015 0.007871 2.173911 1.527228 0.005790 0.006691 0.006154 0.005795 
0.357580 0.007526 0.012009 2.924659 0.004900 0.005503 0.006078 0.006147 
0.011266 0.588376 0.013300 2.607610 0.029110 0.011869 0.005780 0.012566 
0.009679 0.013802 0.956620 2.634613 0.014060 0.005169 0.014551 0.007310 
0.004538 0.005023 0.004541 7.781138 0.004547 0.004881 0.004532 0.004911 
0.739170 0.005051 0.005324 0.008885 1.972291 0.006794 0.005052 0.013631 
0.255265 0.473704 0.006856 0.023084 1.303347 0.015122 0.009029 0.008669 
0.006162 1.452904 0.004788 0.005367 1.993206 0.005032 0.004887 0.007713 
0.239335 0.009499 0.725918 0.025077 1.263624 0.006126 0.010117 0.008094 
0.008686 0.469414 0.731045 0.016659 1.312707 0.006888 0.005259 0.007558 
0.009511 0.013773 1.804748 0.006995 1.576514 0.025007 0.015396 0.006034 
0.246576 0.005583 0.012290 1.012629 1.299576 0.014415 0.007558 0.008315 
0.006065 0.477107 0.010120 1.067418 1.368578 0.006675 0.020001 0.007680 
0.005069 0.005429 0.746842 1.025157 1.301622 0.022026 0.007681 0.018082 
0.006521 0.009300 0.004464 2.664246 1.729989 0.005140 0.011649 0.007863 
0.271844 0.022239 0.024206 0.031009 2.844714 0.017289 0.017248 0.007828 
0.014044 0.536708 0.034426 0.012719 2.990620 0.013931 0.021091 0.005200 
0.008154 0.010834 0.909990 0.028804 3.123234 0.011096 0.017330 0.011243 
0.005432 0.006451 0.005864 1.381417 3.516161 0.006814 0.005819 0.006480 
0.004360 0.004334 0.004334 0.004334 9.911284 0.004425 0.004334 0.004755 
0.541242 0.024091 0.026833 0.011909 0.029250 1.668052 0.024616 0.008583 
0.243575 0.469729 0.011416 0.023201 0.019436 1.428349 0.033908 0.014933 
0.009184 1.381084 0.008196 0.020949 0.008078 2.133057 0.019731 0.014222 
0.228093 0.010281 0.680735 0.017773 0.026993 1.403794 0.013992 0.004353 
0.010403 0.447662 0.714183 0.008887 0.014805 1.488681 0.013451 0.023545 
0.008764 0.011303 1.710061 0.040004 0.035470 1.724434 0.013268 0.008289 
0.256199 0.006663 0.011008 1.016922 0.018479 1.511664 0.010201 0.012547 
0.006816 0.482638 0.012887 1.074139 0.023140 1.512255 0.007868 0.015514 
0.006554 0.007674 0.779247 1.081553 0.005425 1.578308 0.006217 0.008249 
0.004822 0.004498 0.004519 2.948823 0.010094 2.190124 0.010577 0.010938 
0.245260 0.013448 0.016674 0.010363 1.234550 1.432237 0.013827 0.022866 
0.009832 0.435796 0.015590 0.019164 1.267486 1.389462 0.008023 0.012874 
0.008182 0.010933 0.701721 0.010158 1.265788 1.460927 0.009552 0.012198 
0.011172 0.011778 0.023316 0.885730 1.148092 1.306060 0.015696 0.007446 
0.012410 0.020181 0.031232 0.003869 2.936720 1.672469 0.010016 0.010899 
0.336922 0.006215 0.011425 0.036018 0.009522 4.066095 0.007814 0.023730 
0.016205 0.632891 0.016904 0.012701 0.009673 3.964830 0.030613 0.011156 
0.007521 0.009481 1.020185 0.010884 0.008004 4.176278 0.005427 0.051584 
0.007812 0.009930 0.008863 1.362106 0.007306 3.956448 0.004474 0.004195 
0.013426 0.022716 0.032667 0.043774 1.310154 2.922827 0.025069 0.009130 
0.004877 0.005009 0.004692 0.005108 0.004931 11.257517 0.006919 0.007518 
0.643178 0.012241 0.006861 0.021153 0.014238 0.008820 2.314445 0.008837 
0.248456 0.462996 0.025762 0.013324 0.008930 0.004667 1.738563 0.017916 
0.009308 1.222538 0.006907 0.033020 0.015717 0.005506 2.330718 0.005491 
0.232794 0.012254 0.683340 0.021292 0.019272 0.023614 1.591918 0.012401 
0.011388 0.429784 0.672522 0.020555 0.018495 0.030328 1.583744 0.007952 
0.010047 0.014869 1.869610 0.005806 0.009220 0.021302 2.268622 0.005062 
0.237442 0.008611 0.012829 0.923911 0.055476 0.015465 1.635820 0.008663 
0.005194 0.426837 0.010867 0.948105 0.043055 0.031005 1.601809 0.032086 
0.005147 0.010793 0.688176 0.955545 0.040420 0.028030 1.610801 0.007537 
0.006223 0.006674 0.008372 2.773025 0.044977 0.005797 2.314865 0.007980 
0.221093 0.011925 0.027930 0.039763 1.155020 0.034704 1.559874 0.011257 
0.008830 0.454353 0.017119 0.012622 1.252086 0.008593 1.656199 0.008238 
0.007924 0.010578 0.725215 0.011751 1.280134 0.005673 1.733577 0.011454 
0.008615 0.010535 0.018335 0.942709 1.279483 0.006677 1.691461 0.020027 
0.003718 0.003720 0.003750 0.006883 3.947196 0.003784 2.617000 0.017166 
0.220952 0.010960 0.006094 0.015873 0.082863 1.367344 1.577283 0.011630 
0.009591 0.422231 0.013473 0.014617 0.062391 1.358639 1.515947 0.005525 
0.006809 0.008224 0.710144 0.020191 0.009830 1.448646 1.730325 0.007864 
0.009346 0.011830 0.010192 1.025059 0.007271 1.489989 1.736709 0.007063 
0.008571 0.011418 0.009825 0.020202 1.201809 1.366463 1.637024 0.008346 
0.005766 0.005788 0.005771 0.005776 0.005764 4.774870 2.781448 0.008076 
0.286896 0.028367 0.026057 0.018366 0.049114 0.063003 4.079284 0.015877 
0.018104 0.553787 0.029135 0.014455 0.023146 0.013786 4.052264 0.009336 
0.016364 0.021981 0.949928 0.013819 0.013268 0.020853 4.505451 0.015148 
0.011651 0.014090 0.017734 1.201850 0.029172 0.023818 4.077502 0.008020 
0.010993 0.006624 0.013972 0.022626 1.583986 0.018323 4.223219 0.020074 
0.009103 0.010948 0.018216 0.021376 0.042750 1.830336 4.296879 0.007067 
0.004336 0.004744 0.005269 0.003870 0.003922 0.003897 13.116040 0.006164 
0.812319 0.006308 0.022141 0.016232 0.097956 0.025730 0.022163 3.301590 
0.379674 0.697754 0.010259 0.026935 0.010137 0.010703 0.010777 3.190568 
0.010296 1.636179 0.027984 0.015248 0.105192 0.009207 0.022598 3.340930 
0.361283 0.009119 1.140953 0.006009 0.006443 0.006534 0.011527 3.190160 
0.010725 0.700374 1.097236 0.037030 0.011502 0.010602 0.010516 3.194680 
0.009011 0.011733 2.399845 0.016309 0.046718 0.084537 0.015229 3.187406 
0.386839 0.005676 0.006538 1.589984 0.005658 0.006071 0.006469 3.191107 
0.005297 0.710127 0.005605 1.571958 0.005321 0.004890 0.010439 3.184667 
0.005654 0.006189 1.084857 1.476506 0.005696 0.006137 0.009627 3.192940 
0.010654 0.012180 0.012182 3.342400 0.094262 0.037672 0.025924 3.248421 
0.392080 0.006053 0.006052 0.006153 2.081279 0.006592 0.006052 3.190218 
0.006645 0.730252 0.008956 0.006266 1.979802 0.005998 0.006031 3.196537 
0.007976 0.009854 1.158919 0.008242 1.978812 0.007985 0.008007 3.198513 
0.006764 0.006786 0.006746 1.578063 2.032454 0.006761 0.007557 3.206660 
0.019919 0.031713 0.030770 0.005750 4.070701 0.020627 0.004887 3.184786 
0.463321 0.018353 0.035345 0.022404 0.017971 2.576037 0.085885 3.483765 
0.017357 0.765891 0.006028 0.013682 0.121246 2.372132 0.009230 3.008108 
0.004943 0.004984 1.280306 0.030443 0.021022 2.950605 0.009453 3.586016 
0.004787 0.004830 0.004643 1.543241 0.004965 2.380670 0.004771 3.184425 
0.013404 0.022628 0.031688 0.051555 1.804344 2.177097 0.018581 2.701840 
0.010642 0.015555 0.020534 0.026346 0.019343 5.103368 0.020224 3.295881 
0.399129 0.006046 0.021174 0.030156 0.064891 0.016597 2.769354 3.118003 
0.011269 0.681511 0.041795 0.036374 0.032536 0.107860 2.499113 2.740178 
0.012382 0.016568 1.160027 0.034417 0.020852 0.088177 2.652138 3.042412 
0.009134 0.020818 0.017434 1.651325 0.009533 0.104854 2.839336 3.178542 
0.014542 0.022579 0.026466 0.012765 2.058325 0.108140 2.565442 2.740729 
0.010788 0.046535 0.044292 0.101155 0.114305 1.633176 1.953778 1.950025 
0.009869 0.013474 0.018808 0.050476 0.005884 0.079714 5.913967 3.302040 
0.706451 0.056726 0.025073 0.022503 0.014923 0.047837 0.018010 11.923085 
0.020192 1.483961 0.021844 0.019349 0.011979 0.043972 0.020951 12.641607 
0.038105 0.040318 2.188801 0.043311 0.035890 0.156862 0.044891 12.665547 
0.017319 0.022881 0.050471 2.577057 0.019520 0.043225 0.011558 10.939646 
0.015711 0.011343 0.031814 0.028229 3.271255 0.147944 0.008976 10.415876 
0.031355 0.006350 0.006744 0.112616 0.007045 2.880080 0.007118 7.904320 
0.013659 0.019985 0.031291 0.018307 0.009210 0.007452 5.142865 11.711787 
0.007953 0.011188 0.014686 0.020938 0.011674 0.011625 0.005476 14.508230 
0.306289 0.099965 0.095722 0.152733 0.182628 0.219666 0.241703 0.281566 
0.162155 0.310741 0.097446 0.142035 0.180914 0.197248 0.224110 0.260849 
0.040229 0.614257 0.112371 0.159144 0.199437 0.210541 0.254636 0.257593 
0.169105 0.062958 0.510625 0.149188 0.160040 0.208011 0.201602 0.265001 
0.028368 0.298253 0.514123 0.141111 0.215069 0.211692 0.236817 0.285647 
0.040672 0.077949 0.976493 0.151476 0.229707 0.207831 0.238574 0.302029 
0.162573 0.059983 0.115314 0.658393 0.162597 0.203393 0.249340 0.244306 
0.035490 0.297637 0.112559 0.682061 0.165679 0.200372 0.248957 0.247081 
0.036744 0.066152 0.495011 0.660297 0.177849 0.212456 0.248228 0.259032 
0.043285 0.070686 0.104015 1.377018 0.200370 0.243288 0.239205 0.287525 
0.164665 0.065115 0.099193 0.141166 0.868712 0.216205 0.237987 0.235381 
0.039916 0.301854 0.097910 0.140260 0.874363 0.215976 0.215772 0.262539 
0.035201 0.062038 0.495021 0.142811 0.880577 0.199162 0.237201 0.261398 
0.032620 0.053408 0.101960 0.719814 0.897344 0.208195 0.244178 0.258716 
0.042534 0.073308 0.120734 0.159345 1.754895 0.223468 0.245337 0.315628 
0.173203 0.072381 0.103521 0.146258 0.163877 1.056941 0.259570 0.273330 
0.041507 0.340729 0.103897 0.146637 0.164355 1.056845 0.259939 0.273557 
0.039025 0.067299 0.499131 0.132656 0.152272 1.051163 0.252201 0.267242 
0.036865 0.061646 0.112467 0.731239 0.152727 1.050378 0.249577 0.236143 
0.038973 0.061662 0.101208 0.142513 0.949499 1.074739 0.229573 0.286497 
0.042340 0.073746 0.111916 0.163294 0.205966 2.112699 0.249383 0.279886 
0.163449 0.064192 0.100364 0.159290 0.163330 0.233822 1.132442 0.263954 
0.034604 0.340864 0.108972 0.165685 0.161579 0.187361 1.201553 0.263380 
0.040822 0.075168 0.508431 0.135673 0.166525 0.225194 1.216947 0.290426 
0.038616 0.060348 0.099095 0.724290 0.202818 0.186536 1.193302 0.261759 
0.033088 0.062556 0.094552 0.154337 0.922822 0.203619 1.299942 0.259430 
0.027527 0.072077 0.079003 0.150032 0.141549 1.133874 1.543857 0.267528 
0.043440 0.073657 0.116373 0.149877 0.208817 0.239454 2.341254 0.267837 
0.228701 0.096036 0.146816 0.223096 0.220275 0.330330 0.246514 1.710610 
0.040249 0.416193 0.131738 0.197857 0.186535 0.294459 0.452812 1.701651 
0.052538 0.088539 0.681717 0.169876 0.304827 0.203578 0.262234 1.719846 
0.045506 0.078935 0.136414 0.912308 0.280648 0.192909 0.307865 1.630262 
0.050986 0.091122 0.158653 0.254374 0.977318 0.198244 0.244324 1.630514 
0.055051 0.079310 0.162839 0.220744 0.285518 1.375679 0.324584 1.806399 
0.051193 0.080194 0.131626 0.215921 0.275366 0.213884 1.653621 2.021253 
0.054897 0.086397 0.139667 0.184023 0.215164 0.297863 0.307130 3.190665 
