2.015301 0.016635 0.022207 0.016295 0.015396 
1.977785 0.772928 0.015058 0.015096 0.014197 
1.811488 1.782875 0.018548 0.017342 0.017042 
1.438452 2.841453 0.022454 0.020525 0.023672 
0.907020 3.596899 0.016709 0.016465 0.016735 
0.406520 3.936080 0.016334 0.016459 0.016763 
0.012447 4.009541 0.009836 0.011980 0.010266 
1.976473 0.013245 1.153349 0.013268 0.015716 
1.903776 0.935719 1.441118 0.016766 0.028279 
1.610915 2.182614 1.615478 0.017477 0.017721 
1.078382 3.232782 1.617649 0.016805 0.016303 
0.503033 3.787102 1.419009 0.020267 0.023210 
0.022846 3.949915 1.163249 0.023168 0.024909 
1.809302 0.021166 2.706758 0.021402 0.024267 
1.622074 1.076982 3.226172 0.018385 0.017533 
1.179905 2.332555 3.435705 0.015196 0.020602 
0.549243 3.203724 3.327544 0.029788 0.029121 
0.012694 3.583042 2.707682 0.010891 0.013632 
1.433425 0.022693 4.267974 0.020884 0.024219 
1.083032 1.087632 4.844855 0.020892 0.022067 
0.556337 2.149380 4.847877 0.029701 0.026478 
0.019716 2.845984 4.265494 0.019847 0.027704 
0.910502 0.018373 5.385301 0.017146 0.020616 
0.473800 0.948439 5.700630 0.022752 0.025435 
0.018379 1.790317 5.397541 0.020894 0.026186 
0.414012 0.016261 5.896306 0.016723 0.023162 
0.018107 0.783526 5.905348 0.025637 0.020174 
0.014506 0.011535 6.011171 0.014394 0.015347 
1.980911 0.019389 0.020355 1.574472 0.020443 
1.905227 0.958258 0.020404 1.903164 0.030886 
1.633747 2.144957 0.037908 2.206560 0.044370 
1.098431 3.200819 0.017992 2.184317 0.029296 
0.479486 3.794799 0.019694 1.903172 0.021894 
0.017877 3.927530 0.017336 1.679215 0.016429 
1.899783 0.013558 1.417534 1.899255 0.016880 
1.759015 1.151721 1.674124 2.295581 0.015708 
1.294219 2.566293 1.912136 2.567867 0.031959 
0.582303 3.497511 1.727198 2.322256 0.019696 
0.022673 3.790224 1.435158 1.905566 0.033056 
1.629067 0.021950 3.219455 2.137797 0.023356 
1.307553 1.278164 3.879497 2.604738 0.052013 
0.647419 2.532992 3.854807 2.580048 0.027324 
0.018594 3.215997 3.221763 2.201890 0.018779 
1.081515 0.012539 4.826652 2.137475 0.012703 
0.602094 1.177605 5.236639 2.342945 0.031309 
0.022198 2.160153 4.836313 2.147135 0.023522 
0.491453 0.017347 5.672025 1.901205 0.023209 
0.017694 0.965151 5.671376 1.900556 0.022600 
0.012261 0.014919 5.900322 1.550342 0.012980 
1.803111 0.014912 0.016454 3.594024 0.015921 
1.613242 1.106054 0.016506 4.297816 0.015831 
1.167190 2.318510 0.016987 4.657827 0.021615 
0.542229 3.231464 0.023294 4.316003 0.022031 
0.013850 3.589501 0.015785 3.599612 0.026731 
1.627540 0.018923 1.472682 4.321210 0.015533 
1.277395 1.266975 1.902249 5.100032 0.016038 
0.657185 2.533252 1.919074 5.076878 0.018287 
0.016984 3.209273 1.625366 4.321616 0.020386 
1.177383 0.016321 3.471921 4.619978 0.023144 
0.653574 1.303667 3.815929 5.100846 0.031068 
0.016251 2.329284 3.458104 4.656707 0.019273 
0.542538 0.018928 4.815421 4.321559 0.014936 
0.024993 1.077195 4.812789 4.355555 0.030564 
0.020343 0.026062 5.387299 3.587511 0.019167 
1.432814 0.020467 0.019294 5.674327 0.019758 
1.091314 1.078703 0.018487 6.423335 0.018670 
0.536154 2.162606 0.027727 6.477244 0.027126 
0.019405 2.857283 0.016577 5.647590 0.024617 
1.089318 0.028093 1.635926 6.440892 0.029725 
0.571032 1.161733 1.734553 6.969702 0.011470 
0.019348 2.165489 1.622530 6.418273 0.020846 
0.549458 0.037537 3.267844 6.452848 0.041680 
0.015926 1.080151 3.218778 6.429646 0.052647 
0.012768 0.023183 4.274235 5.642776 0.013528 
0.917422 0.023246 0.020361 7.167766 0.021172 
0.488956 0.966524 0.018418 7.557753 0.024542 
0.019853 1.812644 0.020577 7.165027 0.016765 
0.492080 0.022302 1.421441 7.570944 0.038097 
0.019716 0.944130 1.436131 7.567548 0.031251 
0.011654 0.011359 2.704689 7.159090 0.012173 
0.397627 0.017352 0.012932 7.863445 0.016123 
0.016082 0.784988 0.015582 7.866114 0.018773 
0.013211 0.015018 1.185238 7.858754 0.019152 
0.012558 0.012393 0.012327 8.012326 0.013525 
1.981704 0.020665 0.020494 0.024392 1.978662 
1.909143 0.961532 0.028932 0.021722 2.323464 
1.635563 2.147431 0.028807 0.027416 2.707168 
1.077633 3.249041 0.024251 0.022427 2.664492 
0.483115 3.792098 0.016305 0.017664 2.329138 
0.014017 3.936765 0.015807 0.014174 1.968294 
1.904862 0.023913 1.426010 0.020056 2.393298 
1.750556 1.170846 1.732371 0.016086 2.817509 
1.288046 2.564204 1.891483 0.026805 3.166247 
0.596461 3.484134 1.739871 0.020889 2.932868 
0.017316 3.781569 1.444312 0.014214 2.376154 
1.619200 0.014669 3.227632 0.014387 2.638112 
1.284129 1.286849 3.838244 0.024914 3.188544 
0.642455 2.545438 3.841410 0.032205 3.331052 
0.026475 3.233640 3.236804 0.022545 2.609651 
1.091200 0.015844 4.812482 0.016020 2.693708 
0.602331 1.161846 5.284210 0.048576 2.916520 
0.025406 2.174479 4.822698 0.025321 2.689315 
0.484166 0.020679 5.681862 0.021613 2.387526 
0.013577 0.975978 5.673156 0.012505 2.279427 
0.012811 0.009892 5.895561 0.017205 1.949433 
1.904660 0.021512 0.026228 1.908389 2.332029 
1.749668 1.161443 0.042897 2.328778 2.919893 
1.299832 2.554019 0.035007 2.580910 3.199182 
0.580237 3.494981 0.024994 2.325275 2.870422 
0.022334 3.792653 0.028034 1.911078 2.351898 
1.761125 0.028324 1.754270 2.311923 2.827190 
1.440672 1.434140 2.153049 2.854008 3.598591 
0.721927 2.849636 2.166767 2.838897 3.553817 
0.023298 3.486253 1.767136 2.316524 2.902276 
1.290033 0.012480 3.767088 2.542609 3.178770 
0.698568 1.395087 4.319566 2.874153 3.586550 
0.016148 2.531254 3.822092 2.543630 3.196078 
0.592294 0.023671 5.226760 2.334464 2.906517 
0.018035 1.162521 5.215359 2.341909 2.897790 
0.010323 0.014611 5.667965 1.903546 2.343290 
1.621297 0.019908 0.021599 4.300870 2.710494 
1.288076 1.290750 0.023075 5.089749 3.155038 
0.650714 2.545776 0.022134 5.102498 3.173207 
0.012912 3.203281 0.012009 4.344213 2.645230 
1.290457 0.028803 1.920239 5.080463 3.154792 
0.722787 1.413861 2.181821 5.741778 3.542496 
0.015721 2.548195 1.917411 5.071945 3.146274 
0.642095 0.022113 3.831499 5.071247 3.191158 
0.018561 1.292664 3.818841 5.064301 3.168539 
0.025606 0.022253 4.824880 4.300092 2.682450 
1.090171 0.014839 0.012954 6.399265 2.690463 
0.599280 1.178822 0.018163 6.932999 2.914089 
0.018740 2.166932 0.017169 6.426453 2.646939 
0.582794 0.027188 1.753114 6.964119 2.994949 
0.022050 1.174212 1.767643 6.961060 2.842977 
0.022408 0.025232 3.252882 6.419050 2.675171 
0.493785 0.022029 0.017658 7.552845 2.381493 
0.021632 0.958372 0.016961 7.567418 2.317551 
0.017523 0.017988 1.434580 7.571724 2.309698 
0.009338 0.009763 0.009558 7.854970 1.964266 
1.806168 0.016680 0.021669 0.016376 4.469302 
1.624049 1.087258 0.018478 0.019553 5.338207 
1.195603 2.342350 0.040874 0.042546 5.828868 
0.532131 3.220790 0.025714 0.014084 5.399525 
0.021017 3.583012 0.014625 0.014580 4.525897 
1.631494 0.020125 1.542263 0.019963 5.369507 
1.279675 1.263667 1.902707 0.015771 6.372043 
0.640314 2.555611 1.918166 0.040772 6.345473 
0.022430 3.218482 1.614404 0.021964 5.403262 
1.166016 0.011322 3.480645 0.011432 5.775968 
0.642004 1.278014 3.833800 0.029739 6.399702 
0.015473 2.324148 3.476012 0.014685 5.791936 
0.552195 0.020114 4.842205 0.019337 5.337621 
0.017820 1.072344 4.842967 0.017409 5.341109 
0.014779 0.012259 5.370697 0.018784 4.509423 
1.623479 0.016536 0.016938 2.148627 5.330982 
1.277843 1.293198 0.022188 2.570869 6.370399 
0.632936 2.548346 0.022159 2.565271 6.398706 
0.021349 3.233167 0.021043 2.161785 5.335174 
1.279047 0.020183 1.912017 2.540361 6.361087 
0.743708 1.433541 2.101321 2.885147 7.085344 
0.019401 2.539112 1.950067 2.548950 6.328123 
0.650170 0.039267 3.841157 2.554096 6.405108 
0.020462 1.279351 3.799249 2.537975 6.382496 
0.016682 0.019236 4.818927 2.135110 5.386553 
1.175621 0.023070 0.025728 4.643099 5.805255 
0.636917 1.259202 0.023410 5.146425 6.349010 
0.020780 2.341655 0.018479 4.623622 5.772909 
0.635629 0.037751 1.926781 5.126458 6.410170 
0.016575 1.220354 1.888856 5.127264 6.368190 
0.014336 0.019760 3.482849 4.597691 5.824465 
0.544178 0.024013 0.022015 6.470718 5.330940 
0.021142 1.077880 0.019873 6.458713 5.331422 
0.020770 0.028702 1.603535 6.428821 5.394572 
0.015113 0.013105 0.043151 7.171385 4.475242 
1.437113 0.019754 0.019965 0.018836 7.069006 
1.083209 1.086104 0.020552 0.021148 8.052746 
0.544570 2.148006 0.018942 0.018145 8.058168 
0.016111 2.842954 0.018383 0.016643 7.090437 
1.085065 0.022662 1.639387 0.021509 8.043894 
0.590437 1.170193 1.748747 0.023278 8.709919 
0.024243 2.150737 1.645497 0.022780 8.046146 
0.551171 0.022219 3.257419 0.024023 8.015218 
0.013686 1.080507 3.242916 0.012986 8.005613 
0.020810 0.024115 4.296904 0.027977 7.031186 
1.093589 0.024335 0.024535 2.164752 8.039177 
0.584965 1.145845 0.013388 2.291120 8.711481 
0.015160 2.152568 0.016435 2.158612 8.031841 
0.582013 0.023756 1.763431 2.321997 8.715303 
0.015051 1.143970 1.740753 2.317155 8.700807 
0.016809 0.018451 3.220661 2.146324 8.039980 
0.547987 0.026276 0.028034 4.320743 8.049790 
0.014869 1.097765 0.013253 4.266208 8.037024 
0.022603 0.016861 1.642427 4.268673 8.039489 
0.014808 0.014887 0.015864 5.688196 7.064998 
0.906080 0.011432 0.012020 0.028102 8.955118 
0.490037 0.957885 0.016661 0.016535 9.441939 
0.015397 1.804318 0.014556 0.016097 8.957095 
0.487765 0.016445 1.419080 0.017061 9.449157 
0.021275 0.961594 1.421494 0.019668 9.451571 
0.012308 0.015242 2.689090 0.015754 8.961918 
0.492638 0.022221 0.022398 1.879553 9.460183 
0.014953 0.959521 0.015147 1.894331 9.443890 
0.017230 0.018222 1.427961 1.881273 9.451628 
0.015185 0.017550 0.015253 3.595812 8.951049 
0.403095 0.016877 0.017229 0.020892 9.828527 
0.013404 0.774724 0.016904 0.013567 9.830598 
0.017945 0.017110 1.184524 0.021824 9.825005 
0.015529 0.015533 0.021977 1.588592 9.819792 
0.013839 0.009779 0.016317 0.008785 10.008734 
