2.005168 0.006297 0.005741 0.008138 0.005253 
1.968035 0.777065 0.006717 0.009180 0.006404 
1.794275 1.796832 0.006182 0.007638 0.006705 
1.420189 2.839700 0.008815 0.008188 0.008547 
0.899232 3.584342 0.006306 0.006325 0.005915 
0.399536 3.936576 0.014241 0.016426 0.012550 
0.007475 4.007258 0.009072 0.010759 0.009002 
1.968497 0.007813 1.181665 0.012022 0.009395 
1.893911 0.947686 1.429106 0.017018 0.010151 
1.610746 2.150124 1.605236 0.010746 0.009216 
1.083901 3.235705 1.616021 0.034376 0.021700 
0.479034 3.781627 1.424058 0.012267 0.012863 
0.007899 3.930415 1.181003 0.007981 0.008124 
1.795076 0.006267 2.681882 0.007501 0.005916 
1.615620 1.080942 3.228437 0.013965 0.019281 
1.170627 2.343096 3.497217 0.030759 0.024063 
0.541768 3.228219 3.220412 0.015590 0.017688 
0.010149 3.589437 2.670324 0.006623 0.006377 
1.426788 0.015609 4.261689 0.014861 0.014988 
1.080805 1.075085 4.841300 0.016775 0.016592 
0.559614 2.182374 4.894847 0.052026 0.052993 
0.009083 2.838911 4.244904 0.007636 0.009160 
0.903144 0.012575 5.384500 0.013730 0.015884 
0.479386 0.951186 5.674917 0.015009 0.013543 
0.008116 1.800276 5.370229 0.007419 0.008902 
0.396053 0.007826 5.893059 0.010119 0.012491 
0.004498 0.788521 5.887392 0.006827 0.004628 
0.005618 0.008092 6.005606 0.007622 0.006336 
1.966872 0.006530 0.005657 1.562998 0.005295 
1.893269 0.946464 0.006425 1.869103 0.006451 
1.612571 2.150939 0.012331 2.154325 0.013899 
1.084183 3.244846 0.025911 2.160272 0.028730 
0.475668 3.785580 0.011723 1.891901 0.013030 
0.005827 3.929136 0.006312 1.561964 0.007633 
1.894262 0.008556 1.421696 1.882582 0.009827 
1.740407 1.157904 1.747346 2.332643 0.010527 
1.275696 2.547485 1.908154 2.554594 0.017946 
0.585738 3.524887 1.717915 2.289785 0.030761 
0.007288 3.774406 1.429006 1.898157 0.007196 
1.610410 0.009575 3.223841 2.155426 0.010501 
1.281564 1.289756 3.845217 2.556526 0.026404 
0.642341 2.555895 3.838642 2.555400 0.024855 
0.010226 3.222107 3.208802 2.137862 0.010935 
1.075036 0.007868 4.817725 2.149939 0.009745 
0.585669 1.166701 5.242346 2.316458 0.022924 
0.014870 2.159058 4.819340 2.140745 0.023413 
0.476952 0.009934 5.663536 1.898498 0.009286 
0.006354 0.939738 5.668018 1.871291 0.004886 
0.006479 0.006117 5.889380 1.575733 0.007774 
1.796038 0.007920 0.007116 3.580228 0.006799 
1.631585 1.082432 0.043754 4.360197 0.040220 
1.160664 2.320693 0.012650 4.649197 0.012520 
0.538945 3.224275 0.018225 4.290168 0.012512 
0.006540 3.583927 0.008826 3.584476 0.014872 
1.615701 0.012906 1.604681 4.298431 0.015966 
1.273946 1.276607 1.918835 5.074790 0.011847 
0.652845 2.579401 1.923028 5.141829 0.042960 
0.013267 3.225226 1.603872 4.280179 0.012641 
1.162114 0.008552 3.467131 4.632407 0.010038 
0.637878 1.273457 3.818784 5.088704 0.017349 
0.011215 2.328930 3.486480 4.596790 0.012012 
0.540781 0.010965 4.809555 4.319647 0.011123 
0.008241 1.073166 4.822021 4.276576 0.007404 
0.007014 0.006166 5.375241 3.577139 0.009376 
1.420610 0.007996 0.007754 5.669922 0.007859 
1.074102 1.077422 0.009191 6.433419 0.010003 
0.547074 2.162322 0.029560 6.463630 0.032196 
0.006909 2.833506 0.006968 5.666981 0.007982 
1.084860 0.023181 1.616206 6.461434 0.023867 
0.587056 1.164965 1.734243 6.969667 0.018940 
0.006680 2.140306 1.597053 6.430539 0.009448 
0.540997 0.008802 3.215488 6.426065 0.011330 
0.009095 1.075544 3.222364 6.419300 0.009955 
0.009133 0.008485 4.251742 5.664494 0.008890 
0.900034 0.007193 0.007265 7.165317 0.007272 
0.475959 0.952873 0.008435 7.550332 0.007408 
0.004951 1.791315 0.005696 7.162650 0.005057 
0.478346 0.007345 1.413237 7.552960 0.008711 
0.013335 0.958956 1.433490 7.549844 0.014754 
0.010970 0.010568 2.704826 7.158648 0.013700 
0.399116 0.006909 0.006331 7.850449 0.011195 
0.010233 0.798352 0.010111 7.853219 0.012976 
0.007614 0.009296 1.183588 7.852373 0.007905 
0.005851 0.005785 0.013328 8.005778 0.005884 
1.966837 0.006619 0.006075 0.008423 1.962636 
1.891921 0.939003 0.005596 0.007835 2.353005 
1.613381 2.152996 0.012494 0.011860 2.695662 
1.081166 3.222938 0.014989 0.015030 2.706823 
0.476004 3.782684 0.009923 0.021696 2.347926 
0.009048 3.931384 0.007361 0.012436 1.940390 
1.892750 0.008300 1.441070 0.008211 2.355442 
1.748445 1.161019 1.722454 0.010006 2.829653 
1.286640 2.564875 1.930629 0.030463 3.212799 
0.584537 3.505876 1.744827 0.029318 2.919276 
0.006807 3.779025 1.419109 0.007750 2.353917 
1.611370 0.008539 3.212020 0.010059 2.672740 
1.274825 1.277962 3.816783 0.016071 3.169267 
0.640300 2.547714 3.811445 0.016140 3.164755 
0.009963 3.218637 3.212817 0.011066 2.659481 
1.079783 0.015720 4.833466 0.016426 2.691261 
0.590837 1.159932 5.254904 0.035627 2.907295 
0.013889 2.163762 4.811908 0.015856 2.677928 
0.474057 0.007442 5.666477 0.007509 2.367999 
0.008237 0.952430 5.666744 0.010027 2.346496 
0.006979 0.006238 5.890458 0.015460 1.961130 
1.893219 0.008715 0.007421 1.889790 2.354165 
1.739263 1.164276 0.008626 2.314631 2.908380 
1.278201 2.546061 0.015118 2.556945 3.172409 
0.586508 3.496101 0.020864 2.339007 2.870133 
0.009120 3.782276 0.009020 1.894577 2.340562 
1.747561 0.014627 1.734205 2.324521 2.904173 
1.423357 1.441771 2.098287 2.874342 3.607638 
0.712501 2.855026 2.137713 2.834300 3.552726 
0.015122 3.487793 1.731949 2.293451 2.884285 
1.273373 0.013523 3.827046 2.536688 3.131842 
0.722870 1.434473 4.310003 2.863738 3.567967 
0.010306 2.544962 3.807527 2.504419 3.180244 
0.587855 0.011723 5.205360 2.335934 2.887939 
0.008865 1.167642 5.203405 2.320544 2.884194 
0.008941 0.008820 5.669797 1.887089 2.347365 
1.609731 0.008751 0.008255 4.297453 2.673119 
1.270993 1.272357 0.010798 5.086247 3.164559 
0.655660 2.575211 0.046172 5.142056 3.200316 
0.011747 3.224602 0.015658 4.275560 2.657801 
1.270686 0.010441 1.907870 5.084252 3.157831 
0.735208 1.467249 2.187701 5.822805 3.664952 
0.014247 2.541268 1.884749 5.097662 3.158229 
0.643746 0.012760 3.809614 5.076097 3.158364 
0.032286 1.316666 3.800602 5.140686 3.108726 
0.006112 0.005352 4.817085 4.289087 2.653777 
1.076003 0.008744 0.007845 6.421689 2.682206 
0.584327 1.167373 0.013184 6.952464 2.880363 
0.008412 2.141646 0.008134 6.427657 2.673946 
0.581422 0.010633 1.739206 6.950527 2.891338 
0.015770 1.162539 1.739781 6.957666 2.878717 
0.013830 0.013147 3.223733 6.428495 2.670147 
0.475907 0.006730 0.005915 7.551351 2.354172 
0.007384 0.945857 0.006672 7.554167 2.347277 
0.010206 0.009927 1.423548 7.558357 2.337956 
0.007967 0.006756 0.007788 7.854659 1.947432 
1.796034 0.009356 0.008565 0.012776 4.492692 
1.613431 1.076160 0.008827 0.010763 5.343270 
1.162161 2.321142 0.009041 0.009748 5.776227 
0.541283 3.227619 0.015198 0.014499 5.338174 
0.007257 3.581687 0.008694 0.010203 4.494616 
1.615524 0.011760 1.604730 0.017747 5.362984 
1.291707 1.296484 1.940993 0.039518 6.431889 
0.630841 2.546013 1.896506 0.010092 6.323618 
0.008407 3.223603 1.598163 0.010695 5.332599 
1.162085 0.014826 3.471871 0.009395 5.775552 
0.631063 1.289571 3.846746 0.030448 6.360477 
0.008240 2.321768 3.467727 0.007094 5.771308 
0.548343 0.011693 4.820008 0.011876 5.356368 
0.010035 1.094776 4.816044 0.016986 5.345028 
0.006847 0.007592 5.377844 0.007725 4.464111 
1.617650 0.023003 0.037043 2.161513 5.414782 
1.274677 1.269806 0.013334 2.553241 6.343210 
0.639162 2.563651 0.027051 2.576105 6.372025 
0.020666 3.241785 0.021627 2.148660 5.316932 
1.273355 0.008939 1.908452 2.537820 6.329642 
0.744649 1.494620 2.231500 2.953132 7.394623 
0.017469 2.559855 1.899908 2.515852 6.340860 
0.653430 0.029291 3.809307 2.566176 6.384603 
0.017884 1.299282 3.811679 2.559562 6.313559 
0.018275 0.017528 4.820815 2.164279 5.354206 
1.164833 0.010939 0.018440 4.640595 5.772691 
0.645304 1.289402 0.026865 5.101322 6.367402 
0.007653 2.325570 0.007450 4.625640 5.754596 
0.637275 0.013844 1.893896 5.087854 6.352497 
0.010530 1.272227 1.914732 5.070602 6.330251 
0.010342 0.009811 3.481467 4.629361 5.769756 
0.543357 0.008804 0.008691 6.430055 5.339966 
0.008967 1.066881 0.010135 6.442378 5.329685 
0.008105 0.008568 1.615054 6.432872 5.327541 
0.006656 0.011306 0.006639 7.169046 4.461235 
1.423230 0.011815 0.008403 0.009794 7.073678 
1.084143 1.088046 0.017590 0.023050 8.042264 
0.542120 2.151607 0.009801 0.010532 8.023620 
0.011084 2.853170 0.011401 0.014122 7.045824 
1.075751 0.007151 1.606399 0.007227 8.018706 
0.585728 1.160139 1.723860 0.008234 8.676792 
0.011145 2.149552 1.612684 0.012286 8.028188 
0.543653 0.008522 3.224357 0.010410 8.015213 
0.009836 1.076880 3.237183 0.009674 8.004864 
0.006768 0.006708 4.252778 0.007377 7.072044 
1.075227 0.008759 0.008725 2.163874 8.019704 
0.589753 1.172427 0.023928 2.323133 8.711686 
0.007744 2.150463 0.008467 2.139349 8.019656 
0.585643 0.011223 1.742909 2.307276 8.681665 
0.012616 1.170655 1.750998 2.307495 8.671496 
0.008662 0.008545 3.231562 2.147539 8.008295 
0.548964 0.020254 0.020208 4.299475 8.044827 
0.010500 1.084914 0.012906 4.292612 8.018329 
0.022133 0.021606 1.635452 4.333436 8.003788 
0.010673 0.006708 0.006893 5.686437 7.049030 
0.902494 0.009272 0.008662 0.009895 8.953382 
0.480699 0.957079 0.012886 0.013893 9.444536 
0.007887 1.798080 0.005698 0.008909 8.945385 
0.482297 0.013201 1.426398 0.013692 9.442550 
0.007410 0.951346 1.431016 0.007347 9.429001 
0.006511 0.006082 2.697895 0.007097 8.943206 
0.480949 0.008672 0.008764 1.901014 9.433249 
0.008017 0.957686 0.009023 1.873107 9.437695 
0.011032 0.009691 1.430722 1.884087 9.438424 
0.008055 0.017020 0.007784 3.608327 8.937588 
0.398237 0.008926 0.010428 0.009759 9.817113 
0.004592 0.792318 0.004568 0.005840 9.808689 
0.006076 0.005885 1.188195 0.007392 9.809812 
0.007565 0.006982 0.006991 1.592324 9.808661 
0.005153 0.004369 0.004374 0.004371 10.004368 
