0.462385 0.043236 0.101100 0.101713 0.162517 0.026379 0.053457 0.207659 0.337899 0.062774 
0.152601 0.464142 0.088647 0.084540 0.087895 0.024647 0.028605 0.170099 0.320205 0.213644 
0.053168 0.686052 0.118167 0.074156 0.101633 0.089110 0.083234 0.115053 0.335061 0.161212 
0.214845 0.024232 0.460785 0.079820 0.108102 0.065423 0.061062 0.102629 0.702519 0.186160 
0.114613 0.149298 0.496565 0.101784 0.096255 0.026828 0.092663 0.107906 0.719569 0.092616 
0.047124 0.297360 0.406767 0.071902 0.131062 0.078328 0.094340 0.322708 0.726902 0.177802 
0.139601 0.063536 1.012868 0.099427 0.124896 0.114845 0.088055 0.239318 0.393697 0.168800 
0.023066 0.014607 1.726250 0.088604 0.145257 0.018606 0.100011 0.198155 0.358531 0.055126 
0.269937 0.029120 0.095000 0.499008 0.106844 0.092786 0.035151 0.109951 0.400711 0.245292 
0.036992 0.342565 0.059860 0.515185 0.156143 0.092199 0.046535 0.249740 0.331508 0.189232 
0.107609 0.017311 0.466142 0.484978 0.120629 0.088371 0.030678 0.105553 0.396601 0.199101 
0.031228 0.148082 0.598138 0.718732 0.166642 0.062320 0.060700 0.178165 0.123246 0.030724 
0.034195 0.028601 1.181260 0.755617 0.202504 0.094356 0.030432 0.039848 0.281025 0.029340 
0.132747 0.032192 0.130106 1.008081 0.109039 0.049199 0.069251 0.101861 0.401055 0.051725 
0.050420 0.172661 0.123365 1.119632 0.022893 0.071646 0.055504 0.199115 0.367821 0.020304 
0.042933 0.531268 0.050305 0.062225 1.031164 0.097773 0.038156 0.125828 0.222082 0.056210 
0.027191 0.216489 0.466021 0.061124 1.113629 0.099879 0.035101 0.033238 0.217624 0.052218 
0.032668 0.168093 0.043555 0.684369 0.953763 0.108119 0.040055 0.122676 0.379187 0.058899 
0.018419 0.016576 0.461952 0.681394 1.097604 0.023877 0.029350 0.112728 0.299014 0.026772 
0.049529 0.022199 0.024995 1.198255 1.111851 0.087625 0.032652 0.120451 0.279269 0.446422 
0.126914 0.024780 0.028631 0.189837 1.372649 0.174930 0.102499 0.106273 0.278251 0.051554 
0.028141 0.150294 0.036813 0.244670 1.571427 0.100098 0.050984 0.124829 0.333704 0.191428 
0.021454 0.019255 0.390722 0.250098 1.583139 0.101082 0.081794 0.125481 0.216355 0.443043 
0.035808 0.034644 0.030965 0.642317 2.301610 0.100468 0.041038 0.127788 0.293366 0.533507 
0.307216 0.043010 0.047805 0.068982 0.086349 0.793765 0.025098 0.148333 0.277617 0.035976 
0.116672 0.142142 0.166308 0.071993 0.093467 1.205470 0.044215 0.140488 0.771757 0.251260 
0.048931 0.482312 0.067212 0.081383 0.077968 1.326692 0.051906 0.225588 0.278237 0.164112 
0.149199 0.021872 0.313483 0.059004 0.077896 0.629586 0.058981 0.102726 0.702616 0.186256 
0.016778 0.137623 0.622270 0.064305 0.073613 0.757627 0.041960 0.110116 0.260222 0.152378 
0.023823 0.016649 1.495027 0.036206 0.128821 0.932604 0.018324 0.027736 0.268884 0.018843 
0.121591 0.029342 0.052484 0.641710 0.099109 0.985970 0.037709 0.162352 0.285639 0.042085 
0.015257 0.022778 0.503845 0.809947 0.065247 0.869429 0.017444 0.092299 0.263733 0.028671 
0.088140 0.072070 0.119457 1.683619 0.137944 0.930312 0.111958 0.084297 0.287902 0.073530 
0.052058 0.038342 0.039746 0.764423 0.901832 0.837136 0.049571 0.137570 0.305391 0.037761 
0.022835 0.203416 0.050663 0.036196 0.042559 1.968234 0.072397 0.180678 0.522899 0.183439 
0.027533 0.032846 0.439602 0.045004 0.068623 2.395793 0.016296 0.114604 0.257158 0.153405 
0.088065 0.025714 0.066668 0.472197 0.064693 1.051022 0.093066 0.211632 0.411436 0.039882 
0.023666 0.023256 0.024707 0.030645 2.169628 1.890163 0.032923 0.119724 0.301960 0.034114 
0.014813 0.052667 0.198716 0.175318 0.068470 2.396169 0.079085 0.024394 0.404848 0.090652 
0.059485 0.516380 0.122509 0.090397 0.089168 0.096560 1.046670 0.062376 0.380564 0.163370 
0.118686 0.059782 0.684377 0.069597 0.137904 0.056187 0.759580 0.261920 0.538244 0.061489 
0.063913 0.206631 0.521268 0.071109 0.136534 0.058375 0.726642 0.330242 0.582192 0.144226 
0.043327 0.052592 1.236547 0.098391 0.103712 0.060586 0.940588 0.140076 0.387755 0.185052 
0.173248 0.028597 0.034969 0.759438 0.077918 0.032426 0.792086 0.095915 0.329384 0.154033 
0.045111 0.013489 0.356483 0.438728 0.093719 0.046984 0.710482 0.148185 0.259234 0.010144 
0.176412 0.036431 0.042734 0.039782 1.216697 0.040655 0.800316 0.104144 0.337613 0.162263 
0.052926 0.185240 0.071178 0.061878 1.265887 0.100504 1.142621 0.067963 0.386142 0.169996 
0.032678 0.020030 0.064217 0.539985 0.713706 0.061577 0.809759 0.089944 0.404814 0.109824 
0.114068 0.011953 0.206664 0.040742 0.052595 0.421778 0.751939 0.097615 0.697504 0.181145 
0.034500 0.295759 0.045495 0.054048 0.051987 0.805662 0.965287 0.215891 0.268208 0.153952 
0.081830 0.043728 0.447751 0.050077 0.094262 0.509661 0.802981 0.265653 0.297806 0.048250 
0.027811 0.029104 0.025577 0.897354 0.057810 0.819539 0.926839 0.121007 0.331137 0.231860 
0.020018 0.020532 0.020930 0.024689 1.374531 1.198170 0.825544 0.119697 0.297368 0.157925 
0.084449 0.112852 0.031052 0.046482 0.039970 1.321596 0.757770 0.119603 0.231895 0.022878 
0.155129 0.019916 0.149452 0.048269 0.091188 0.050715 1.610608 0.087638 0.271583 0.180857 
0.042569 0.163743 0.459023 0.081710 0.081060 0.050369 1.512872 0.225212 0.286261 0.176798 
0.103398 0.039829 0.455506 0.078022 0.077357 0.046666 1.509788 0.221594 0.281478 0.173090 
0.033961 0.036246 0.211157 0.042006 0.051738 1.057126 1.882716 0.127538 0.270633 0.166840 
0.013091 0.009951 0.010811 0.203729 0.530999 0.031442 2.940727 0.158599 0.393850 0.190520 
0.172654 0.225659 0.105075 0.080835 0.112936 0.066573 0.065980 1.634433 0.306871 0.081422 
0.061008 0.596577 0.106578 0.080949 0.114641 0.067092 0.066485 1.675073 0.250234 0.081640 
0.023630 0.159497 0.656900 0.037602 0.076551 0.020293 0.021912 1.517393 0.716598 0.041901 
0.143515 0.033214 0.059777 0.684210 0.108854 0.083108 0.048029 1.700935 0.092560 0.060627 
0.058787 0.239254 0.062841 0.663747 0.107435 0.059568 0.077364 1.554113 0.362498 0.190218 
0.017991 0.016004 0.433643 0.540669 0.045111 0.047699 0.064774 1.920174 0.308969 0.156595 
0.017566 0.017056 0.103160 1.352374 0.077921 0.079097 0.054090 1.689246 0.214242 0.440930 
0.049415 0.104730 0.049051 0.045548 0.692656 0.064303 0.083075 1.354844 0.650174 0.253855 
0.023243 0.020322 0.563958 0.049006 0.681217 0.058935 0.043430 1.556138 0.279978 0.445629 
0.023811 0.015337 0.054741 0.687187 0.719645 0.019098 0.021936 1.499671 0.352685 0.443707 
0.018057 0.018914 0.024262 0.018261 3.009574 0.055524 0.068811 2.268052 0.026638 0.158167 
0.122353 0.035319 0.261241 0.046108 0.080597 0.481979 0.034857 1.503914 0.354107 0.200770 
0.049073 0.133417 0.110997 0.034312 0.056938 0.692807 0.040412 1.522927 0.366120 0.432074 
0.013958 0.086170 0.375538 0.042359 0.045787 0.453902 0.028761 1.630465 0.260082 0.152008 
0.025049 0.033638 0.025265 0.744671 0.053264 0.670127 0.070922 1.922553 0.340298 0.281306 
0.201336 0.047715 0.068698 0.097439 0.106843 0.070024 0.620605 1.561550 0.322191 0.187192 
0.048168 0.145301 0.048411 0.352298 0.072838 0.048300 0.927041 1.633765 0.355332 0.181312 
0.016544 0.016063 0.128350 0.088186 0.701429 0.055932 0.555870 1.461122 0.396769 0.196756 
0.057142 0.031436 0.038455 0.195049 0.050156 0.043564 1.906097 1.485548 0.401411 0.061279 
0.195565 0.031414 0.068179 0.060255 0.067495 0.049986 0.029366 3.512397 0.362618 0.339298 
0.023715 0.219876 0.048835 0.038956 0.063732 0.037986 0.034416 3.546755 0.343519 0.155803 
0.054077 0.013688 0.214234 0.336077 0.065630 0.042791 0.058342 1.637116 0.386795 0.273252 
0.023841 0.047112 0.130048 0.032606 0.606547 0.047516 0.065861 1.759656 0.639630 0.243311 
0.022005 0.014405 0.016437 0.056376 0.203389 0.796036 0.035949 3.459213 0.348980 0.264136 
0.027469 0.032282 0.232360 0.033847 0.054949 0.018819 0.718785 2.674669 0.277863 0.050842 
0.143973 0.184009 0.103208 0.044329 0.088839 0.068013 0.065620 0.088110 2.898023 0.080181 
0.028574 0.328557 0.058716 0.037209 0.081050 0.041018 0.011427 0.059871 3.931138 0.015188 
0.141172 0.045477 0.438574 0.087783 0.103317 0.076569 0.052724 0.240658 2.599736 0.228625 
0.010669 0.027417 1.171261 0.023319 0.050622 0.058463 0.011025 0.088749 2.780217 0.013388 
0.121378 0.019032 0.029427 0.564820 0.070332 0.191028 0.037676 0.063627 2.575239 0.033356 
0.018734 0.145235 0.023654 0.520901 0.085299 0.043266 0.012196 0.031081 3.948132 0.015901 
0.021765 0.022746 0.458392 0.631246 0.083893 0.025692 0.026306 0.099373 2.791899 0.060516 
0.020293 0.012689 0.045425 1.317569 0.071508 0.051404 0.050575 0.124333 2.456899 0.057506 
0.138441 0.020338 0.040284 0.029651 0.916183 0.066672 0.015535 0.020864 2.898502 0.092863 
0.154595 0.039773 0.140402 0.045151 0.068944 0.694708 0.070539 0.106774 2.852311 0.083993 
0.023477 0.138861 0.066315 0.032619 0.037012 0.520948 0.051019 0.109243 3.877808 0.021336 
0.016823 0.019663 0.192310 0.390379 0.051388 0.441794 0.018212 0.104546 2.651110 0.018475 
0.012421 0.012573 0.131367 0.084045 0.748400 0.407333 0.018273 0.101110 2.818727 0.189932 
0.029086 0.052776 0.068211 0.195233 0.047089 1.407350 0.087801 0.034917 2.973485 0.046434 
0.146708 0.029939 0.053380 0.048374 0.045385 0.043847 0.783444 0.128058 2.840510 0.162213 
0.044134 0.049390 0.747354 0.076458 0.083231 0.054382 0.583361 0.101684 2.670920 0.186087 
0.013960 0.027007 0.015633 0.583495 0.033729 0.032334 0.551754 0.060597 4.197735 0.263585 
0.053198 0.014621 0.324164 0.037055 0.046933 0.040543 0.017904 0.940901 2.711718 0.431273 
0.025908 0.023232 0.046678 0.085716 0.942229 0.049485 0.046764 0.832026 2.760922 0.023762 
0.016317 0.050601 0.017179 0.076632 0.024388 0.700799 0.040473 1.047274 2.935603 0.271167 
0.100001 0.018995 0.035190 0.182709 0.048237 0.036666 0.360057 0.083455 4.174200 0.272054 
0.028674 0.016359 0.019006 0.759776 0.068498 0.042987 0.048550 0.088065 4.880884 0.075488 
0.032460 0.031443 0.076259 0.189402 0.681299 0.073100 0.045765 0.129779 4.651102 0.064701 
0.028534 0.030803 0.174433 0.028866 0.032199 0.434375 0.301598 0.214088 3.975156 0.023820 
0.019452 0.065275 0.044724 0.121331 0.045610 0.031454 0.562135 0.110184 4.667856 0.188929 
0.019950 0.030010 0.065863 0.023739 0.271850 0.030184 0.038115 0.770330 4.798536 0.244817 
0.327903 0.051879 0.093860 0.072650 0.114371 0.084380 0.066215 0.168295 0.270999 5.168840 
0.171934 0.215273 0.098927 0.076780 0.093920 0.087156 0.068859 0.171061 0.273765 5.171605 
0.073864 0.355415 0.082546 0.089299 0.115988 0.062135 0.562744 0.140624 0.421432 4.059523 
0.192441 0.066737 0.529775 0.062308 0.130491 0.108088 0.106224 0.135467 0.303599 4.871387 
0.038342 0.190011 0.510790 0.060314 0.131488 0.070332 0.084338 0.079448 0.299440 4.098491 
0.054634 0.067362 0.852042 0.089276 0.103303 0.083324 0.028678 0.039627 0.259846 4.187452 
0.021220 0.208584 0.028494 0.682282 0.079051 0.055129 0.058752 0.068593 0.451913 4.444931 
0.025573 0.013222 0.187593 0.935378 0.074733 0.058258 0.014093 0.158862 0.370405 4.128725 
0.092790 0.020377 0.074722 0.026889 1.024746 0.063629 0.015858 0.081261 0.493908 4.583127 
0.014877 0.012944 0.384127 0.017822 0.801629 0.044916 0.517866 0.021297 0.252374 4.881839 
0.027479 0.148628 0.046115 0.036886 0.040945 1.269397 0.059864 0.202553 0.365171 5.192538 
0.052510 0.061458 0.613098 0.046532 0.107175 0.611183 0.034474 0.045684 0.265323 4.273209 
0.136337 0.014201 0.111997 0.040136 0.068722 0.041755 1.144696 0.065533 0.197511 4.050945 
0.066742 0.039167 0.482255 0.054317 0.074488 0.064019 0.618903 0.162051 0.267477 4.195082 
0.019270 0.018409 0.196485 0.565766 0.055638 0.045870 0.564109 0.165411 0.377918 4.053042 
0.030103 0.059931 0.052114 0.022707 0.672840 0.040716 0.435798 0.192178 0.253590 4.858202 
0.040189 0.011343 0.032435 0.014592 0.405682 0.409187 0.433563 0.188593 0.238272 4.853629 
0.236081 0.064184 0.105310 0.078663 0.096617 0.091462 0.068988 1.087985 0.232842 4.451622 
0.086045 0.115110 0.038531 0.040387 0.046502 0.017755 0.012968 1.863402 0.195355 3.987500 
0.058597 0.022335 0.056005 0.409067 0.051915 0.045491 0.017879 1.396551 0.296802 4.041133 
0.033629 0.020481 0.071623 0.022610 0.189171 0.802762 0.057597 1.085042 0.159792 5.517194 
0.157379 0.021846 0.047332 0.030871 0.067177 0.039696 0.037676 0.055868 1.947076 4.051945 
0.020991 0.226244 0.041614 0.026899 0.056896 0.029523 0.009199 0.046663 2.833684 4.080580 
0.025460 0.065038 0.371817 0.048470 0.071535 0.044116 0.023383 0.061025 2.867717 4.095138 
0.024222 0.034334 0.114623 0.503371 0.072885 0.044964 0.024350 0.057608 2.664186 4.139835 
0.028852 0.034674 0.156363 0.029299 0.032637 0.029033 0.014356 1.115898 1.741150 3.989012 
0.100231 0.076086 0.075961 1.463524 0.162244 0.850387 0.083141 0.081102 0.257915 19.008418 
0.030880 0.012398 0.104283 0.155008 0.365441 0.043534 0.422014 0.186246 0.266629 5.962587 
0.027008 0.015468 0.089619 0.131231 0.298547 0.014779 0.322068 0.984733 0.398779 6.577419 
0.082303 0.071370 1.842260 0.094786 0.199450 0.099864 0.072277 0.280293 0.524419 0.214932 
0.226212 0.047701 0.055248 0.935757 0.192715 0.112050 0.103013 0.114133 0.347602 0.172252 
0.068866 0.079852 0.596551 0.847184 0.109965 0.072101 0.070076 0.187533 0.132617 0.041046 
0.036305 0.037714 0.201620 0.215440 1.290869 0.110977 0.052054 0.088515 0.426381 0.202546 
0.107283 0.060725 0.178800 0.068976 1.004506 0.700214 0.069537 0.175423 0.758496 0.621167 
0.019136 0.059712 0.022017 0.091063 0.531789 2.310917 0.047798 0.120847 0.361419 0.188588 
0.011671 0.010316 0.256667 0.021262 0.452927 0.389484 1.483440 0.195191 0.261344 0.199185 
0.056052 0.021664 0.185321 0.544930 0.049372 0.051960 0.069034 1.924434 0.313229 0.160856 
0.037027 0.035721 0.303774 0.204791 1.000277 0.046832 0.036826 1.865347 0.288562 0.037592 
0.095616 0.043881 0.352448 0.051515 0.073478 0.041349 0.963847 1.814993 0.224953 0.180065 
0.029108 0.188442 0.041769 0.267224 0.089444 0.053519 0.020418 0.030975 4.818279 0.163015 
0.066235 0.016483 0.416642 0.025597 0.054843 0.047063 0.020196 0.595867 2.710436 0.432620 
0.025486 0.049475 0.028561 1.072670 0.061834 0.059269 0.026484 0.083978 4.208630 0.274480 
0.088234 0.080740 0.095491 0.061983 0.061226 0.562882 0.080145 0.138199 3.925634 0.046436 
0.073712 0.086219 0.291449 0.082237 0.081948 0.080710 0.915141 0.165713 2.560685 0.196880 
0.026706 0.071622 0.031884 0.132048 0.249350 0.420239 0.517245 0.181606 0.237356 5.242323 
0.028868 0.028065 0.196340 0.244562 0.054828 0.044746 0.359591 0.117360 1.973168 4.062701 
