2.334715 2.327248 1.000497 1.000535 1.000985 1.000915 1.001196 1.001408 1.001460 0.999835 
2.119021 2.125242 1.018463 1.028649 1.039153 1.254767 1.061746 1.072741 1.083733 2.931299 
1.189163 4.618651 1.000438 1.000495 1.000715 1.000849 1.001044 1.001303 1.001622 0.999849 
2.221588 1.000043 3.330995 1.000500 1.001000 1.000941 1.001095 1.001269 1.001307 0.999858 
2.193261 1.000443 3.283365 1.006499 1.148965 1.011181 1.013404 1.015636 1.017766 0.997801 
1.309779 2.526822 3.775427 1.000641 1.000854 1.001166 1.001239 1.001578 1.001680 0.999803 
1.140528 0.999841 6.573820 1.000559 1.001030 1.001070 1.001260 1.001444 1.001790 0.999832 
2.180511 1.000036 1.000205 4.271935 1.000955 1.000935 1.001312 1.001423 1.001745 0.999842 
1.275179 2.493208 1.000168 4.905725 1.000984 1.001201 1.001541 1.001808 1.001914 0.999778 
0.927009 1.948419 0.995894 4.390604 1.304711 1.453476 1.535554 1.720532 1.819801 1.489976 
1.209618 0.999838 3.568886 4.730640 1.000851 1.001061 1.001259 1.001591 1.001690 0.999796 
0.981157 1.361559 3.309416 4.409337 1.092697 1.359369 1.147809 1.175276 1.203901 0.974622 
1.115423 0.999876 0.999882 8.534278 1.000626 1.000741 1.001034 1.001218 1.001249 0.999869 
1.002706 1.044841 0.990609 8.370689 1.043904 1.055431 1.067051 1.109305 1.090994 1.496840 
2.143790 1.000027 1.000108 1.000250 5.275497 1.000780 1.001014 1.001194 1.001240 0.999974 
1.268539 2.447207 1.000109 1.000171 6.033478 1.000956 1.001050 1.001302 1.001323 0.999852 
1.202237 0.999841 3.502586 1.000236 5.811155 1.001054 1.001440 1.001532 1.001846 0.999809 
1.001702 1.987248 3.016466 1.001964 5.091810 1.010753 1.008603 1.041761 1.012642 0.998586 
1.001316 1.970739 2.995586 1.006144 5.065562 1.026363 1.027330 1.063721 1.037989 0.995416 
1.174792 0.999859 0.999865 4.580251 5.645056 1.001096 1.001156 1.001495 1.001561 0.999826 
1.096306 0.999811 0.999821 0.999831 10.512652 1.001081 1.001261 1.001614 1.001722 0.999914 
2.127265 1.000020 1.000101 1.000193 1.000467 6.230310 1.001083 1.001157 1.001148 0.999875 
2.084474 1.000752 1.005063 1.009419 1.013987 6.147857 1.046215 1.054069 1.061901 1.073313 
1.262865 2.420086 1.000088 1.000199 1.000340 7.155291 1.001134 1.001478 1.001630 0.999830 
0.845588 1.670858 1.013297 1.050826 1.151009 5.073139 1.960443 2.230064 2.593007 1.259611 
1.195839 0.999885 3.457441 1.000161 1.000273 6.904570 1.001103 1.001161 1.001492 0.999872 
1.174038 0.999799 0.999827 4.485585 1.000469 6.719509 1.001525 1.001893 1.002000 0.999765 
1.149050 0.999875 0.999890 0.999898 5.552188 6.638784 1.001000 1.001172 1.001191 0.999872 
1.040876 0.976241 0.977133 0.978046 0.978979 12.102583 1.148368 1.175828 1.203894 0.974536 
2.099578 1.000026 1.000183 1.000306 1.000425 1.000542 7.292932 1.001811 1.001984 0.999778 
2.023998 1.000164 1.053625 1.005665 1.008373 1.011093 7.507930 1.035707 1.040842 0.994920 
1.253905 2.388329 1.000116 1.000259 1.000338 1.000456 8.353794 1.001699 1.002237 0.999772 
1.220391 2.269610 1.007757 1.018236 1.028885 1.039855 8.162749 1.153845 1.178101 0.977760 
1.179515 0.999780 3.458117 1.000271 1.000542 1.000666 7.997536 1.002073 1.002198 0.999942 
1.159917 0.999808 0.999837 4.482802 1.000431 1.000529 7.778002 1.001719 1.001857 0.999786 
1.028263 0.905623 0.915197 3.485523 1.198882 1.193908 6.961422 1.725662 1.885192 0.889367 
1.122536 0.981818 0.983416 0.985045 5.344280 1.044707 7.453798 1.147308 1.170368 0.978784 
1.117315 0.977714 0.979689 0.981702 5.297881 1.054308 7.419423 1.179989 1.208922 0.973936 
1.017585 0.933350 0.937238 0.941416 0.945889 6.098509 7.138604 1.493725 1.588970 0.926425 
0.980226 0.924811 0.927657 0.930727 0.934113 0.937627 13.298915 1.536214 1.642003 0.919769 
0.985685 0.918006 0.921968 0.926273 0.931049 0.971623 12.994595 1.591154 1.711522 0.912820 
2.105882 1.000022 1.000185 1.000206 1.000354 1.000450 1.000456 8.145520 1.001286 0.999858 
1.232794 2.400723 1.000096 1.000162 1.000399 1.000371 1.000448 9.527193 1.001678 0.999843 
1.182147 0.999839 3.436064 1.000211 1.000341 1.000458 1.000491 9.039254 1.001590 0.999824 
1.160528 0.999800 0.999824 4.442920 1.000475 1.000571 1.000676 8.821742 1.001958 0.999769 
1.017714 0.930198 0.934498 0.939154 5.078721 1.149451 1.198007 8.177666 1.619872 0.922620 
0.993177 0.907704 0.913733 0.920410 4.836109 1.189575 1.256797 8.063909 1.833818 0.897425 
0.957005 0.887824 0.894042 0.901017 0.908837 5.872943 1.304821 7.927916 1.980563 0.877451 
0.991638 0.982139 0.982230 0.982322 1.263215 6.880230 1.048890 8.367234 1.144338 0.981982 
0.914899 0.853372 0.861502 0.870943 0.881874 0.894452 6.864826 7.776792 2.276258 0.840586 
0.936870 0.864043 0.872818 0.882909 0.894504 0.907752 0.922850 14.538908 2.200509 0.849952 
2.215396 1.000057 1.000181 1.000266 1.000584 1.000556 1.000574 1.000770 8.052055 0.999841 
1.315715 2.535832 1.000185 1.000256 1.000349 1.000467 1.000593 1.000763 9.238140 0.999816 
1.249388 0.999755 3.632087 1.000435 1.000633 1.000781 1.001062 1.001231 8.845969 0.999690 
1.149752 0.967620 0.971757 4.519139 1.071300 1.096427 1.122344 1.149433 8.343589 0.959848 
1.032536 0.893849 0.915549 3.657532 1.174022 1.259281 1.354800 1.538440 8.383619 0.925346 
0.914496 0.830410 0.845403 0.863326 4.832810 1.415167 1.590386 1.797412 7.224013 0.813733 
0.806407 0.747609 0.768883 0.796370 0.831518 5.528924 1.819553 2.182379 7.001024 0.719686 
0.823372 0.766627 0.790273 0.809952 0.845079 0.871683 7.097517 2.076350 7.514813 0.805078 
0.888992 0.841313 0.848240 0.860592 0.866313 0.877467 0.890371 9.258153 8.436924 0.834793 
0.895042 0.847704 0.854139 0.865765 0.870774 0.881319 0.892698 9.307249 8.432153 0.841855 
0.402387 0.409626 0.446396 0.549074 0.864658 0.810076 3.974838 5.682098 5.867031 0.412362 
0.518086 0.540410 0.633753 0.592774 0.911952 0.820572 4.660118 6.156318 4.955586 0.520057 
0.839226 0.759712 0.787909 0.824263 0.870803 0.929336 1.003110 1.104762 15.664997 0.750244 
0.078806 0.089175 0.130010 0.199223 0.370178 0.741478 1.533359 4.214245 8.754571 0.747808 
2.541727 1.000082 1.000238 1.000307 1.000702 1.000557 1.000649 1.000870 1.000903 5.571108 
2.458165 1.004121 1.010655 1.105943 1.024531 1.037913 1.037882 1.044875 1.051743 5.562553 
1.487014 2.928033 1.000238 1.000392 1.000538 1.000695 1.000818 1.001079 1.001148 6.476035 
1.425083 0.999869 4.169029 1.000474 1.000902 1.000904 1.000976 1.001718 1.001329 6.170062 
1.100678 1.707420 3.120179 1.123473 1.181918 1.244232 1.311164 1.405404 1.460302 4.707536 
0.940688 1.974739 3.044442 1.133418 1.198748 1.268991 1.344977 1.449286 1.516135 4.698671 
0.944539 1.995322 3.078242 1.127444 1.188609 1.254393 1.325108 1.423118 1.486169 4.743737 
1.389267 0.999857 0.999930 5.410765 1.000848 1.000843 1.001099 1.001307 1.001437 6.066567 
1.019134 0.989190 1.045604 6.734050 1.091190 1.039624 1.048398 1.057274 1.066134 5.586359 
0.952167 1.955962 0.988345 4.228596 1.166245 1.220477 1.279284 1.387294 1.412256 4.719485 
1.372243 0.999425 0.999596 0.999770 6.618906 1.003242 1.003910 1.004709 1.005301 5.994836 
0.974612 1.944962 0.990644 1.016995 4.950021 1.264335 1.337332 1.416393 1.499959 4.352737 
0.979614 1.966351 0.991935 1.028247 5.008043 1.247309 1.314254 1.386474 1.462328 4.358565 
1.360724 0.999833 0.999900 0.999944 1.000002 7.902084 1.001250 1.001437 1.001515 5.877679 
1.349228 0.996148 0.997243 0.998322 0.999421 7.808163 1.025552 1.030141 1.034642 5.906655 
1.278381 0.974592 0.980979 0.987589 0.994448 1.001559 8.865430 1.188094 1.221077 5.631447 
1.019540 1.216221 1.422016 0.988969 0.995071 1.001375 8.912291 1.168767 1.197880 5.635380 
1.106466 0.892482 0.917804 0.946986 0.980375 1.018400 1.061788 9.293711 1.904411 5.082403 
0.974565 0.842433 0.902902 0.900061 0.936041 0.978581 1.028824 7.265366 4.778202 5.037132 
0.915478 0.771740 0.837824 0.925579 1.040638 1.190755 1.383246 1.630610 8.116583 4.898407 
1.096150 0.855900 0.912921 0.983239 1.069147 1.173613 1.299934 1.452137 8.244165 4.985014 
0.192336 0.203822 0.251105 0.373046 0.471451 0.763104 1.321224 4.831608 6.230640 3.679430 
0.158237 0.168716 0.210266 0.332006 0.441845 0.756159 1.374793 2.577764 8.897719 3.282664 
0.357167 0.357032 0.423967 0.651925 0.625137 0.842294 1.219062 1.805178 10.501285 3.478731 
1.698966 0.999804 1.000054 1.000272 1.000509 1.000781 1.000986 1.001227 1.001435 13.984311 
1.398216 0.973449 1.836122 1.086616 1.059795 1.100367 1.115957 1.146210 1.178063 11.670790 
0.113316 0.120075 0.147083 0.222919 0.316236 0.558065 1.054552 2.058298 6.230364 7.838427 
0.337936 0.350706 0.411476 0.413576 0.480970 0.893085 0.970088 1.423810 7.696016 8.063240 
0.039727 0.039728 0.039728 0.039730 0.039734 0.039744 0.039764 0.039809 0.039904 20.039320 
0.304461 0.304659 0.305557 0.307954 0.314813 0.316185 0.376781 0.372700 0.423246 19.928027 
2.612974 1.000897 1.002553 1.002502 1.113217 1.253141 1.589480 1.623471 1.869098 1.583859 
1.521392 2.944221 1.000694 1.001079 1.309781 1.350795 1.773292 1.812968 1.905178 1.713218 
1.413368 0.970166 4.093427 1.125674 1.178291 1.303422 1.515426 1.706178 1.593630 1.550347 
0.900318 1.837272 2.847643 1.207607 1.323447 1.454837 1.602880 1.769262 1.956734 2.892186 
1.360318 0.958409 0.977738 5.297253 1.233786 1.311192 1.508035 1.628966 1.590616 1.551170 
0.999949 1.765877 2.586661 4.273709 1.034639 1.043812 1.053119 1.062639 1.072044 3.023654 
0.908581 1.819051 0.975722 3.901625 1.308445 1.620415 1.565069 1.708320 1.873855 2.757715 
1.344533 0.954137 0.975045 0.997627 6.573810 1.335925 1.427215 1.667531 1.636971 1.589507 
1.763971 0.996357 1.003304 1.026550 6.382973 1.080957 1.098377 1.116875 1.134293 1.460766 
0.895664 1.766868 0.970202 1.016718 4.799398 1.461651 1.613363 1.783144 1.974969 2.922452 
0.830572 0.839069 0.990411 3.331760 4.277767 1.595166 1.805676 2.048390 2.327942 1.240462 
1.347107 0.950959 0.974686 1.000591 1.063050 7.811870 1.480041 1.580470 1.700205 1.531953 
0.897858 1.753706 0.968517 1.013426 1.089300 5.696966 1.570809 1.726789 1.904925 3.660847 
0.836488 0.929018 2.560380 1.062842 1.147027 5.342241 1.795786 2.034580 2.308799 1.296090 
0.845484 0.941656 2.509986 1.052086 1.127605 5.175797 1.713052 1.923695 3.506775 0.846440 
0.803418 0.814219 0.978177 3.174772 1.163092 5.004023 1.898448 2.191920 2.536455 1.272729 
0.828316 0.838541 0.994361 3.430725 1.163359 5.307335 1.834386 2.086756 2.377474 0.834728 
0.779766 0.781319 0.802492 1.055978 3.914193 4.804467 1.971662 2.310678 2.715262 1.258870 
0.768054 0.770270 0.799136 1.049389 3.896168 4.807201 2.037180 2.409034 2.856543 0.771995 
1.345339 0.956011 0.975570 0.996616 1.027040 1.245716 9.350082 1.733957 1.607628 1.563623 
0.845786 1.647574 0.957456 1.034374 1.126548 1.313156 5.940215 2.120253 2.452625 2.596661 
0.858464 1.677036 0.962944 1.037335 1.125638 1.308124 5.999736 2.077406 2.388993 2.605511 
0.805356 0.905591 2.387119 1.061695 1.163817 1.285621 6.203183 2.208298 2.560881 1.284457 
0.770227 0.784223 0.962590 3.003671 1.181106 1.327935 5.820675 2.364458 2.797666 1.235123 
0.811407 0.823744 1.017194 3.285283 1.173943 1.292153 6.084605 2.150185 2.474875 1.276553 
0.741874 0.745167 0.777170 1.039295 3.716257 1.349938 5.586385 2.494426 3.006017 1.267127 
0.761623 0.778540 0.764556 1.056237 3.947222 1.353435 5.829356 2.450757 2.921871 0.765266 
0.715612 0.716683 0.727137 0.823947 1.088725 4.561930 5.486464 2.611298 3.202024 1.293508 
0.829698 0.830485 0.834018 0.909545 1.132081 5.624723 6.374731 2.076304 2.362782 0.830904 
1.343216 0.950632 0.974116 0.999810 1.027749 1.265076 1.368793 10.510795 1.697095 1.564485 
0.851501 1.673671 0.961098 1.051353 1.127427 1.234390 1.362531 7.512085 2.415020 2.511281 
0.767908 0.878499 2.243027 1.066701 1.195710 1.354504 1.548173 6.973442 2.865975 1.276557 
0.806024 0.876754 2.414011 1.076984 1.193217 1.332897 1.500298 7.070946 2.659679 1.303117 
0.726941 0.745110 0.941054 2.818406 1.208238 1.396927 1.633615 6.595405 3.130117 1.267377 
0.795592 0.809561 1.011353 3.344107 1.205269 1.343636 1.508411 6.816803 2.592038 1.336752 
0.697973 0.701719 0.737916 1.042771 3.563103 1.419313 1.689646 6.392994 3.341514 1.268145 
0.662342 0.664440 0.681948 0.820699 1.054312 4.374825 1.722705 6.380417 3.610944 1.271845 
0.725304 0.724797 0.739064 0.866515 1.078398 4.913205 1.630528 6.588885 3.128978 1.327220 
0.642052 0.643580 0.655273 0.735880 0.942507 1.032662 5.587514 6.479399 3.764457 1.267404 
0.648240 0.648964 0.658419 0.721900 0.993118 1.199501 1.348498 11.255199 3.742382 1.113546 
1.371530 0.938523 0.982841 1.037843 1.091221 1.289485 1.527473 1.626260 9.871762 1.561485 
0.676600 0.804302 1.944476 1.081653 1.294169 1.581453 1.947721 2.448165 6.338697 1.275606 
0.746064 0.901221 2.416780 1.168192 1.323736 1.551043 1.834343 2.185609 5.928709 1.356663 
0.624463 0.655205 0.875746 2.434606 1.276582 1.592328 2.019995 2.594798 6.357804 1.243941 
0.763700 0.717474 0.738465 2.974059 1.312563 1.575239 1.913527 2.386845 6.097209 1.312398 
0.550335 0.559975 0.621716 0.970098 2.898913 1.610183 2.148105 2.909219 6.153257 1.246049 
0.497721 0.506956 0.544961 0.776970 0.963939 3.835154 2.251934 3.180028 5.967213 1.109501 
0.582404 0.579599 0.635849 0.831242 1.030450 4.639987 2.193834 2.965588 5.520070 1.189927 
0.425040 0.432766 0.473453 0.654166 0.843141 0.984464 4.883625 3.329756 6.306747 1.290278 
0.280444 0.291483 0.337652 0.505972 0.713354 0.880592 1.427393 6.503639 6.512370 1.134192 
0.307213 0.320535 0.377904 0.594530 0.653798 0.899807 1.360329 2.159207 11.462259 1.248654 
1.628755 0.977321 1.018459 1.063385 1.296451 1.538683 1.806541 2.024793 1.805510 7.024040 
0.924012 2.533955 1.061622 1.147875 1.245848 1.356676 1.481971 1.623187 1.781738 6.052092 
0.831910 0.966844 3.254755 1.165311 1.291118 1.437871 1.608489 1.807040 2.034666 5.455569 
0.810649 0.825325 1.053428 4.221543 1.305125 1.466661 1.656574 1.880329 2.139441 5.272602 
0.767323 0.770805 0.807821 1.145812 4.951531 1.516335 1.756551 2.046796 2.396492 5.221882 
0.718502 0.720365 0.739940 0.889084 1.159156 5.812552 1.852297 2.226771 2.693433 5.135592 
0.661222 0.662651 0.673294 0.759965 0.985814 1.184693 6.899466 2.413158 3.034306 5.101854 
0.579901 0.580980 0.592454 0.657546 0.856758 1.054936 1.254014 8.258805 3.493171 5.182440 
0.333147 0.347017 0.409197 0.580955 0.709898 0.877380 1.291425 1.985519 8.349547 5.247748 
0.449305 0.460683 0.524094 0.818679 0.940132 1.131472 1.371642 1.897222 2.703068 11.386951 
