2.011414 0.014223 0.016858 0.012962 0.012252 
1.971312 0.797227 0.010726 0.016366 0.012599 
1.801816 1.795786 0.014555 0.014548 0.017194 
1.428174 2.837528 0.014393 0.023749 0.013197 
0.908248 3.593670 0.017888 0.015545 0.015635 
0.407691 3.937671 0.017421 0.026931 0.017159 
0.012622 4.012507 0.015467 0.012539 0.013713 
1.974895 0.015142 1.177184 0.022673 0.013749 
1.899264 0.946721 1.422006 0.012575 0.012707 
1.620706 2.155786 1.639391 0.026966 0.018811 
1.076542 3.227061 1.634047 0.014383 0.016212 
0.476351 3.795436 1.402094 0.015182 0.015354 
0.012671 3.934174 1.195349 0.026396 0.033205 
1.797657 0.011543 2.693677 0.018793 0.009869 
1.613367 1.079317 3.250115 0.017072 0.017306 
1.179635 2.291145 3.477553 0.013188 0.013156 
0.544045 3.229054 3.210895 0.014503 0.015396 
0.018644 3.595381 2.704517 0.022366 0.019665 
1.418337 0.013594 4.276368 0.014216 0.012754 
1.084468 1.085472 4.827959 0.017531 0.016161 
0.546798 2.136359 4.856317 0.020650 0.020003 
0.013332 2.858351 4.229278 0.023086 0.014745 
0.910067 0.008918 5.365306 0.014053 0.010060 
0.474223 0.921946 5.687951 0.016390 0.012215 
0.016167 1.798171 5.384523 0.014274 0.015420 
0.395810 0.016129 5.906963 0.017192 0.017454 
0.014908 0.774151 5.901979 0.013623 0.018154 
0.009867 0.013467 6.009718 0.012651 0.012031 
1.974598 0.015264 0.019252 1.593464 0.014977 
1.901322 0.954644 0.013482 1.859470 0.015292 
1.621279 2.173809 0.021806 2.146971 0.022692 
1.080371 3.223001 0.012807 2.138984 0.013020 
0.483321 3.793493 0.020039 1.915361 0.021856 
0.017513 3.938305 0.024594 1.596542 0.023902 
1.897602 0.012376 1.431026 1.897805 0.013522 
1.750805 1.165460 1.742243 2.358897 0.020749 
1.284620 2.552779 1.904657 2.578748 0.022561 
0.583899 3.489248 1.736418 2.331860 0.018502 
0.018934 3.784816 1.432997 1.899775 0.015152 
1.614004 0.025068 3.267292 2.208840 0.026874 
1.271394 1.267157 3.838215 2.545000 0.015157 
0.652318 2.543611 3.807829 2.536244 0.021536 
0.012257 3.218714 3.222836 2.141670 0.033392 
1.082086 0.016385 4.845784 2.100287 0.016245 
0.586141 1.158266 5.213074 2.390328 0.018064 
0.015102 2.117644 4.848360 2.190153 0.014641 
0.474539 0.016901 5.684236 1.889405 0.018077 
0.011628 0.950250 5.660768 1.920356 0.009355 
0.011115 0.013608 5.891831 1.592175 0.020845 
1.800211 0.014148 0.018454 3.591546 0.017880 
1.620295 1.090779 0.020098 4.285420 0.017603 
1.161696 2.334035 0.014668 4.627388 0.017086 
0.546963 3.238002 0.023378 4.288046 0.027453 
0.016909 3.597000 0.015574 3.572136 0.019724 
1.629975 0.016305 1.538280 4.267209 0.014894 
1.279622 1.284528 1.907910 5.078475 0.016853 
0.659922 2.576559 1.918339 5.045064 0.026985 
0.012048 3.238221 1.535020 4.277976 0.010907 
1.166664 0.023000 3.515204 4.644722 0.023313 
0.628545 1.266997 3.853470 5.079419 0.018720 
0.020314 2.313334 3.486487 4.658497 0.023351 
0.536795 0.018533 4.848303 4.278803 0.016684 
0.015994 1.078668 4.836418 4.270602 0.015920 
0.014074 0.012527 5.394707 3.544803 0.012831 
1.422806 0.014548 0.016406 5.685276 0.013405 
1.078496 1.074896 0.011704 6.428639 0.011614 
0.550776 2.157839 0.020517 6.427918 0.017654 
0.014726 2.855552 0.020645 5.646391 0.015446 
1.080135 0.012725 1.599874 6.437285 0.015046 
0.580319 1.146287 1.664925 7.004934 0.016383 
0.018578 2.152535 1.624510 6.437229 0.023672 
0.558140 0.024224 3.227116 6.440200 0.030202 
0.021191 1.090669 3.224838 6.437921 0.027924 
0.011520 0.016225 4.269399 5.647976 0.012492 
0.908149 0.016826 0.016815 7.174685 0.016436 
0.482570 0.959106 0.016410 7.561735 0.015903 
0.014478 1.808152 0.018288 7.164947 0.022490 
0.487869 0.018325 1.454515 7.552946 0.020371 
0.016066 0.957083 1.453191 7.551622 0.019047 
0.014189 0.017140 2.703539 7.165538 0.020617 
0.404692 0.013490 0.014044 7.858267 0.015219 
0.011686 0.785598 0.010957 7.859175 0.018898 
0.014512 0.015610 1.215372 7.852419 0.021000 
0.009662 0.010125 0.009734 8.009633 0.013404 
1.973001 0.012439 0.014969 0.013495 1.977785 
1.901084 0.974698 0.018322 0.015695 2.325981 
1.611172 2.177360 0.019970 0.019475 2.708718 
1.078185 3.223026 0.020957 0.015686 2.698772 
0.487539 3.793785 0.019438 0.023912 2.355673 
0.012485 3.933107 0.017488 0.012375 1.993270 
1.897412 0.015503 1.451041 0.016138 2.349411 
1.744933 1.180330 1.739469 0.013474 2.884902 
1.283568 2.540210 1.956464 0.025105 3.129140 
0.590177 3.476549 1.733628 0.019525 2.909385 
0.013803 3.786210 1.432370 0.025002 2.351456 
1.608528 0.014932 3.261790 0.014640 2.670826 
1.290544 1.293098 3.848509 0.032871 3.206452 
0.651787 2.565297 3.830638 0.025757 3.018238 
0.020320 3.232155 3.216327 0.023307 2.694661 
1.079957 0.020864 4.824750 0.015075 2.688103 
0.581559 1.153053 5.223473 0.016392 2.914982 
0.015798 2.151345 4.828348 0.018710 2.691701 
0.478562 0.015853 5.671685 0.016050 2.413883 
0.015847 0.943746 5.679956 0.025805 2.359967 
0.012921 0.014279 5.894592 0.016066 1.981788 
1.903556 0.023606 0.018187 1.923310 2.354764 
1.754948 1.170966 0.020448 2.291317 2.905999 
1.278461 2.562133 0.018754 2.521949 3.171407 
0.587856 3.493660 0.021702 2.319816 2.902189 
0.015818 3.779792 0.016844 1.901993 2.409119 
1.758947 0.028697 1.751362 2.307338 2.954089 
1.440198 1.404871 2.157871 2.897565 3.493353 
0.724666 2.844666 2.116549 2.854880 3.556717 
0.022892 3.505131 1.667043 2.320923 2.923091 
1.290280 0.041590 3.822872 2.547440 3.205216 
0.698500 1.420597 4.329171 2.830117 3.593431 
0.018397 2.566497 3.794329 2.542709 3.152425 
0.582413 0.029887 5.249662 2.328807 2.924160 
0.012483 1.166399 5.216228 2.314704 2.869158 
0.012895 0.020950 5.677822 1.860202 2.360066 
1.605867 0.013968 0.012959 4.346242 2.680627 
1.271798 1.272586 0.018930 5.113156 3.189028 
0.639285 2.544744 0.018622 5.085403 3.172263 
0.015877 3.200500 0.011295 4.341973 2.680008 
1.270383 0.016414 1.927660 5.090101 3.202373 
0.683122 1.442462 2.068067 5.759242 3.619584 
0.014507 2.527304 1.928521 5.092636 3.187263 
0.647353 0.023669 3.837135 5.079507 3.174657 
0.018470 1.268482 3.827852 5.074127 3.153312 
0.014634 0.019305 4.819992 4.298032 2.684765 
1.082140 0.018345 0.017760 6.453496 2.655019 
0.596209 1.174106 0.021675 6.949343 2.916371 
0.020790 2.157921 0.022165 6.427329 2.714867 
0.589898 0.019496 1.783069 6.940589 2.911457 
0.020020 1.159647 1.724537 6.971882 2.900632 
0.012738 0.015851 3.259629 6.396431 2.666202 
0.479921 0.021626 0.022560 7.572945 2.395675 
0.017992 0.933641 0.016908 7.569447 2.382382 
0.014178 0.015474 1.399826 7.563659 2.383206 
0.011757 0.011672 0.011766 7.856689 1.969512 
1.796563 0.010220 0.013903 0.009729 4.501583 
1.618012 1.081262 0.019701 0.015695 5.369220 
1.168733 2.313525 0.021499 0.026467 5.822559 
0.548041 3.233681 0.021713 0.018763 5.321791 
0.018954 3.593606 0.022646 0.021313 4.504360 
1.625382 0.019913 1.626474 0.021038 5.347131 
1.280091 1.285433 1.904387 0.023135 6.342114 
0.655256 2.555302 1.935587 0.027901 6.339298 
0.017621 3.224841 1.630137 0.015445 5.342781 
1.173334 0.019974 3.487024 0.019182 5.786407 
0.638242 1.256576 3.835928 0.032024 6.448441 
0.014315 2.309935 3.495509 0.013805 5.785981 
0.553069 0.022780 4.848217 0.027067 5.340988 
0.015347 1.077123 4.840192 0.019574 5.333523 
0.009836 0.010121 5.379027 0.012313 4.472319 
1.605610 0.009665 0.011261 2.130101 5.416949 
1.267839 1.268655 0.017920 2.495051 6.441769 
0.649919 2.546845 0.025049 2.532708 6.387689 
0.027100 3.226620 0.025037 2.117403 5.418089 
1.276093 0.020334 1.924423 2.536390 6.393143 
0.731946 1.443142 2.167010 2.811060 7.096128 
0.018051 2.534748 1.898918 2.555239 6.381927 
0.638441 0.015270 3.825672 2.464969 6.385742 
0.022766 1.260622 3.846757 2.506935 6.351380 
0.016766 0.018661 4.824136 2.187303 5.342862 
1.163349 0.020725 0.020699 4.659201 5.811444 
0.645072 1.288567 0.014015 5.014013 6.401015 
0.010060 2.296510 0.014505 4.655336 5.802194 
0.627051 0.023252 1.905284 5.117091 6.386692 
0.027529 1.255815 1.886389 5.134427 6.361959 
0.018764 0.022052 3.510658 4.583418 5.812850 
0.548013 0.021154 0.022665 6.417219 5.415310 
0.013284 1.117632 0.023232 6.392917 5.371599 
0.013265 0.017516 1.672249 6.394512 5.373194 
0.011562 0.011933 0.011585 7.166760 4.484048 
1.426702 0.010117 0.010545 0.012761 7.059877 
1.077326 1.088573 0.019447 0.019140 8.063324 
0.545905 2.140870 0.024008 0.026884 8.088584 
0.015454 2.835645 0.015380 0.017092 7.106709 
1.088804 0.014771 1.627951 0.022739 8.009268 
0.587183 1.157955 1.722829 0.021510 8.728293 
0.017917 2.143424 1.619212 0.027234 8.047737 
0.539571 0.013948 3.211921 0.015511 8.055713 
0.023746 1.076245 3.210044 0.015075 8.052778 
0.013411 0.016169 4.240894 0.013915 7.105287 
1.083015 0.023463 0.019419 2.157624 8.051157 
0.584362 1.173617 0.019841 2.329833 8.690785 
0.018369 2.162665 0.020069 2.175717 8.013081 
0.588211 0.024505 1.778382 2.347391 8.680604 
0.020037 1.143185 1.748067 2.265993 8.732417 
0.023685 0.026733 3.230895 2.158563 8.041936 
0.543169 0.022962 0.022246 4.312330 8.050784 
0.010180 1.070869 0.012037 4.290187 8.031618 
0.017489 0.019651 1.617914 4.294370 8.035774 
0.010738 0.010995 0.011060 5.652568 7.100518 
0.892041 0.009405 0.010232 0.011612 8.981480 
0.478374 0.949997 0.015350 0.014366 9.453864 
0.013900 1.785817 0.016195 0.013884 8.979173 
0.479418 0.017793 1.428827 0.032746 9.456575 
0.017419 0.953050 1.405764 0.053016 9.460172 
0.010951 0.011610 2.682326 0.011933 8.964110 
0.485292 0.024273 0.024803 1.875878 9.474187 
0.017181 0.960770 0.015536 1.933546 9.429621 
0.011707 0.012216 1.410168 1.915081 9.439873 
0.012102 0.012233 0.012067 3.559582 8.975102 
0.384478 0.013613 0.013290 0.013579 9.839254 
0.012155 0.798770 0.022416 0.011502 9.815222 
0.016179 0.027310 1.217107 0.014658 9.810299 
0.013005 0.011551 0.016311 1.559989 9.822402 
0.009654 0.013845 0.011613 0.016636 10.009605 
