2.004039 0.005247 0.004661 0.006221 0.004260 0.005037 0.006858 0.010397 
1.794773 1.796280 0.006370 0.008409 0.010485 0.009980 0.011639 0.007712 
0.894749 3.592812 0.007935 0.008885 0.011965 0.008031 0.008215 0.008995 
0.006766 4.003398 0.005634 0.006801 0.003625 0.004402 0.006201 0.004267 
1.795263 0.010286 2.698841 0.011139 0.008154 0.008761 0.010217 0.008458 
1.156973 2.329940 3.472139 0.010740 0.008958 0.012266 0.008842 0.010321 
0.009983 3.585046 2.689556 0.009551 0.007459 0.011983 0.007877 0.007876 
0.897102 0.006939 5.376669 0.013533 0.006051 0.006721 0.006527 0.006394 
0.009905 1.793690 5.377699 0.010341 0.008838 0.013278 0.011048 0.011025 
0.004235 0.009555 6.003920 0.009167 0.004286 0.007683 0.003946 0.007956 
1.793659 0.008000 0.008336 3.608108 0.008394 0.010921 0.008531 0.007889 
1.158798 2.315847 0.007260 4.639561 0.009530 0.010455 0.007880 0.007887 
0.010663 3.588913 0.009746 3.573515 0.015366 0.011389 0.008660 0.014493 
1.160634 0.008016 3.466128 4.639675 0.007596 0.008424 0.008344 0.008767 
0.010665 2.323050 3.478502 4.613175 0.016647 0.012697 0.009946 0.011629 
0.006571 0.015238 5.376026 3.576489 0.012269 0.012103 0.007076 0.007397 
0.897434 0.006304 0.007186 7.167773 0.008548 0.009418 0.008903 0.007388 
0.011116 1.798462 0.012173 7.164651 0.009637 0.011838 0.010231 0.010952 
0.005873 0.005062 2.694318 7.155677 0.008862 0.009112 0.005304 0.005327 
0.005323 0.005968 0.005911 8.005271 0.005569 0.005472 0.005730 0.019811 
1.794766 0.009124 0.008542 0.010034 4.501612 0.011842 0.008525 0.014322 
1.159248 2.335778 0.011390 0.013625 5.765690 0.014047 0.009691 0.011046 
0.008036 3.585864 0.007493 0.009774 4.464370 0.006810 0.008359 0.018715 
1.160330 0.012739 3.491570 0.013608 5.790257 0.015581 0.014461 0.018024 
0.011059 2.328969 3.483610 0.011535 5.737172 0.009018 0.013408 0.012109 
0.007026 0.010016 5.378349 0.006941 4.454382 0.005179 0.007777 0.019287 
1.159867 0.012308 0.011244 4.621961 5.815838 0.015194 0.012725 0.010212 
0.010473 2.291268 0.009052 4.655006 5.814638 0.012664 0.009658 0.023747 
0.006657 0.009961 3.467795 4.659516 5.742195 0.011275 0.006964 0.021060 
0.004618 0.004626 0.005718 7.170563 4.450334 0.008563 0.005077 0.006326 
0.903447 0.005699 0.006565 0.007139 8.941138 0.010593 0.006550 0.006293 
0.011973 1.790582 0.011421 0.012787 8.965537 0.014941 0.010682 0.012430 
0.006821 0.009268 2.722661 0.008269 8.923562 0.010627 0.007141 0.007372 
0.005889 0.006025 0.010112 3.574414 8.955852 0.010746 0.006101 0.006591 
0.004657 0.004658 0.004657 0.004657 10.004657 0.004775 0.004804 0.006161 
1.793445 0.007026 0.007303 0.011368 0.007226 5.398962 0.007734 0.007475 
1.164223 2.322582 0.011022 0.010649 0.013303 6.928781 0.009880 0.023860 
0.008450 3.582788 0.007924 0.009017 0.008488 5.377564 0.006419 0.006678 
1.161922 0.009298 3.458723 0.013393 0.009604 6.976966 0.009068 0.010297 
0.007672 2.314017 3.476498 0.009033 0.009556 6.925816 0.012194 0.006527 
0.008002 0.017412 5.372329 0.009646 0.017212 5.376243 0.006581 0.007421 
1.154311 0.009499 0.008836 4.669069 0.009058 6.929592 0.009263 0.009482 
0.008778 2.324066 0.010649 4.634575 0.007108 6.898441 0.009775 0.013070 
0.013688 0.013320 3.467268 4.663318 0.012508 6.905393 0.014016 0.011974 
0.005520 0.005593 0.018516 7.180236 0.009512 5.313684 0.008497 0.012687 
1.167818 0.015845 0.014829 0.014576 5.774992 6.966502 0.014768 0.015042 
0.012191 2.326746 0.010858 0.012502 5.777119 6.926670 0.011091 0.013861 
0.008703 0.009496 3.495974 0.009445 5.761450 6.911890 0.008183 0.008810 
0.008863 0.010111 0.007601 4.658383 5.761088 6.911573 0.007867 0.007770 
0.006552 0.006579 0.008342 0.006905 8.949335 5.376566 0.007323 0.007258 
0.901652 0.010971 0.010577 0.011661 0.015899 10.753673 0.012505 0.011394 
0.007761 1.804841 0.007744 0.008004 0.007939 10.728309 0.007887 0.008819 
0.005307 0.008944 2.701743 0.005882 0.005151 10.724135 0.007582 0.006022 
0.006293 0.008731 0.007057 3.598572 0.006115 10.727919 0.006773 0.006784 
0.004488 0.005349 0.009631 0.004433 4.497324 10.725059 0.007175 0.005152 
0.005923 0.006355 0.004083 0.010171 0.004362 12.003892 0.004586 0.004263 
1.793488 0.004686 0.005808 0.004842 0.008330 0.007503 6.262062 0.006404 
1.163177 2.334592 0.012055 0.016564 0.014964 0.014887 8.069068 0.048612 
0.009662 3.583295 0.011248 0.016409 0.010648 0.012828 6.296212 0.010159 
1.158428 0.008582 3.461513 0.010024 0.007517 0.007038 8.134195 0.044642 
0.013167 2.318500 3.463089 0.013065 0.014426 0.010692 8.098496 0.007331 
0.006526 0.011395 5.375011 0.009408 0.008592 0.006555 6.257471 0.007690 
1.162071 0.010844 0.010583 4.635906 0.011900 0.012739 8.097880 0.018485 
0.009428 2.315072 0.012883 4.638314 0.011202 0.011758 8.084726 0.010940 
0.007951 0.010380 3.476867 4.606553 0.008176 0.009428 8.106108 0.008138 
0.008196 0.008382 0.008275 7.162014 0.008715 0.008364 6.274774 0.011521 
1.169916 0.013071 0.014077 0.014972 5.761202 0.016981 8.115464 0.014792 
0.008882 2.322873 0.010130 0.009306 5.764512 0.011952 8.100591 0.010356 
0.008513 0.013779 3.477465 0.010310 5.769669 0.012275 8.096269 0.010092 
0.006695 0.006973 0.028275 4.632150 5.768038 0.007541 8.094637 0.008460 
0.004854 0.005900 0.005223 0.004749 8.942484 0.005217 6.283924 0.005586 
1.162398 0.012392 0.016048 0.012426 0.012472 6.955764 8.108997 0.013497 
0.012741 2.310133 0.011179 0.014154 0.019201 6.951534 8.113773 0.012814 
0.004759 0.009007 3.464679 0.006760 0.004978 6.950254 8.077137 0.010168 
0.006576 0.006701 0.006594 4.643392 0.009855 6.881450 8.119807 0.009622 
0.004845 0.004803 0.014347 0.005874 5.755110 6.939818 8.112092 0.006053 
0.004840 0.004819 0.008387 0.004756 0.016110 10.728497 6.287426 0.005532 
0.873807 0.007736 0.007709 0.009111 0.007826 0.010280 12.626469 0.009615 
0.009198 1.806620 0.010416 0.010374 0.007826 0.008771 12.511652 0.007882 
0.004896 0.014747 2.676387 0.005747 0.005027 0.006988 12.540516 0.005741 
0.005918 0.006794 0.023362 3.563119 0.007857 0.006644 12.544617 0.006636 
0.006478 0.006764 0.010162 0.007758 4.454120 0.007987 12.545143 0.007109 
0.006447 0.006451 0.010264 0.007238 0.007085 5.388674 12.519269 0.007803 
0.006143 0.007376 0.007690 0.007518 0.008340 0.016420 14.004924 0.010339 
1.791226 0.008408 0.007109 0.008775 0.006048 0.010053 0.011264 7.214891 
1.162078 2.295402 0.005884 0.007402 0.008496 0.008554 0.004687 9.294411 
0.011379 3.577841 0.009391 0.010102 0.010730 0.011246 0.008861 7.227177 
1.155822 0.008203 3.466693 0.007082 0.011458 0.007448 0.008686 9.298128 
0.011838 2.304285 3.468664 0.008086 0.008437 0.010125 0.008633 9.305481 
0.006190 0.006298 5.362127 0.008894 0.016454 0.010240 0.020091 7.215896 
1.156406 0.006784 0.007331 4.613141 0.008302 0.010211 0.010327 9.306577 
0.008700 2.306584 0.007214 4.613519 0.007349 0.011259 0.010431 9.306296 
0.009419 0.012666 3.475070 4.588235 0.009621 0.011429 0.009198 9.319381 
0.007893 0.007760 0.008498 7.146854 0.013968 0.010498 0.008047 7.227611 
1.152979 0.007222 0.006245 0.006218 5.780034 0.010375 0.006239 9.302749 
0.008438 2.296782 0.010462 0.009839 5.794119 0.007439 0.019499 9.300033 
0.006541 0.006544 3.441012 0.007286 5.793400 0.008785 0.008052 9.299311 
0.010906 0.010212 0.009185 4.629416 5.743924 0.013196 0.009775 9.305533 
0.005135 0.005370 0.005143 0.005284 8.919357 0.009833 0.005540 7.255809 
1.156210 0.022150 0.024414 0.021762 0.020926 6.939060 0.020937 9.420532 
0.010429 2.301752 0.009241 0.010584 0.009222 6.938700 0.008094 9.303366 
0.007036 0.021657 3.448939 0.009689 0.008328 6.941819 0.011939 9.294050 
0.005761 0.026964 0.018643 4.628518 0.012279 6.882108 0.016572 9.302470 
0.006973 0.007992 0.007027 0.016272 5.740900 6.887237 0.007997 9.370014 
0.006651 0.007389 0.006781 0.007709 0.004602 10.713194 0.007093 7.225010 
1.147286 0.031280 0.007823 0.008984 0.022307 0.008468 8.009645 9.444002 
0.015456 2.313449 0.014940 0.016111 0.028911 0.015612 8.080813 9.307877 
0.006382 0.012999 3.455286 0.007382 0.009762 0.008069 8.072068 9.303270 
0.008436 0.013386 0.009583 4.601022 0.008865 0.010318 8.063510 9.329637 
0.007089 0.009163 0.006289 0.008254 5.754713 0.008299 8.072139 9.303192 
0.004514 0.008072 0.004888 0.004524 0.006533 6.900217 8.067553 9.307744 
0.003309 0.008309 0.005779 0.005193 0.003237 0.021710 12.486844 7.245576 
0.885506 0.005853 0.005768 0.006604 0.007833 0.007104 0.006702 14.371507 
0.005555 1.782847 0.006093 0.006978 0.008257 0.005534 0.007127 14.339035 
0.007440 0.006387 2.659967 0.005952 0.006022 0.007501 0.013692 14.355251 
0.004726 0.006496 0.005795 3.520877 0.005649 0.004789 0.006141 14.376383 
0.008480 0.008274 0.009022 0.008278 4.412715 0.008873 0.009413 14.372754 
0.004449 0.010563 0.011538 0.015595 0.010367 5.319958 0.005796 14.348801 
0.007015 0.007025 0.012656 0.013048 0.006946 0.006949 6.226390 14.341409 
0.004177 0.007429 0.004646 0.032187 0.007362 0.056529 0.028978 16.003864 
1.943479 0.419168 0.633490 0.856524 1.035584 1.025525 1.587741 1.681253 
1.339422 2.699948 0.758343 1.144920 1.339148 1.631558 1.995932 1.867838 
0.212632 3.846220 0.652529 0.975705 1.066967 1.296592 1.517007 1.798075 
1.379003 0.500689 4.056822 1.025394 1.332206 1.642386 1.898269 2.194433 
0.268081 2.733658 4.029753 1.104443 1.338100 1.650873 1.744921 2.137951 
0.216913 0.444333 5.842646 0.880885 0.949702 1.222073 1.510162 1.689172 
1.340966 0.493650 0.740609 5.421716 1.290982 1.643559 1.862917 2.162777 
0.284780 2.764143 0.794389 5.307985 1.272457 1.448568 1.766368 2.284225 
0.289655 0.586715 4.074854 5.246501 1.351523 1.548232 1.892466 2.273926 
0.178139 0.474223 0.656242 7.734695 0.930928 1.343154 1.560930 1.748782 
1.365815 0.530188 0.804425 0.967467 6.659259 1.618626 1.903471 2.209358 
0.281246 2.679057 0.826779 1.047760 6.686339 1.645837 1.993747 2.187659 
0.255319 0.550168 4.078476 1.078160 6.673470 1.592535 1.949733 2.190390 
0.252550 0.541846 0.795911 5.475712 6.647686 1.547898 1.863405 2.195826 
0.218803 0.444497 0.637021 0.893736 9.622706 1.333971 1.469673 1.717479 
1.367215 0.568987 0.798119 1.060468 1.386008 8.006533 1.905682 2.160405 
0.271766 2.735785 0.799563 1.077718 1.266359 8.014407 1.889297 2.135050 
0.270863 0.537697 4.046529 1.106481 1.318980 8.052025 1.841283 2.178493 
0.274226 0.523206 0.783892 5.424793 1.316822 7.985176 1.922069 2.266528 
0.275813 0.551282 0.781922 1.086527 6.727180 8.121914 1.773092 2.125577 
0.206016 0.386912 0.615259 0.854535 1.044536 11.593498 1.490834 1.762957 
1.357502 0.541915 0.846582 1.131998 1.443679 1.569273 9.357706 2.127999 
0.262048 2.678303 0.812436 1.129287 1.319846 1.562258 9.432914 2.189935 
0.260982 0.495983 3.988104 1.063281 1.386168 1.461055 9.633094 2.218239 
0.252575 0.519343 0.757741 5.398925 1.382296 1.562355 9.415853 2.130902 
0.259750 0.539581 0.819234 1.043832 6.700267 1.520644 9.556011 2.192709 
0.266961 0.563518 0.822590 1.099653 1.283661 7.979707 9.558918 2.174875 
0.209010 0.418892 0.650803 0.837740 1.076874 1.320494 13.488926 1.761186 
1.329713 0.564453 0.816353 1.033227 1.308098 1.547524 1.856011 10.878346 
0.280314 2.734916 0.848626 0.998713 1.426874 1.603151 1.883261 10.897339 
0.263290 0.521528 4.013801 1.018263 1.324274 1.625913 1.777641 11.026819 
0.269290 0.519831 0.788001 5.492698 1.352215 1.673468 1.861960 10.745748 
0.280013 0.523612 0.783259 1.070981 6.694735 1.612374 1.836031 10.850311 
0.275430 0.520189 0.844772 1.060295 1.311711 8.016810 1.788782 10.855712 
0.262485 0.502785 0.810185 1.107943 1.190622 1.726137 9.256343 11.008128 
0.193532 0.408291 0.646044 0.826666 1.102996 1.227877 1.545954 15.443542 
