2.339825 2.314446 1.000692 1.000989 1.001592 1.001711 1.002020 1.002319 1.002732 1.000218 
2.044851 2.014084 1.082505 1.133606 1.186832 1.299057 1.303929 1.366506 1.432586 1.036072 
1.182377 4.629736 1.000586 1.001144 1.001211 1.002275 1.001756 1.002236 1.002306 1.000266 
1.019125 4.081545 1.117338 1.126936 1.173168 1.224684 1.405837 1.416081 1.401252 0.956667 
2.221191 1.000076 3.330094 1.000777 1.001127 1.001091 1.002923 1.001618 1.001775 1.000196 
2.203075 1.000577 3.323775 1.007994 1.010773 1.015301 1.017449 1.018603 1.021218 1.004100 
1.289199 2.549699 3.796561 1.001421 1.002148 1.002531 1.002832 1.003272 1.003811 0.999586 
0.934100 2.159093 3.311126 1.205780 1.312428 1.407627 1.522494 1.647913 1.785248 1.019480 
1.116889 0.999874 6.642122 1.001016 1.001467 1.001527 1.001851 1.002109 1.002599 0.999761 
2.162120 1.000056 1.000275 4.340304 1.001829 1.002653 1.002060 1.002398 1.002816 0.999678 
2.059472 1.000022 1.000386 4.630138 1.001534 1.001813 1.002092 1.002508 1.275723 0.999766 
1.256552 2.491948 1.000137 4.981495 1.001435 1.002157 1.001576 1.002156 1.002023 0.999780 
0.949237 2.176863 1.001565 4.794927 1.246131 1.325424 1.438131 1.502796 1.600394 0.970810 
1.208174 0.999740 3.581929 4.714583 1.001811 1.002634 1.002050 1.002433 1.002711 0.999774 
0.907839 0.977164 3.138039 4.062388 1.294174 1.394741 1.503474 1.622482 1.751819 0.919465 
1.087089 0.999773 0.999785 8.644835 1.001287 1.001314 1.001501 1.001811 1.002008 1.000174 
2.134357 1.000158 1.000238 1.000416 5.316015 1.001680 1.001913 1.002288 1.003051 1.000860 
1.239661 2.445043 1.000092 1.000185 6.182061 1.001598 1.001113 1.001309 1.001491 1.000351 
1.191142 0.999772 3.523641 1.000330 5.828980 1.001576 1.001777 1.002086 1.002368 0.999753 
1.183568 0.991072 3.508590 1.033920 5.533640 1.054565 1.065831 1.077327 1.088922 0.988934 
1.154781 0.999705 0.999727 4.593258 5.724049 1.001903 1.002164 1.002522 1.002995 1.000063 
0.825506 0.923616 0.838630 3.325664 4.197827 1.628748 1.856664 2.121456 2.428606 0.931001 
1.080066 0.999667 0.999699 0.999706 10.589522 1.001889 1.002211 1.002564 1.003009 1.000162 
2.115426 1.000032 1.000200 1.000325 1.000477 6.297031 1.001611 1.001854 1.002146 1.000161 
2.105493 1.000245 1.001514 1.002740 1.004002 6.280608 1.013439 1.016020 1.018011 0.998184 
1.235473 2.420217 1.000141 1.000258 1.000517 7.315730 1.001771 1.002095 1.002278 0.999825 
0.995539 2.868386 1.045503 1.018642 1.089786 6.572432 1.112890 1.131891 1.152419 0.983944 
1.169205 0.999760 3.478881 1.000362 1.000584 7.016535 1.001898 1.002115 1.002450 0.999710 
1.147306 0.994141 3.221948 1.005598 1.008790 6.452605 2.175213 1.074764 1.055583 0.993068 
1.139118 0.999720 0.999739 4.542923 1.000672 6.840325 1.002076 1.002380 1.002754 0.999771 
1.114511 0.992670 0.993191 0.993714 5.505310 6.678429 1.049789 1.058312 1.066989 0.991694 
0.979633 0.899138 0.905888 0.912595 4.679809 5.566809 1.569947 1.932193 1.885903 1.035032 
0.994600 0.960400 0.961195 0.962025 0.962900 12.001144 1.234980 1.280942 1.328907 0.959123 
2.091649 1.000056 1.000241 1.000405 1.000989 1.000814 7.342691 1.002322 1.003957 1.000092 
1.214575 2.414439 1.000173 1.000307 1.001637 1.000693 8.531666 1.002562 1.002926 0.999677 
1.166069 0.999664 3.462681 1.000555 1.000747 1.000848 8.075693 1.002934 1.003361 0.999977 
0.832695 0.930629 2.619649 1.074401 1.165024 1.270638 6.434944 2.078350 2.367233 0.975188 
1.134277 0.999656 0.999684 4.498419 1.000621 1.000850 7.924612 1.002807 1.003368 1.000020 
0.823111 0.926023 0.836422 3.384000 1.176862 1.293150 6.232841 2.241227 2.473811 0.820036 
1.036776 0.952769 0.955336 0.958014 5.238312 1.100795 7.372824 1.353023 1.415780 0.948117 
0.961275 0.907840 0.911397 0.915310 0.919602 6.049692 7.042246 1.649638 1.786712 0.901764 
0.987902 0.938392 0.940359 0.942456 0.944690 6.359165 7.284112 1.439343 1.521604 0.934904 
0.983040 0.928859 0.931449 0.934233 0.937231 0.940517 13.379362 1.507297 1.606064 0.931056 
2.086564 1.000113 1.000405 1.000263 1.000548 1.000534 1.000634 8.295950 1.001882 1.000308 
1.221719 2.388146 1.000091 1.000182 1.000355 1.000373 1.000479 9.665179 1.001689 0.999839 
1.158119 0.999619 3.446873 1.000438 1.001388 1.000957 1.001151 9.192208 1.003707 0.999581 
1.091472 0.977489 0.979056 4.352970 1.037001 1.050460 1.064133 8.748356 1.204464 0.974517 
0.948251 0.896518 0.900538 0.905007 4.955567 1.198876 1.271439 8.097396 1.882578 0.889895 
0.896879 0.854844 0.860083 0.866152 0.873110 5.840770 1.371410 7.803511 2.228548 0.846516 
0.868931 0.824372 0.831969 0.841059 0.851737 0.864377 6.811821 7.723954 2.498015 0.812855 
0.886401 0.849834 0.854580 0.860121 0.866455 0.914073 6.573012 7.316934 2.153329 2.372738 
1.001663 0.999120 0.999122 0.999122 1.008995 0.999129 0.999132 16.737215 1.006978 1.272467 
2.208564 1.000055 1.000413 1.000367 1.000619 1.000736 1.000849 1.001048 8.109597 0.999783 
1.291549 2.529628 1.000275 1.000590 1.001794 1.000970 1.002028 1.001472 9.470696 0.999628 
0.995084 2.732143 1.004208 1.025633 1.016882 1.021939 1.028707 1.034154 8.602382 3.336218 
1.230855 0.999630 3.641877 1.000671 1.001148 1.001528 1.001482 1.001975 8.975563 0.999604 
1.187002 0.975718 3.367878 1.033615 1.051178 1.095126 1.088140 1.107558 8.970920 0.982358 
1.016851 0.906739 0.914984 4.201104 1.166682 1.240045 1.321248 1.409883 8.052907 0.892713 
0.831114 0.778591 0.792626 0.810152 4.574797 1.474899 1.708921 1.993229 7.246588 0.758753 
0.774010 0.721615 0.744906 0.776212 0.818381 5.293116 1.882433 2.300936 6.972984 0.690904 
0.745589 0.695182 0.723393 0.761642 0.812972 0.881291 6.429596 2.364163 7.375357 0.661203 
0.863282 0.790851 0.809352 0.832266 0.860583 0.895454 7.461321 1.983725 7.117544 0.764477 
0.712048 0.659220 0.702416 0.763760 0.849431 0.983739 1.185790 7.639465 7.176538 0.616386 
0.715985 0.669280 0.724873 0.769199 0.852094 0.981866 1.176421 7.715180 7.151807 0.624662 
0.278396 0.292234 0.355226 0.539650 0.591093 0.872746 3.624504 4.345457 6.765515 0.439332 
0.765427 0.695354 0.744567 0.804183 0.910631 1.010518 1.166606 1.375252 13.964168 0.737194 
0.058230 0.067809 0.105843 0.177921 0.354135 0.744668 1.593030 4.155867 8.897891 0.446355 
2.556929 1.000164 1.000310 1.000404 1.002516 1.001432 1.002116 1.001008 1.001174 5.409299 
1.501866 2.949359 1.000383 1.000546 1.002635 1.000959 1.001191 1.001377 1.001585 6.211712 
1.425928 0.999722 4.233557 1.001004 1.001605 1.003429 1.002194 1.002581 1.002909 5.928013 
1.166252 0.991756 3.552162 1.010921 1.016237 1.023739 1.157463 1.033191 1.038845 10.168612 
0.923297 1.901389 2.896244 1.160039 1.245173 1.337570 1.439491 1.551370 1.674315 4.355513 
1.388846 0.999829 0.999970 5.523384 1.001310 1.001715 1.001299 1.001474 1.001640 5.784855 
0.939680 1.938927 0.986640 4.088186 1.206803 1.279389 1.357731 1.445765 1.533140 4.284799 
0.948599 0.983374 2.948377 4.041153 1.142764 1.187638 1.234911 1.284634 1.337556 4.313897 
1.368767 0.999833 0.999871 0.999928 6.789272 1.001160 1.001305 1.001530 1.001755 5.718898 
1.356092 0.999569 0.999688 0.999829 0.999929 8.054139 1.003350 1.003481 1.004010 5.652607 
0.930675 1.895215 0.982922 1.013340 1.046860 6.009365 1.404716 1.504036 1.632779 4.145252 
0.936339 1.914382 0.984728 1.013590 1.044978 6.059100 1.385462 1.478454 1.599978 4.150283 
1.228492 0.957402 0.967319 0.977871 0.988966 1.000792 8.835710 1.306336 1.365146 5.352340 
0.916591 1.879501 0.981676 1.021404 1.065421 1.114350 6.668294 1.608772 1.748533 4.090272 
1.084774 0.886060 0.910863 0.939479 0.972431 1.010381 1.053760 9.461958 1.941224 5.008730 
0.917601 1.885213 0.983206 1.022177 1.066515 1.131140 1.171163 7.744513 1.761886 4.190418 
0.844101 0.730635 0.802196 0.900719 1.034517 1.214172 1.453685 1.769419 8.078180 4.482161 
0.875279 1.854345 0.988768 1.064114 1.152342 1.257232 1.399338 1.521096 7.022351 4.059154 
0.917568 0.983238 2.964218 1.066515 1.134130 1.126011 1.171871 1.279138 7.504891 4.436585 
0.943771 0.945123 1.012958 4.030147 1.058970 1.085857 1.114364 1.215180 7.671676 4.464238 
0.171467 0.182135 0.225714 0.348771 0.455167 0.759772 1.355802 4.716397 6.459417 3.408938 
0.141540 0.151707 0.192251 0.310841 0.429960 0.758278 1.415788 2.713561 8.942114 2.896233 
1.710219 0.999903 1.000051 1.000177 1.000378 1.000481 1.000694 1.000753 1.000907 13.881250 
1.449453 0.969221 0.993136 1.009460 1.031548 1.054943 1.080397 1.106455 1.134590 14.175523 
0.921413 2.177656 1.013239 1.070093 1.133581 1.204756 1.283755 1.371849 1.469829 10.103078 
0.913577 0.982960 3.321742 1.066890 1.114810 1.168347 1.223413 1.283585 1.349187 9.889117 
0.943678 0.943618 0.950798 0.943899 1.071470 6.749962 1.145945 1.181489 1.218953 10.092947 
0.942631 0.942647 0.949018 0.993439 0.945538 1.026070 7.900944 1.184617 1.223059 10.093716 
0.095608 0.102265 0.128531 0.201411 0.302085 0.555595 1.085034 2.173969 6.275012 7.491371 
0.354152 0.368536 0.374341 0.578511 0.555780 0.719604 0.993412 1.444643 7.905313 7.746890 
0.010643 0.010643 0.010644 0.010646 0.010650 0.010659 0.010679 0.010725 0.010825 20.010234 
0.025607 0.025773 0.026441 0.028017 0.031667 0.039989 0.058499 0.099033 0.186987 19.657222 
2.670733 1.000554 1.001086 1.001639 1.077738 1.370363 1.449999 1.506799 1.789642 1.335532 
1.519259 3.011426 1.014476 1.022809 1.217082 1.490096 1.466192 1.921513 1.803690 1.368776 
1.386311 0.963903 4.136138 1.149157 1.213223 1.281964 1.524913 1.700228 1.605051 1.299213 
0.927610 1.976148 3.039721 1.172234 1.268262 1.354738 1.458935 1.572938 1.698005 3.371406 
1.368960 0.962441 0.979931 5.456739 1.216815 1.285708 1.528955 1.701992 1.565395 1.239179 
0.922451 1.890985 0.982740 4.034594 1.266891 1.366047 1.475907 1.659242 1.731251 3.249745 
0.875370 0.949568 2.619621 3.475704 1.306147 1.428118 1.563983 1.716361 1.886290 3.171915 
1.352171 0.956310 0.976356 0.998321 6.751331 1.331021 1.427079 1.676164 1.623155 1.252970 
0.818962 0.918791 2.477098 1.083898 4.116158 1.641326 1.879519 2.156264 2.479578 0.970768 
0.823100 0.832877 0.993103 3.343575 4.216793 1.623738 1.848315 2.108778 2.410409 0.934240 
0.820466 0.830450 0.991688 3.322551 4.194530 1.629519 1.857970 2.123460 2.431502 0.931587 
1.325564 0.948426 0.971424 0.996433 1.023842 8.080937 1.480515 1.672445 1.722250 1.240790 
0.904931 1.811290 0.975184 1.019071 1.066819 5.834465 1.555364 1.705538 1.895249 3.348556 
0.821022 0.921102 2.496086 1.083959 1.164541 5.177536 1.871220 2.146416 2.463316 0.983632 
0.813512 0.823995 0.989314 3.325068 1.170442 5.099846 1.881893 2.159918 2.485624 0.954580 
0.820343 0.833681 1.025774 3.281794 1.162586 5.228732 1.857954 2.122985 2.432414 0.961286 
0.778066 0.779731 0.801364 1.058059 3.932447 4.881509 1.996536 2.344422 2.760210 0.939990 
0.815565 0.830258 1.060734 0.854193 4.087523 5.172572 1.873398 2.149763 2.468172 0.983019 
1.340787 0.951686 0.974084 0.998269 1.024666 1.241144 9.398109 1.712884 1.687665 1.254055 
0.897074 1.793991 1.019924 1.027261 1.084152 1.150544 6.705786 1.807926 1.966564 3.197649 
0.911151 1.890979 0.983584 1.028936 1.079426 1.137887 6.827277 1.729750 1.859661 3.213035 
0.803236 0.906279 2.413156 1.068227 1.174283 1.300938 6.223697 2.246184 2.611816 0.944389 
0.769282 0.783756 0.967956 3.059169 1.193009 1.344839 5.792658 2.390073 2.831905 0.979375 
0.810952 0.806152 0.990587 3.336666 1.211757 1.313307 6.034518 2.202197 2.547076 0.972430 
0.739898 0.742254 0.770572 1.056054 3.771668 1.366149 5.630403 2.536204 3.063276 0.907272 
0.708848 0.709924 0.720054 0.808526 1.119569 4.628744 5.450867 2.675572 3.299760 0.947698 
1.334823 0.952963 0.973563 0.995930 1.023631 1.377946 1.440550 10.801870 1.655949 1.250138 
0.890696 1.764756 0.970819 1.022162 1.081248 1.148565 1.225533 8.194728 2.025959 3.139165 
0.745943 0.762817 0.959285 2.979500 1.213880 1.390158 1.608693 6.761085 3.008122 1.052059 
0.692864 0.696938 0.736238 1.038312 3.545348 1.427830 1.706175 6.509987 3.423003 0.969748 
0.656887 0.658712 0.674481 0.795033 1.097018 4.403915 1.751082 6.407175 3.696028 0.984294 
0.617473 0.618755 0.629112 0.699030 0.922467 1.076312 5.429711 6.493350 3.992785 1.018047 
1.368646 0.937743 0.982578 1.033564 1.110728 1.280318 1.463368 1.661172 10.190170 1.227619 
0.820378 1.626346 0.961048 1.063906 1.189237 1.344334 1.538919 1.762765 8.654886 1.481543 
0.734624 0.864629 2.258373 1.105238 1.277484 1.495669 1.769055 2.110571 7.216697 0.984462 
0.595409 0.631347 0.856699 2.349077 1.304901 1.669143 2.173396 2.866628 5.738899 0.988015 
0.655706 0.689947 0.934392 2.843528 1.353315 1.671397 2.092104 2.645696 5.417281 1.049592 
0.522475 0.534036 0.606099 0.929184 2.736486 1.624265 2.214726 3.067685 6.204840 0.928301 
0.483714 0.491445 0.536060 0.761115 0.951956 3.696335 2.253124 3.213567 6.175624 0.972177 
0.569219 0.579380 0.650407 1.001312 0.769195 4.543145 2.202685 2.951846 5.710120 1.070692 
0.395610 0.410084 0.475721 0.752041 0.679268 0.894389 4.753560 3.526071 6.291145 0.957694 
0.617520 0.626654 0.687855 1.080650 0.790587 0.897094 7.326917 2.872296 4.883603 1.182256 
0.276933 0.291409 0.352437 0.556910 0.600038 0.892302 1.411631 6.505768 6.602727 0.972031 
0.292867 0.306387 0.364937 0.567060 0.654377 0.899729 1.395801 2.258051 11.494241 0.928614 
0.878875 1.263380 0.914096 0.933005 0.959814 0.990813 1.047846 1.081657 15.450959 0.952987 
1.610613 0.973667 1.025420 1.082810 1.248372 1.522439 1.716577 2.007833 1.828887 6.828873 
0.917162 2.481263 1.062842 1.155486 1.261655 1.383346 1.521056 1.677197 1.854462 5.790078 
0.834102 0.969589 3.302822 1.168984 1.295971 1.441913 1.611738 1.808824 2.035721 5.286919 
0.797061 0.813265 1.048714 4.097107 1.317898 1.493617 1.702490 1.949137 2.240862 5.057360 
0.751301 0.754238 0.789072 1.157159 4.830110 1.546144 1.810266 2.133563 2.527453 4.892932 
0.672702 0.677508 0.724332 1.096701 3.909749 1.583924 1.944380 2.411332 3.012564 4.813874 
0.705842 0.705535 0.721551 0.853783 1.214161 5.749821 1.899094 2.305605 2.817071 4.790150 
0.945669 1.507227 0.962128 0.975893 0.989992 7.062058 1.327970 1.358294 1.430551 5.580385 
0.638898 0.640111 0.650280 0.717723 1.014686 1.197777 6.728782 2.513210 3.212474 4.807763 
0.567748 0.568545 0.576666 0.625515 0.806552 1.084899 1.357753 8.256370 3.614949 4.913649 
0.297561 0.309049 0.358876 0.530332 0.601625 0.801665 1.210596 1.914579 8.895205 5.000409 
0.435477 0.445866 0.502180 0.718161 0.958980 1.176196 1.356042 1.904557 2.744273 11.377780 
