0.275058 4.055540 0.378430 0.280028 0.243143 0.527041 0.132978 0.574470 0.212672 0.622918 
1.626922 0.548056 3.821014 0.714163 0.091562 0.375225 0.116365 0.928393 0.262059 0.646847 
1.394961 1.874266 3.650917 0.252096 0.233238 0.203062 0.318062 0.685422 0.109025 0.192905 
0.231319 3.656926 2.721539 0.166358 0.133167 0.175512 0.148517 0.096298 0.405128 0.259863 
1.221981 0.442653 4.970959 0.255534 0.966743 0.220561 0.334040 0.135491 0.169464 0.170540 
0.090027 0.395160 6.047507 0.222731 0.251376 0.187769 0.145209 0.202666 0.099768 0.167277 
1.876025 0.143008 0.132983 3.561714 1.099636 0.349506 1.861581 0.155339 0.227329 0.297429 
0.556703 3.392707 0.133956 4.061817 0.122397 1.561133 0.200150 0.261519 0.215363 0.543434 
1.043677 0.203234 4.133596 4.608922 0.189227 0.372016 0.385138 0.223303 0.214826 0.382622 
1.204404 0.221750 0.185039 6.721817 0.187816 0.149863 0.647632 0.524049 0.332812 0.273285 
0.244948 2.518699 0.174850 6.300271 1.609922 0.359439 0.115612 0.274415 1.697255 0.604978 
0.268534 0.112025 0.097527 8.059904 0.248071 0.289438 0.142594 0.335415 0.470579 0.247445 
1.675302 0.183778 0.104788 0.225934 6.196839 0.225239 0.334717 0.141713 0.396647 0.175235 
1.612631 1.511339 0.109221 0.300714 5.462950 0.231636 0.164407 0.214264 0.276264 0.260131 
0.245847 3.704419 0.127477 0.856916 4.141863 0.335651 0.111565 0.665110 0.108043 0.158283 
1.041963 0.162642 4.068082 0.163702 5.780342 0.273659 0.139901 0.129552 0.094854 0.258351 
0.157749 0.704145 5.478256 0.208169 4.245884 0.240500 0.168269 0.229988 0.420103 0.124897 
1.026299 0.964811 0.113674 5.457452 5.475189 0.240390 0.178000 0.227844 0.552209 0.273744 
0.147853 0.577279 4.922088 3.510264 4.143039 0.810399 0.549336 0.280670 0.706238 0.225079 
0.114201 0.121216 0.715671 6.976220 4.953886 0.356627 0.155798 0.913571 0.270939 1.354598 
0.792891 1.383697 0.136341 0.206244 8.982288 0.217883 0.206300 0.214232 0.363069 0.175436 
0.260464 1.727881 0.145097 0.195397 9.156045 0.139423 0.478349 0.132647 0.224305 0.281535 
0.130720 0.479354 4.082720 0.221868 7.528982 0.404845 0.346754 0.239797 0.429836 0.674359 
0.107518 0.300689 0.092331 3.416156 9.157364 0.137982 0.269052 0.131190 0.222847 0.280078 
0.173384 0.123109 0.396020 0.128536 10.096479 0.255074 0.161781 0.141537 0.377684 0.267908 
1.830672 0.145427 0.118230 0.541298 0.165504 5.804336 0.189025 0.094727 0.784881 0.231076 
0.782996 3.230547 0.239451 0.823969 0.250533 6.326362 0.342443 0.196376 0.303633 0.180656 
0.461095 3.477036 0.120570 0.508735 0.965142 5.982234 0.206563 0.339202 0.283816 0.600562 
0.806344 1.055768 4.683601 0.207233 0.247675 5.810364 0.137346 0.138986 0.365286 0.161072 
0.205936 2.039716 4.249351 0.124198 0.211543 6.462477 0.324813 0.165040 0.153148 0.172775 
0.309833 0.152321 5.601729 0.912312 0.213002 4.714035 0.166414 0.877028 0.250318 0.157451 
0.215197 1.976426 0.156349 5.715667 0.221080 6.360705 0.159106 0.223950 0.219705 0.181419 
0.110892 0.316393 2.811475 5.606295 0.228064 6.861186 0.178263 0.560445 0.203713 0.176570 
1.036804 0.383578 0.119537 0.474406 5.257407 8.657571 0.331659 0.233141 0.483139 0.136117 
0.231405 2.114967 0.127487 0.196395 5.040358 8.600287 0.178627 0.240321 0.430361 0.674884 
0.094947 0.261618 2.234246 0.454017 6.087031 8.524627 0.154162 0.149916 0.408157 2.399502 
0.098506 0.263421 0.092706 3.859248 5.334305 8.585242 0.159986 0.153973 0.378728 0.241392 
0.152406 0.802852 0.123492 1.903340 8.226660 6.261718 0.354967 0.303072 0.168715 0.317531 
0.274521 1.889585 0.148010 0.139523 0.190633 10.818621 0.153223 0.303656 0.703655 1.177225 
0.165979 0.199472 2.956599 0.124931 1.691605 10.473871 0.123640 0.268151 0.224372 0.626143 
0.125442 0.104298 0.160742 3.193485 0.482088 11.129379 0.090170 0.171214 0.116774 0.107664 
0.095034 0.421108 0.395880 0.096363 3.849295 11.106689 0.080989 0.509323 0.330691 0.863688 
0.086748 0.091075 0.086697 0.086599 0.165232 12.077057 0.188609 0.229371 0.731135 0.280615 
1.825168 0.342787 0.121521 0.109156 0.229853 0.265574 7.075417 0.337567 0.534725 0.336604 
1.340944 1.852124 0.321397 0.190731 1.847732 0.740182 8.700819 0.255030 0.205171 0.147747 
0.314516 3.645412 0.219920 0.149370 0.238087 0.951458 6.358661 0.239900 0.648453 0.563592 
0.986204 0.099634 3.764868 0.108179 0.221235 0.201090 6.909470 7.023089 1.493522 0.178628 
0.115616 0.427543 5.372123 0.135947 0.093575 0.445982 6.621932 0.400544 0.154967 0.352175 
0.199937 2.670535 0.160112 2.818438 0.227119 0.310187 9.649659 0.210185 0.250291 0.411024 
0.243089 0.111273 0.099063 6.805162 0.225854 0.260567 7.642182 0.337341 0.472504 0.249370 
1.107880 1.524937 0.276479 0.169455 4.846083 0.833191 8.698671 0.134772 0.199691 0.141929 
0.348981 2.672309 0.166991 0.154782 4.624079 0.857616 8.676475 0.633930 0.710932 1.184502 
0.142723 0.170404 2.498131 0.128715 6.738633 0.816197 8.625767 0.230268 0.187205 2.448841 
0.242332 0.108918 0.098097 4.512105 6.388444 0.333672 7.610339 0.110700 1.346878 0.245275 
1.498627 0.316690 0.129701 0.119763 0.217976 6.173935 7.236386 0.350529 0.547700 0.172322 
0.902432 0.232921 0.132987 4.782040 0.230636 6.233886 7.083609 0.366216 0.572102 0.179530 
0.985964 0.164463 0.605961 0.606323 0.163460 0.362118 12.550758 0.532016 0.156780 0.440507 
0.202246 1.453643 0.105214 0.209995 0.134525 3.274722 12.557802 0.281711 0.157678 2.895542 
0.131256 0.342694 2.414179 0.121938 1.748788 0.407715 12.809651 0.285050 0.702502 0.221343 
0.120845 0.511256 1.332119 2.946682 1.068112 0.181406 12.670851 0.274421 0.144744 0.412575 
0.128022 0.489809 0.110804 0.510594 4.523152 0.781269 12.539878 0.267582 0.229113 0.670641 
1.903613 0.317830 0.242474 0.218847 0.200625 0.151552 0.368621 7.213509 0.541685 0.377098 
1.295777 2.744797 0.126980 0.154716 0.260170 0.297966 0.279096 7.155074 0.145143 0.630725 
0.978935 0.147625 3.343742 0.144919 0.232932 4.888787 0.251247 9.939821 0.281766 0.682537 
0.213498 2.066038 4.354216 1.922864 0.263337 0.204584 0.111388 7.126778 0.146544 0.107553 
1.153468 1.606106 0.164100 5.045527 0.137257 0.369630 0.327057 7.319926 0.217237 0.229391 
0.215457 2.592046 0.108883 4.107553 0.203832 0.743319 0.157480 9.560884 0.346565 0.271349 
0.096692 0.388894 3.480754 5.608768 0.245502 0.195855 0.099521 7.114873 0.134677 0.145500 
0.100079 0.112983 0.309998 7.129690 0.219130 0.162338 0.169619 7.710425 0.155844 0.222332 
0.165155 2.001861 0.111615 0.179023 6.536283 0.738711 0.152823 9.554741 0.341903 0.266687 
0.226265 3.149405 0.072544 1.612396 0.225306 5.031463 0.092887 7.101059 0.128038 0.089047 
0.186922 0.113807 2.331048 0.110592 0.160638 9.449290 0.157879 8.197800 0.175886 0.229851 
0.143636 0.128582 0.119262 2.736813 0.458625 8.942292 0.125584 9.584053 0.243137 0.316484 
0.172766 1.743999 0.117431 0.290519 4.677226 7.627063 0.394277 7.723037 0.438387 0.212585 
0.252542 0.404703 0.327532 1.062243 1.284829 10.288295 0.200438 7.946865 0.123818 0.633977 
1.203220 0.192534 0.189220 0.118432 0.097331 0.255170 9.324369 8.220781 0.268487 0.653275 
0.251928 2.663188 0.159839 0.524571 0.204790 1.052269 7.243174 9.002822 0.370304 0.595912 
0.185847 0.116113 0.106301 0.119632 5.566401 0.175949 9.146470 8.602129 0.448597 0.661948 
0.142575 0.831080 0.102365 0.305944 0.134422 5.457671 9.481578 9.082494 0.600976 0.600367 
0.092931 0.096151 0.085895 0.107417 0.085717 0.087017 12.597847 7.250967 0.513703 0.253245 
1.048961 0.757030 0.174750 0.103123 0.173496 0.153915 0.222578 13.944562 0.159142 0.222104 
0.225975 2.092412 0.176545 0.210830 0.175317 0.155736 0.224399 13.946576 0.160963 0.160695 
0.196186 0.236564 3.480508 0.101866 0.181171 0.242577 0.131875 13.282564 0.218457 0.220607 
0.130589 1.014861 0.099808 0.134861 4.535546 0.142930 0.134597 13.932558 0.335520 0.147886 
0.281198 0.152762 0.889607 0.128434 0.235806 4.436237 0.233195 14.780763 0.180368 0.610400 
0.113488 0.097658 0.188824 0.092248 0.107893 0.091184 0.096543 16.087682 0.144264 0.114155 
0.717604 3.193969 0.099350 0.108801 0.221511 0.400906 0.237336 0.170764 9.954587 0.229074 
0.346802 3.685311 0.227805 0.730332 0.443794 0.245080 0.305279 0.316974 7.559282 0.138209 
1.077973 0.402706 4.312552 0.274687 0.838253 0.118979 0.350014 0.244410 9.365750 0.134037 
0.242631 2.315768 4.503943 0.782979 0.235999 0.369510 0.249050 0.332177 6.991896 0.230075 
0.184084 1.955802 0.100317 4.878043 0.845481 1.406554 0.162960 0.120608 11.457362 0.162219 
0.255553 0.109992 2.901772 5.055566 3.442499 0.166399 0.105006 0.263245 9.458830 1.027344 
1.318993 0.162786 0.101555 0.094225 4.822980 0.194904 0.278067 0.130169 11.469792 0.174648 
0.248696 2.490811 0.089658 0.703989 4.810612 0.182535 0.265699 0.117801 11.457423 0.162280 
0.290323 0.130091 4.311581 0.111700 4.852660 0.183999 0.133868 0.207698 9.475660 1.044937 
0.177209 1.562449 0.078951 3.888326 4.755469 1.399422 0.258660 0.110762 11.450385 0.155241 
1.222465 0.444601 0.108441 0.457613 0.190081 8.874343 0.143378 0.810048 6.904588 0.136350 
0.270179 2.002011 0.174680 0.454310 0.170093 9.402308 0.252451 0.322743 7.405900 0.204355 
0.128633 0.682701 0.108557 0.195945 4.686360 9.385500 0.306534 0.208731 7.389113 0.187568 
0.134575 0.494060 0.931543 0.234420 0.129854 11.003770 0.247017 0.330144 6.989863 0.228042 
0.299230 1.734443 3.769226 1.058748 0.859487 0.130912 5.677165 0.229386 9.382822 0.633014 
0.157297 0.088723 1.816921 3.542944 0.136718 0.112644 6.068525 0.377888 13.388080 0.167119 
0.130806 0.466059 0.113200 0.267322 3.991618 0.757081 10.199703 0.161921 10.257581 0.675066 
0.191064 0.152292 1.192669 0.207931 0.447657 0.197660 11.590868 0.230703 9.991939 0.688925 
0.303883 2.457326 0.155830 0.530397 0.197562 0.987125 0.197646 6.610043 12.369048 0.596723 
0.144711 0.655294 0.120412 0.684628 6.347480 1.066627 0.139370 8.147003 10.427736 0.678127 
0.208600 0.332165 0.269498 0.866137 1.046346 8.088642 0.164009 6.260281 11.194464 0.614490 
0.123520 0.374615 0.111570 0.389041 3.173928 0.576901 8.085472 8.211080 10.238612 0.672985 
0.272374 0.152338 0.825159 0.131452 0.227986 4.049087 0.221766 13.490690 7.498904 0.196807 
0.700800 0.181394 0.133394 0.232456 0.402784 2.184784 0.116443 0.251546 16.954505 0.278957 
0.127371 0.093724 1.256146 2.413959 0.122830 0.106628 0.283342 0.240728 16.945966 0.270418 
0.119589 0.094917 0.948854 0.155026 3.282804 0.107979 0.109154 0.359323 16.947368 0.264879 
0.129981 0.260762 0.121298 0.171136 0.127459 0.166960 5.933024 0.167487 16.482060 0.134371 
0.106361 0.146489 0.709380 0.128446 0.493909 0.114806 0.112061 4.522277 17.291820 0.287321 
1.796049 0.158587 0.123100 0.486406 0.228856 0.150204 0.161780 0.121869 0.707147 10.612999 
1.149356 2.421913 0.201056 0.161876 0.237399 0.398108 0.145999 0.257580 0.242163 12.859013 
0.143799 0.555701 5.162565 0.220168 0.213127 0.168533 0.145304 0.196753 0.221335 10.660984 
0.232691 2.313765 1.197398 4.945700 0.146238 0.792267 0.126542 0.215145 0.719417 10.830222 
0.165942 0.348147 3.322356 5.795484 0.287288 1.637861 0.411384 0.195555 0.169544 8.852995 
0.287419 3.203746 0.148856 0.289589 3.104191 0.184545 0.163382 0.218352 0.696535 10.995763 
0.144929 0.483663 4.387344 0.202050 4.628884 0.167095 0.143867 0.219235 0.220757 10.659547 
1.494775 0.125323 0.103223 0.452458 2.328512 4.747125 0.164237 0.082299 0.667337 10.788636 
0.269739 2.844301 0.147414 0.412638 2.759331 4.801167 0.167689 0.483712 0.700865 11.000094 
0.203277 1.790865 0.150230 5.161451 0.227179 5.664039 0.368303 0.209044 0.130373 8.873358 
0.098779 0.247816 0.093537 3.497448 4.830490 7.768437 0.154340 0.148906 0.383860 8.654341 
1.067421 0.103119 0.115551 0.161937 0.838495 3.308197 7.473447 0.136309 0.185872 12.921813 
0.130735 0.394525 4.576055 0.147929 0.112051 0.187477 5.630141 0.226269 0.163978 10.805859 
0.904752 0.089496 0.124485 1.815077 0.167099 0.219927 0.109930 10.917872 0.106487 11.493851 
0.229378 3.144235 0.101765 0.232123 0.129952 0.921103 0.135302 7.123693 0.210830 9.438267 
1.138025 0.302091 0.125977 0.135624 1.781699 0.913175 0.141640 6.918972 8.892855 10.558848 
0.322194 0.122379 3.954703 0.173749 2.895746 0.156206 0.104868 0.237190 8.578341 10.469931 
0.577708 0.239021 2.086285 0.097406 0.101278 0.096552 6.330845 0.187253 10.022251 11.521220 
0.108972 0.100803 0.099978 0.499505 0.258144 0.732662 0.104943 0.104501 15.242529 10.809243 
0.199795 0.152421 1.787313 0.151528 0.191953 0.370010 0.151460 0.261346 0.526781 19.370645 
1.977518 0.146358 0.880935 1.014733 1.066482 0.342072 1.802303 0.153481 4.777650 0.298472 
0.318071 2.560234 4.792316 0.148551 0.276316 0.831359 1.756304 0.432708 0.383717 0.311398 
0.293952 0.184738 5.985261 0.941631 1.101475 0.315369 0.093910 0.703882 0.201050 0.211376 
0.090869 0.136743 0.848476 7.794087 0.467651 2.788354 0.269672 0.907381 0.219563 0.280941 
0.295430 3.184982 0.090469 0.929253 6.180583 0.412289 0.317654 0.126801 0.232965 0.160318 
0.614392 0.258532 0.783678 0.279319 5.531154 9.573972 0.144544 0.864547 0.218882 0.135583 
0.099702 0.107087 0.221443 1.675949 1.209009 11.730897 0.196618 0.991470 0.106952 1.371497 
1.091487 1.501680 0.107907 0.168401 1.025107 4.131027 9.988079 0.135185 0.200103 0.142341 
0.279327 3.229820 0.162590 0.610881 0.219193 1.272896 7.934755 3.374281 0.359855 0.259970 
0.175982 0.099866 2.037946 4.036952 0.189651 4.934510 8.316630 0.524943 6.916454 0.176121 
0.108914 0.177279 1.238128 2.391680 0.140540 3.280737 12.563817 0.287726 0.163693 2.901556 
1.605523 0.177413 0.114316 0.126894 3.379913 0.534206 3.650711 8.221519 0.213706 0.122456 
0.163483 0.113272 1.638159 0.111559 2.799117 9.424468 0.165573 8.261618 0.176616 0.308436 
0.827618 1.149401 0.126797 2.271863 0.108694 0.238300 10.113556 7.240784 0.519034 1.147993 
0.136729 0.112547 1.030883 2.101569 0.150290 2.151708 0.158161 15.149962 0.256842 0.657614 
0.724216 3.146442 0.112031 1.168814 0.951913 0.413617 0.142194 0.236690 9.975246 0.241878 
0.621644 1.622611 0.087174 4.880758 0.845225 1.406302 0.154763 0.117480 11.457102 0.161959 
0.746246 1.437793 1.087066 3.462579 4.825153 0.215388 0.180460 0.420485 10.791982 0.618659 
0.083981 0.131559 0.825361 0.137197 2.848482 0.096476 1.223163 2.566500 16.938176 0.255686 
1.174584 0.318988 1.340765 2.418689 0.190145 0.279445 0.298440 0.188046 0.182579 15.387805 
0.671956 0.298371 2.429224 1.363425 0.121540 0.258293 7.227696 5.915439 0.193267 11.952643 
0.509565 0.093394 0.229427 0.979801 2.385252 4.003383 0.116978 10.924922 0.107027 11.500894 
