2.052044 0.052449 0.052524 0.053219 0.054140 
2.013913 0.836864 0.058265 0.055486 0.053648 
1.840168 1.840770 0.051913 0.052608 0.053686 
1.465804 2.884489 0.053113 0.054320 0.053318 
0.948642 3.631272 0.058692 0.054509 0.057575 
0.445964 3.974721 0.052806 0.054001 0.057545 
0.052783 4.051595 0.051819 0.052617 0.053363 
2.014191 0.053801 1.230804 0.056327 0.055140 
1.942663 0.994881 1.473760 0.063746 0.058624 
1.660513 2.187449 1.658860 0.057311 0.056121 
1.118194 3.264534 1.659846 0.057249 0.057278 
0.517760 3.827755 1.464648 0.055842 0.056660 
0.054531 3.977128 1.226027 0.058472 0.056521 
1.842175 0.053362 2.734934 0.054556 0.054529 
1.656600 1.112904 3.267543 0.053536 0.054057 
1.207974 2.358868 3.533036 0.056060 0.059148 
0.578760 3.267608 3.256353 0.056224 0.053105 
0.054126 3.629905 2.738881 0.053489 0.056378 
1.465888 0.052706 4.297363 0.053103 0.055949 
1.123111 1.122906 4.868795 0.056828 0.056046 
0.587518 2.190301 4.877958 0.058736 0.060118 
0.053931 2.876166 4.302810 0.059292 0.054890 
0.944991 0.052150 5.420004 0.056343 0.059949 
0.519165 0.995474 5.712894 0.059212 0.053276 
0.055396 1.839957 5.424583 0.056261 0.058641 
0.442816 0.052198 5.936169 0.053994 0.055647 
0.054410 0.842409 5.936220 0.055654 0.056798 
0.052721 0.052149 6.051882 0.053853 0.054234 
2.014317 0.053452 0.053520 1.625530 0.056005 
1.938622 0.993316 0.058511 1.965044 0.062676 
1.657916 2.185381 0.057372 2.188270 0.060365 
1.118899 3.262146 0.051837 2.183221 0.052521 
0.520541 3.825502 0.057574 1.951060 0.059802 
0.053718 3.975301 0.053507 1.625517 0.054523 
1.938105 0.052576 1.463842 1.940337 0.054405 
1.785691 1.204622 1.786882 2.364684 0.053977 
1.316640 2.588842 1.941795 2.576884 0.054149 
0.627436 3.519364 1.787693 2.368601 0.053994 
0.054427 3.821942 1.471510 1.956700 0.058084 
1.654606 0.054725 3.274259 2.189277 0.059069 
1.317948 1.327502 3.872475 2.574085 0.058882 
0.678127 2.587209 3.865933 2.570090 0.055859 
0.051930 3.252135 3.271281 2.194115 0.055422 
1.118941 0.054086 4.869568 2.194189 0.054342 
0.627026 1.206437 5.253727 2.356342 0.055881 
0.055649 2.192414 4.861576 2.212009 0.058452 
0.516803 0.055884 5.712441 1.941094 0.052991 
0.055110 0.985121 5.715597 1.944250 0.055609 
0.054981 0.054124 5.939260 1.611841 0.058602 
1.840828 0.051528 0.056488 3.624234 0.056285 
1.655742 1.118444 0.053626 4.342398 0.054365 
1.210121 2.374668 0.059359 4.681175 0.059584 
0.585021 3.268043 0.054320 4.317922 0.059988 
0.052613 3.631046 0.057248 3.624994 0.058249 
1.658080 0.054413 1.665736 4.318507 0.057279 
1.320505 1.320872 1.961574 5.095835 0.056179 
0.687563 2.592438 1.952913 5.112047 0.057634 
0.054668 3.262038 1.665209 4.317980 0.056752 
1.209456 0.054010 3.523756 4.660917 0.069096 
0.683525 1.311695 3.865256 5.133864 0.060889 
0.052315 2.363372 3.522014 4.659177 0.053499 
0.585867 0.054400 4.862089 4.341525 0.057440 
0.053695 1.116635 4.861159 4.340595 0.055409 
0.053937 0.054159 5.419354 3.634277 0.060512 
1.469487 0.055988 0.052668 5.698707 0.056384 
1.122696 1.114710 0.055324 6.479804 0.055550 
0.586543 2.195258 0.055210 6.468486 0.055490 
0.052956 2.884748 0.054113 5.702124 0.054979 
1.120461 0.053012 1.653514 6.469747 0.053908 
0.628614 1.200516 1.791311 7.006661 0.061749 
0.053268 2.195964 1.652132 6.461607 0.057189 
0.589229 0.055042 3.271680 6.457146 0.057696 
0.054208 1.126135 3.262024 6.465333 0.058426 
0.052108 0.051601 4.306320 5.692004 0.055959 
0.946116 0.052177 0.054481 7.208255 0.057264 
0.517890 0.991607 0.053684 7.605521 0.054227 
0.052917 1.844205 0.053649 7.205499 0.055056 
0.525194 0.055659 1.464846 7.601247 0.055506 
0.053447 0.994254 1.478028 7.592965 0.054114 
0.052443 0.052048 2.729698 7.211208 0.056542 
0.444133 0.052954 0.053305 7.896755 0.052421 
0.052445 0.846596 0.053474 7.893039 0.058457 
0.052994 0.053206 1.232684 7.896738 0.053106 
0.051238 0.051287 0.051185 8.051181 0.052865 
2.013234 0.052092 0.051971 0.053082 2.009037 
1.938616 0.994517 0.053695 0.052656 2.400687 
1.657082 2.191405 0.052831 0.053561 2.710802 
1.124397 3.266184 0.065599 0.058708 2.748652 
0.521447 3.832074 0.061421 0.059607 2.401935 
0.057489 3.977753 0.053328 0.059815 1.985831 
1.940246 0.052534 1.456914 0.056183 2.377608 
1.783205 1.211564 1.788224 0.055780 2.961747 
1.313356 2.594282 1.951099 0.058921 3.241334 
0.629987 3.531284 1.767643 0.064357 2.971246 
0.055977 3.828763 1.458784 0.059158 2.403056 
1.656914 0.053211 3.258898 0.057005 2.725856 
1.321951 1.314750 3.854937 0.059797 3.190544 
0.692341 2.586732 3.859275 0.062345 3.241871 
0.054542 3.261196 3.261886 0.056057 2.725520 
1.120457 0.053736 4.867741 0.054284 2.730303 
0.627247 1.217333 5.250173 0.054361 2.936314 
0.054098 2.189666 4.872753 0.054456 2.695358 
0.518168 0.053359 5.716656 0.056776 2.396474 
0.053153 0.989147 5.712382 0.055855 2.410127 
0.057422 0.062258 5.942647 0.064010 2.003462 
1.938907 0.053733 0.053951 1.929625 2.393340 
1.786428 1.208799 0.053860 2.372668 2.919587 
1.319504 2.587478 0.057644 2.563078 3.227382 
0.634349 3.517856 0.054014 2.369268 2.919741 
0.053984 3.826385 0.057407 1.939393 2.394938 
1.783746 0.054987 1.787627 2.366281 2.927139 
1.473279 1.467342 2.185147 2.876531 3.591018 
0.756817 2.883934 2.169939 2.893029 3.615590 
0.053593 3.519554 1.790157 2.345237 2.935652 
1.319492 0.054455 3.853724 2.569523 3.218169 
0.754760 1.465370 4.318884 2.891775 3.579086 
0.054645 2.586424 3.852679 2.562716 3.218199 
0.628666 0.056174 5.262993 2.341069 2.928865 
0.057036 1.188099 5.274761 2.341763 2.921326 
0.053907 0.053885 5.711580 1.948471 2.393999 
1.656570 0.053328 0.052310 4.316735 2.725915 
1.322839 1.313609 0.061518 5.103929 3.218680 
0.686884 2.578722 0.053979 5.122334 3.216745 
0.054098 3.260161 0.054130 4.326570 2.739873 
1.316955 0.053243 1.947638 5.114661 3.225727 
0.762426 1.472709 2.186588 5.704961 3.593564 
0.055485 2.585627 1.958018 5.106533 3.209499 
0.682453 0.051839 3.843965 5.112666 3.228126 
0.054823 1.321057 3.850330 5.103135 3.230687 
0.053207 0.052551 4.859520 4.335442 2.727026 
1.123217 0.054116 0.055543 6.460506 2.732355 
0.629743 1.207995 0.056586 6.987359 2.931851 
0.053953 2.194859 0.053590 6.461480 2.733191 
0.632658 0.055289 1.773058 6.989063 2.939783 
0.053585 1.228748 1.813984 6.959512 2.923052 
0.055201 0.055190 3.261849 6.468778 2.731639 
0.523288 0.053874 0.053743 7.595355 2.409693 
0.052874 0.994594 0.054053 7.596604 2.405009 
0.051664 0.051493 1.471528 7.590055 2.417789 
0.052400 0.054365 0.052241 7.896645 2.014162 
1.840964 0.051602 0.052910 0.052602 4.516144 
1.658169 1.111907 0.054980 0.054661 5.391905 
1.205400 2.362181 0.059395 0.053524 5.841842 
0.587409 3.258036 0.059238 0.057681 5.408883 
0.054314 3.635757 0.054841 0.057378 4.504075 
1.656207 0.052818 1.660565 0.052812 5.391782 
1.318417 1.311598 1.950638 0.056529 6.391602 
0.682922 2.583811 1.951147 0.054921 6.385037 
0.054484 3.262475 1.648348 0.056408 5.401505 
1.207288 0.053659 3.516653 0.053501 5.827412 
0.679690 1.317964 3.851544 0.056231 6.402130 
0.053547 2.362047 3.516752 0.055532 5.827587 
0.585196 0.053556 4.865102 0.054507 5.403611 
0.052422 1.120224 4.862725 0.056297 5.398578 
0.054148 0.054061 5.422271 0.057803 4.520703 
1.658784 0.054785 0.057152 2.191208 5.396160 
1.319959 1.321465 0.061236 2.598408 6.408833 
0.685942 2.578935 0.057666 2.589934 6.381171 
0.055225 3.261942 0.055051 2.202532 5.394483 
1.317452 0.052608 1.953441 2.569662 6.380981 
0.757119 1.465336 2.176657 2.894875 7.139693 
0.055539 2.581780 1.956949 2.595428 6.371412 
0.685403 0.053076 3.845693 2.587863 6.377675 
0.053765 1.323021 3.842449 2.589020 6.377999 
0.053101 0.053057 4.870530 2.187118 5.383349 
1.204341 0.051803 0.052835 4.666805 5.836972 
0.682733 1.315133 0.055062 5.119736 6.381547 
0.054984 2.359278 0.059289 4.667029 5.848648 
0.679680 0.056120 1.959159 5.120509 6.386289 
0.055164 1.329584 1.959270 5.105752 6.372456 
0.054909 0.054852 3.521531 4.675634 5.821573 
0.587242 0.052915 0.054117 6.466144 5.400427 
0.053084 1.125276 0.053123 6.462990 5.401285 
0.055305 0.053679 1.643978 6.459515 5.425589 
0.051452 0.051496 0.051401 7.200701 4.538797 
1.465856 0.052155 0.052131 0.054598 7.123093 
1.119615 1.123589 0.055880 0.054330 8.081632 
0.582226 2.193475 0.056197 0.053699 8.075223 
0.054732 2.882137 0.054263 0.056730 7.125226 
1.121107 0.051983 1.652138 0.052214 8.070753 
0.628684 1.206035 1.782961 0.060401 8.746462 
0.054002 2.190492 1.652260 0.051981 8.070880 
0.584402 0.056439 3.264234 0.056577 8.082204 
0.053183 1.125801 3.251208 0.057430 8.076997 
0.053008 0.053144 4.289743 0.055272 7.133904 
1.123491 0.054609 0.057296 2.189015 8.073294 
0.629745 1.207864 0.054549 2.352864 8.723082 
0.053597 2.187465 0.056223 2.183856 8.080744 
0.628720 0.054428 1.777613 2.355741 8.727546 
0.055231 1.196758 1.785270 2.361101 8.725986 
0.053539 0.053315 3.258573 2.175684 8.079146 
0.586696 0.052883 0.052729 4.316220 8.082036 
0.054017 1.121720 0.054445 4.317277 8.083092 
0.053306 0.053351 1.651217 4.323948 8.078781 
0.051680 0.050876 0.052530 5.699947 7.131630 
0.947521 0.052372 0.052427 0.057664 8.994558 
0.523946 0.997477 0.054127 0.052682 9.478488 
0.054117 1.845888 0.054380 0.053922 8.991552 
0.525177 0.056004 1.468125 0.057479 9.485503 
0.053899 0.988716 1.463217 0.054721 9.488818 
0.056445 0.052868 2.742558 0.058981 8.991651 
0.525129 0.052075 0.052561 1.934493 9.478178 
0.052659 0.999539 0.053188 1.935718 9.478656 
0.052336 0.052971 1.472361 1.934894 9.478583 
0.052069 0.052409 0.055941 3.593554 9.017907 
0.444641 0.052706 0.052804 0.053359 9.858301 
0.052006 0.840067 0.052430 0.052668 9.855635 
0.052155 0.051681 1.226097 0.052830 9.858247 
0.051834 0.053927 0.051915 1.620566 9.857688 
0.051759 0.051150 0.051185 0.058566 10.051145 
