2.052073 0.056311 0.060498 0.055015 0.091442 
2.000310 0.884984 0.061445 0.074911 0.130208 
1.825446 1.941004 0.112729 0.097367 0.142447 
1.406157 2.972921 0.049311 0.071685 0.107452 
0.900447 3.677055 0.058208 0.076336 0.084495 
0.409940 4.018543 0.104396 0.123112 0.082956 
0.099710 4.053294 0.099068 0.100861 0.192790 
2.008903 0.061598 1.287594 0.066118 0.055844 
1.936213 1.087749 1.557404 0.090492 0.086618 
1.622847 2.329681 1.639301 0.087440 0.103156 
1.051928 3.380251 1.647060 0.113170 0.133949 
0.471838 3.844700 1.397412 0.046103 0.045754 
0.183105 3.940282 1.194362 0.100886 0.133802 
1.851194 0.084239 2.865707 0.093228 0.083212 
1.628044 1.176328 3.311988 0.077936 0.085457 
1.159988 2.392031 3.554775 0.071561 0.083779 
0.558839 3.287354 3.188290 0.107699 0.094790 
0.117096 3.642107 2.831199 0.114089 0.192016 
1.446072 0.051538 4.328637 0.055185 0.058734 
1.080813 1.242428 4.906515 0.062728 0.334193 
0.570686 2.232493 4.815340 0.099058 0.154802 
0.139897 2.894594 4.195107 0.130250 0.036831 
0.917849 0.048083 5.438276 0.054623 0.091677 
0.514131 0.984038 5.728058 0.106291 0.056611 
0.118178 1.875747 5.373331 0.079057 0.095970 
0.419032 0.065790 5.940674 0.066492 0.106706 
0.077838 0.847810 5.916702 0.070282 0.104619 
0.089464 0.081800 6.078309 0.162065 0.210387 
1.994686 0.045286 0.058911 1.709329 0.090263 
1.943973 1.034584 0.070792 2.096674 0.136497 
1.622437 2.300514 0.075547 2.170002 0.097382 
1.059742 3.350782 0.056544 2.159256 0.090721 
0.476373 3.860715 0.060210 1.887114 0.058397 
0.183444 3.955588 0.107548 1.408622 0.118164 
1.920929 0.058767 1.586636 1.834669 0.186250 
1.745863 1.251004 1.881264 2.334387 0.101344 
1.255457 2.668659 1.942953 2.552887 0.041840 
0.574847 3.553356 1.773514 2.198403 0.095426 
0.108002 3.795696 1.571402 1.933231 0.121345 
1.617058 0.050764 3.330348 2.184097 0.106186 
1.260811 1.343075 3.907958 2.497270 0.054638 
0.653013 2.637351 3.785494 2.496428 0.111950 
0.168176 3.258933 3.219276 2.131192 0.144814 
1.096626 0.075406 4.938333 2.204668 0.081219 
0.586031 1.258298 5.302705 2.181705 0.090891 
0.115735 2.171521 4.835300 2.147814 0.040552 
0.504745 0.121896 5.731598 1.778927 0.057539 
0.103458 1.013760 5.737867 1.848109 0.118710 
0.078806 0.084784 5.898204 1.772838 0.055933 
1.834081 0.063513 0.061560 3.726414 0.095268 
1.634132 1.177651 0.084186 4.305266 0.107180 
1.154305 2.406481 0.087314 4.617176 0.063078 
0.567046 3.307480 0.067030 4.242632 0.122807 
0.096608 3.608985 0.108254 3.759597 0.078851 
1.636644 0.083614 1.654962 4.417393 0.107299 
1.311767 1.392855 1.914245 5.121169 0.149969 
0.664962 2.659834 1.962240 5.046263 0.081614 
0.164596 3.243879 1.749420 4.214249 0.058801 
1.168462 0.063710 3.537166 4.683213 0.081554 
0.642091 1.409087 3.811466 5.132054 0.080757 
0.134048 2.415836 3.453422 4.576336 0.125410 
0.559891 0.039956 4.867554 4.297235 0.074256 
0.087548 1.122946 4.865185 4.258351 0.112243 
0.098481 0.174272 5.387260 3.703413 0.062933 
1.459828 0.076514 0.084348 5.843067 0.124146 
1.109015 1.205202 0.091673 6.503622 0.188994 
0.569231 2.238063 0.100676 6.436184 0.130986 
0.145068 2.930417 0.112222 5.515804 0.100158 
1.102498 0.052746 1.764543 6.448952 0.133712 
0.624017 1.219370 1.797222 7.014031 0.112421 
0.125396 2.246515 1.636063 6.345703 0.088911 
0.593781 0.063071 3.249336 6.479716 0.057585 
0.084624 1.123851 3.252131 6.439963 0.073343 
0.143272 0.048892 4.270734 5.674372 0.067864 
0.928837 0.062875 0.052031 7.226974 0.095891 
0.528403 1.028668 0.058958 7.572274 0.066010 
0.102726 1.885672 0.031441 7.109679 0.119148 
0.517777 0.059057 1.418947 7.603689 0.129035 
0.079312 1.002168 1.487860 7.562269 0.084194 
0.108164 0.036879 2.691636 7.202062 0.139669 
0.478649 0.065376 0.064890 7.859569 0.049151 
0.068193 0.864844 0.053588 7.860391 0.093355 
0.061242 0.048770 1.201026 7.877391 0.036446 
0.068113 0.113986 0.082695 8.065488 0.067564 
2.015735 0.050373 0.077901 0.140762 1.873438 
1.944300 1.078529 0.067568 0.117497 2.398451 
1.652415 2.315946 0.071573 0.101093 2.513109 
1.086937 3.358228 0.105018 0.090718 2.659637 
0.481980 3.846170 0.059635 0.049036 2.225725 
0.184229 3.937818 0.060646 0.217827 2.011646 
1.939736 0.061897 1.505729 0.059506 2.355672 
1.761717 1.277453 1.836983 0.109840 2.876748 
1.266773 2.661908 1.978879 0.046511 3.044328 
0.606608 3.563743 1.795800 0.086345 2.727541 
0.185862 3.824819 1.392084 0.182950 2.184616 
1.628477 0.046493 3.362619 0.062605 2.642953 
1.271091 1.388405 4.106760 0.098848 3.081687 
0.666936 2.604117 4.015364 0.076257 2.900775 
0.162305 3.298517 3.079655 0.072998 2.707161 
1.127528 0.068174 4.889684 0.200196 2.621085 
0.598907 1.225681 5.346677 0.084148 2.689659 
0.117780 2.239877 4.885938 0.084329 2.392007 
0.496939 0.074544 5.754473 0.079663 2.307411 
0.095401 1.012130 5.721020 0.075280 2.242692 
0.082320 0.117251 5.931607 0.257013 2.284654 
1.926731 0.041349 0.078471 1.914237 2.325153 
1.764677 1.303548 0.066478 2.392276 2.873591 
1.265098 2.709084 0.105677 2.542348 3.073044 
0.581668 3.568433 0.132225 2.289467 2.770153 
0.141864 3.820777 0.074936 1.903223 2.308980 
1.763829 0.048616 1.825719 2.435566 2.861964 
1.464446 1.552573 2.222731 2.999568 3.469731 
0.695560 2.997568 2.204586 2.807439 3.361606 
0.148919 3.546321 1.764246 2.461187 2.592891 
1.298491 0.072701 3.884262 2.520108 3.203723 
0.746925 1.467947 4.392129 2.781622 3.239987 
0.141553 2.669145 3.755517 2.392892 3.076182 
0.601541 0.043672 5.270781 2.305846 2.825557 
0.085225 1.215180 5.254043 2.348131 2.762738 
0.121069 0.052716 5.716655 1.882439 2.392032 
1.636834 0.060189 0.050709 4.422207 2.625712 
1.312175 1.417024 0.076694 5.182420 3.178217 
0.630424 2.697119 0.064686 5.049790 2.964800 
0.096804 3.234362 0.184667 4.433419 2.551173 
1.281272 0.073884 2.020222 5.156160 3.078285 
0.740378 1.531556 2.260634 5.775699 3.461370 
0.141663 2.612691 1.990250 5.041394 2.991121 
0.677531 0.051372 3.895937 5.070795 3.088115 
0.094760 1.339817 3.892873 5.061467 3.023706 
0.118803 0.212087 4.804773 4.391007 2.564820 
1.109341 0.049894 0.050141 6.518237 2.550364 
0.620600 1.229945 0.058704 7.001108 2.864591 
0.122435 2.272553 0.036850 6.349222 2.513344 
0.609457 0.052135 1.808080 6.982486 2.853453 
0.097432 1.271986 1.955168 6.948475 2.937141 
0.055347 0.059150 3.262507 6.474594 2.707838 
0.495368 0.055862 0.074289 7.630865 2.318113 
0.076564 1.012055 0.070870 7.563280 2.333759 
0.066365 0.076319 1.375293 7.669774 2.208946 
0.040629 0.120279 0.045756 7.853319 2.159814 
1.855434 0.144838 0.142517 0.057975 4.305376 
1.655949 1.173537 0.068773 0.091269 5.433625 
1.184728 2.460415 0.068364 0.096702 5.723127 
0.559493 3.351166 0.099021 0.082889 5.129413 
0.177456 3.637961 0.049741 0.108159 4.322192 
1.658154 0.062693 1.667801 0.103215 5.294764 
1.321286 1.423409 1.980538 0.121670 6.432615 
0.644020 2.772737 2.072785 0.097688 6.130663 
0.164755 3.324121 1.565290 0.118257 5.080713 
1.177285 0.052526 3.640805 0.118068 5.704826 
0.686098 1.369436 3.980191 0.101865 6.267947 
0.138418 2.441586 3.546214 0.048350 5.466390 
0.564510 0.079463 4.932812 0.089354 5.182901 
0.103566 1.158600 4.935964 0.080284 5.196472 
0.044330 0.311343 5.453982 0.033928 4.237050 
1.664470 0.058655 0.059976 2.191388 5.316985 
1.313133 1.438111 0.065124 2.668746 6.274769 
0.633452 2.707506 0.061988 2.574867 6.173487 
0.166875 3.336163 0.090703 2.090795 5.028889 
1.316034 0.075162 2.019935 2.618891 6.296566 
0.757771 1.565760 2.277298 2.936609 6.902581 
0.138464 2.648118 2.023813 2.515309 6.064959 
0.668416 0.051056 3.927461 2.604213 6.145781 
0.089158 1.378088 3.901900 2.557662 6.138496 
0.079042 0.199934 4.977967 2.206078 5.083048 
1.198300 0.076243 0.073373 4.737750 5.651902 
0.679217 1.395069 0.077954 5.234942 6.251464 
0.066998 2.430400 0.240034 4.780397 5.531207 
0.673908 0.060508 1.976322 5.240791 6.186863 
0.089963 1.382292 2.031456 5.108673 6.150431 
0.089889 0.051972 3.556991 4.705510 5.701292 
0.586922 0.051178 0.070947 6.517129 5.269495 
0.078580 1.160593 0.047027 6.549924 5.086318 
0.081058 0.038941 1.709080 6.517875 5.189133 
0.065519 0.073151 0.118620 7.257180 4.443638 
1.483183 0.041854 0.098262 0.058487 6.968859 
1.133964 1.203358 0.091135 0.091027 8.050886 
0.577557 2.295384 0.050541 0.055687 7.884221 
0.050064 2.933217 0.100005 0.059842 6.970901 
1.133706 0.084034 1.723700 0.060364 8.024935 
0.638059 1.257809 1.864602 0.073202 8.550561 
0.117273 2.274638 1.727648 0.070458 7.777741 
0.564299 0.055267 3.383122 0.057269 7.918850 
0.076041 1.179579 3.328753 0.038280 7.868855 
0.053235 0.059997 4.502764 0.058728 6.760902 
1.134113 0.060124 0.051585 2.210557 7.978556 
0.625244 1.281837 0.051917 2.374561 8.619036 
0.125537 2.302122 0.091066 2.193273 7.796423 
0.632876 0.049563 1.849033 2.369543 8.656515 
0.085794 1.308632 1.867399 2.433383 8.486196 
0.078516 0.109126 3.371991 2.149958 8.019103 
0.597307 0.060026 0.061762 4.454054 7.948348 
0.073893 1.165156 0.085777 4.409826 7.894879 
0.044848 0.089392 1.764037 4.405995 7.917961 
0.044253 0.120833 0.041605 5.907488 6.834798 
0.946559 0.054736 0.056306 0.084124 8.978003 
0.520903 1.046022 0.052165 0.069466 9.441741 
0.108260 1.969244 0.072629 0.044225 8.772238 
0.530681 0.054643 1.529058 0.061773 9.413356 
0.071854 1.042888 1.492415 0.039965 9.394220 
0.107771 0.042460 2.857792 0.048703 8.848611 
0.526913 0.045969 0.061408 1.999827 9.439998 
0.074748 1.065176 0.040215 2.020394 9.369061 
0.041437 0.079541 1.590126 2.008759 9.380947 
0.045285 0.121978 0.048755 3.735418 8.910419 
0.447249 0.035149 0.055293 0.068938 9.817811 
0.064357 0.901571 0.070262 0.034919 9.787173 
0.070574 0.045178 1.297865 0.056145 9.821807 
0.061341 0.033624 0.081442 1.666369 9.818926 
0.043157 0.039955 0.046516 0.044577 10.039924 
