2.377783 0.377961 0.379186 0.385424 0.379004 0.385279 0.378067 0.391772 
2.227932 1.790330 0.361065 0.360678 0.362133 0.360203 0.362104 0.360169 
1.194433 3.886272 0.304312 0.304830 0.305454 0.307432 0.308898 0.305565 
0.259600 4.259447 0.259512 0.266862 0.259486 0.266814 0.262613 0.273236 
2.241763 0.365555 2.407390 0.364780 0.363685 0.362173 0.363522 0.368157 
1.579216 2.602545 3.396607 0.311705 0.308333 0.313487 0.306684 0.306684 
0.260660 3.936305 2.621051 0.260495 0.262562 0.264411 0.262405 0.259835 
1.294191 0.306038 5.522318 0.306114 0.307056 0.313450 0.306263 0.312521 
0.208247 2.120235 5.478183 0.211084 0.209200 0.210097 0.215809 0.223815 
0.161103 0.163362 6.161098 0.166185 0.162615 0.169523 0.163410 0.168043 
2.250584 0.360117 0.359977 2.969198 0.360009 0.360777 0.360234 0.368572 
1.621309 2.659034 0.303797 4.042980 0.303035 0.307895 0.304494 0.303411 
0.258153 4.000484 0.257714 3.074402 0.260353 0.262123 0.259762 0.257506 
1.681664 0.309045 3.509087 4.246461 0.309679 0.311359 0.331179 0.308446 
0.208600 2.726636 3.689847 4.341270 0.211648 0.208486 0.210572 0.224004 
0.159253 0.161335 5.648978 3.387675 0.159749 0.161626 0.162035 0.165227 
1.361560 0.307938 0.306014 7.101090 0.307177 0.310853 0.310522 0.306311 
0.208803 2.297699 0.208662 7.030285 0.226244 0.210319 0.208430 0.216946 
0.111198 0.112304 2.980204 7.137281 0.141319 0.125794 0.115715 0.111375 
0.069670 0.069670 0.072259 8.069643 0.070005 0.087277 0.072644 0.102814 
2.267319 0.358964 0.360479 0.359307 3.348532 0.361965 0.359111 0.360115 
1.621949 2.681383 0.305490 0.304853 4.921313 0.312157 0.304933 0.305081 
0.256039 4.008753 0.255250 0.260305 3.711256 0.255901 0.260396 0.255941 
1.667362 0.305536 3.624533 0.305346 5.100226 0.312319 0.305518 0.307559 
0.209082 2.813673 3.666961 0.209228 5.146348 0.209192 0.213321 0.209254 
0.162103 0.166894 5.689600 0.172047 4.051710 0.182590 0.164411 0.175136 
1.732895 0.304397 0.304399 4.357501 5.129397 0.305474 0.305983 0.304298 
0.210680 2.909434 0.210193 4.433588 5.364216 0.233236 0.209821 0.227776 
0.112773 0.114204 3.913511 4.598457 5.445022 0.127373 0.119578 0.113760 
0.070624 0.070709 0.071920 7.306650 4.335183 0.088228 0.103831 0.076948 
1.414859 0.306574 0.306814 0.306568 8.630316 0.311400 0.310372 0.306941 
0.213149 2.321948 0.213350 0.212599 8.708628 0.212452 0.213053 0.212914 
0.111748 0.112793 3.146510 0.112286 8.738270 0.129283 0.116282 0.124769 
0.022392 0.022418 0.022616 3.742995 8.875095 0.022404 0.036064 0.023127 
0.022884 0.023023 0.024489 0.026205 10.022878 0.027745 0.028270 0.032950 
2.266342 0.362972 0.362819 0.362887 0.363804 4.044139 0.364727 0.363059 
1.620841 2.658012 0.303053 0.303189 0.304308 5.918195 0.307631 0.303229 
0.257142 4.016384 0.256460 0.260684 0.256910 4.350703 0.261346 0.263706 
1.666821 0.305559 3.592203 0.308086 0.306276 6.140518 0.307257 0.311828 
0.211045 2.757211 3.716767 0.213948 0.213436 6.248425 0.210599 0.210954 
0.163393 0.165654 5.697061 0.164141 0.163719 4.801651 0.165090 0.195232 
1.693775 0.304714 0.304428 4.430690 0.306038 6.319064 0.309092 0.305554 
0.210559 2.896403 0.210930 4.503820 0.218096 6.338697 0.272908 0.221098 
0.113593 0.114769 3.904290 4.604317 0.113610 6.527580 0.118661 0.118751 
0.067751 0.067763 0.069871 7.291158 0.069638 5.225192 0.100771 0.091258 
1.721399 0.303970 0.303493 0.303908 5.245456 6.341125 0.308349 0.304852 
0.211390 2.886318 0.212229 0.214347 5.478122 6.508349 0.212958 0.239886 
0.116229 0.117512 3.948787 0.118911 5.545713 6.657327 0.120705 0.119431 
0.027787 0.027864 0.028460 4.788491 5.692206 6.868931 0.034592 0.049866 
0.026217 0.026470 0.029816 0.030726 8.958271 5.421808 0.039017 0.050021 
1.432413 0.307430 0.305562 0.306791 0.305779 10.217150 0.309898 0.306284 
0.209005 2.307498 0.213084 0.210095 0.209745 10.423793 0.212023 0.226095 
0.111404 0.112538 3.077361 0.111443 0.111586 10.542691 0.114711 0.143251 
0.024635 0.024638 0.025668 3.721673 0.026221 10.666382 0.029005 0.025488 
0.026134 0.026975 0.026784 0.028426 4.502855 10.756440 0.030779 0.026963 
0.023368 0.023532 0.023823 0.032018 0.023965 12.023341 0.028260 0.030167 
2.249495 0.362046 0.361075 0.362876 0.364576 0.360812 4.951075 0.368525 
1.616703 2.673962 0.303664 0.304047 0.304638 0.315940 6.837290 0.312788 
0.254875 3.993082 0.254736 0.255017 0.255772 0.261624 5.234892 0.274173 
1.668498 0.309314 3.594136 0.306995 0.311825 0.311361 7.114301 0.308846 
0.208452 2.813941 3.596965 0.209425 0.211226 0.210502 7.301553 0.215354 
0.158890 0.162116 5.689593 0.158684 0.161084 0.158771 5.584769 0.208993 
1.731814 0.304283 0.304766 4.390975 0.305606 0.304023 7.005651 0.304192 
0.209942 2.905777 0.209592 4.420007 0.217432 0.209590 7.464458 0.220475 
0.110029 0.112726 3.909013 4.560794 0.110050 0.138283 7.642076 0.142980 
0.069286 0.069292 0.070399 7.297948 0.072117 0.085175 6.067007 0.093224 
1.718182 0.305332 0.304849 0.304978 5.252390 0.309355 7.385810 0.306389 
0.210132 2.916891 0.208744 0.212383 5.400451 0.215018 7.510182 0.226157 
0.112917 0.114378 3.898506 0.115184 5.589057 0.114472 7.807070 0.134371 
0.031374 0.031453 0.032072 4.804139 5.706732 0.031646 7.975354 0.037652 
0.027424 0.027809 0.032565 0.032450 8.962940 0.027621 6.312761 0.044715 
1.721943 0.305348 0.306084 0.305531 0.305967 6.286917 7.299890 0.311870 
0.212202 2.917066 0.212295 0.212205 0.214383 6.464719 7.502730 0.218687 
0.109440 0.110729 3.906456 0.109683 0.109543 6.654235 7.803000 0.147960 
0.028821 0.029847 0.034844 4.788564 0.030887 6.842017 7.993019 0.028719 
0.024286 0.025284 0.027028 0.024348 5.768450 7.000755 8.091427 0.025262 
0.022843 0.022846 0.022847 0.022843 0.032584 10.757188 6.280966 0.032859 
1.418272 0.307245 0.306042 0.307691 0.306727 0.308924 11.941414 0.307590 
0.209162 2.350915 0.209078 0.209142 0.212098 0.209032 12.032439 0.242190 
0.109567 0.121087 3.131822 0.109599 0.124444 0.118370 12.203703 0.111081 
0.030915 0.032772 0.042557 3.706020 0.040607 0.038519 12.466137 0.044539 
0.027915 0.027915 0.027915 0.030765 4.512454 0.078936 12.541049 0.043081 
0.021435 0.021755 0.024228 0.021648 0.022238 5.402352 12.534971 0.028174 
0.021720 0.021722 0.021732 0.024913 0.021726 0.021734 14.021715 0.034320 
2.259129 0.359518 0.360149 0.362133 0.360510 0.376358 0.359619 5.360700 
1.602262 2.665438 0.303317 0.303688 0.304245 0.305161 0.307869 7.966990 
0.257456 3.989654 0.258213 0.257127 0.262099 0.260348 0.258504 6.003529 
1.667880 0.305368 3.609257 0.305624 0.306397 0.307595 0.312888 8.023172 
0.210163 2.784339 3.688943 0.210297 0.212125 0.213696 0.211967 8.196360 
0.161589 0.161764 5.681661 0.163350 0.161903 0.163766 0.164161 6.431827 
1.706649 0.306376 0.304943 4.412962 0.308939 0.305144 0.312500 8.226447 
0.211054 2.905537 0.210771 4.398528 0.211151 0.230275 0.213079 8.555255 
0.115459 0.118484 3.896821 4.596066 0.115536 0.117269 0.118428 8.717336 
0.069894 0.070534 0.080119 7.286707 0.070576 0.086830 0.082324 6.973800 
1.731631 0.307615 0.305900 0.304692 5.262710 0.319788 0.308736 8.225565 
0.212646 2.910442 0.210034 0.210112 5.386113 0.213929 0.213455 8.618554 
0.109842 0.111106 3.891470 0.109864 5.628324 0.125956 0.112494 8.846522 
0.025208 0.026410 0.028255 4.814206 5.698171 0.025489 0.049341 9.073622 
0.022934 0.023224 0.026782 0.027555 8.944145 0.027538 0.027094 7.251529 
1.726363 0.306176 0.303194 0.303382 0.309225 6.267474 0.307172 8.248736 
0.208148 2.896410 0.208250 0.208222 0.210326 6.430222 0.216348 8.665784 
0.112566 0.113968 3.937491 0.112988 0.132563 6.705459 0.169118 8.754104 
0.020999 0.021150 0.021876 4.799128 0.023210 6.845171 0.043263 9.070081 
0.024216 0.024481 0.026871 0.024397 5.795926 6.969972 0.026860 9.240992 
0.023395 0.023851 0.027756 0.028643 0.025113 10.758810 0.028020 7.172372 
1.750427 0.307943 0.305487 0.305736 0.306277 0.306950 7.039753 8.251724 
0.209124 2.927673 0.209291 0.214550 0.210421 0.208897 7.503637 8.466821 
0.114293 0.116319 3.922061 0.118090 0.116014 0.141147 7.800611 8.815774 
0.025331 0.031769 0.041873 4.771368 0.034579 0.045894 8.000637 9.125605 
0.022971 0.023190 0.026151 0.023050 5.792983 0.023311 8.092035 9.281783 
0.026089 0.026495 0.026090 0.027379 0.026089 6.998902 8.120028 9.191100 
0.025291 0.026604 0.037978 0.040660 0.025154 0.027209 12.533888 7.210335 
1.406733 0.305823 0.306462 0.305881 0.309184 0.309704 0.307712 13.662842 
0.206887 2.342779 0.206669 0.206750 0.208290 0.206929 0.207704 13.733478 
0.114093 0.114154 3.103417 0.115047 0.114263 0.122799 0.115480 13.986891 
0.021332 0.021605 0.026723 3.748817 0.022310 0.021359 0.027643 14.178389 
0.024807 0.024856 0.024801 0.027665 4.502197 0.025141 0.030650 14.331423 
0.022020 0.022025 0.027980 0.022087 0.022037 5.408875 0.025584 14.319285 
0.023841 0.023841 0.023841 0.038724 0.023848 0.023842 6.292065 14.330509 
0.024368 0.024366 0.024398 0.032862 0.026498 0.035335 0.024386 16.024349 
2.325490 0.533878 0.775592 1.018978 1.095528 1.403913 1.412884 1.815663 
1.840269 3.023612 0.847190 1.046234 1.537271 1.456285 1.444364 1.789399 
0.328293 4.202463 0.693932 0.928180 0.959371 1.219839 1.299607 1.572840 
1.893731 0.578870 4.070089 1.027733 1.199015 1.410076 1.616044 2.087718 
0.416986 3.288302 3.950380 1.074091 1.358728 1.370750 1.771414 1.981446 
0.350430 0.525468 6.060455 0.877876 1.134294 1.255388 1.461629 1.929723 
2.015715 0.692425 0.561583 5.038679 1.250794 1.474930 1.432555 1.878434 
0.408681 3.242898 0.854844 5.036582 1.176464 1.434865 1.681357 1.927971 
0.397068 0.617253 4.538969 5.435052 1.327864 1.224169 1.455843 1.923749 
0.345959 0.562100 0.783962 7.942855 1.083509 1.231979 1.402501 1.548674 
2.110156 0.603658 0.755618 0.968567 5.229690 1.435207 1.444179 1.846957 
0.349835 3.164048 1.052061 0.986800 6.466245 1.313915 1.966946 2.070700 
0.437685 0.655652 4.497215 1.019966 6.631140 1.406187 1.948440 2.053390 
0.448253 0.742996 0.959525 5.679891 6.725331 1.599624 1.734618 2.117955 
0.367575 0.608593 0.835710 0.985513 9.827256 1.277798 1.538713 1.808727 
1.910527 0.652705 0.825063 0.985670 1.208689 7.045468 1.779132 2.023284 
0.391381 3.243136 0.595505 0.702704 0.795919 8.081395 0.678416 2.232826 
0.475842 0.670011 4.575895 1.009864 1.230394 7.803453 1.926301 2.095525 
0.465979 0.749307 0.970253 5.640141 1.342141 8.024208 1.906773 2.132241 
0.445608 0.720162 0.977403 1.102199 6.764304 8.214891 1.820037 2.145407 
0.377706 0.565416 0.754010 0.864102 1.128158 11.747856 1.599924 1.567531 
1.922374 0.649838 0.796301 1.017677 1.208580 1.363328 8.028935 1.935360 
0.401239 3.307664 0.882470 1.047587 1.075207 1.409981 8.517774 1.985182 
0.412024 0.651128 4.638965 0.980528 1.017807 1.324999 8.894992 1.879837 
0.461052 0.731607 1.069482 5.696489 1.334608 1.239901 9.525239 2.076962 
0.444113 0.688513 1.035473 1.288574 6.851718 1.652441 9.654553 2.061955 
0.444614 0.690432 0.949985 1.094438 1.277255 8.194585 9.470611 2.095680 
0.357623 0.593663 0.760843 0.944365 1.057127 1.365397 13.601178 1.804922 
2.060032 0.731837 0.717260 0.929466 1.024686 1.265313 1.273137 8.290262 
0.413349 3.299271 0.883544 1.047734 1.075293 1.448953 1.689563 9.758142 
0.433928 0.630261 4.611978 1.096756 1.254633 1.478873 1.775336 10.247914 
0.454719 0.704707 0.950417 5.635112 1.165858 1.658163 2.019223 10.739876 
0.481790 0.715711 1.007008 1.195263 6.842184 1.664166 1.925111 11.052120 
0.482628 0.711948 1.035101 1.088309 1.383735 8.248514 1.824910 10.972431 
0.465971 0.740395 0.974829 1.128376 1.347433 1.661140 9.416620 10.810562 
0.381808 0.569338 0.763522 0.884514 1.116266 1.282827 1.551067 15.604217 
