2.221037 0.227861 0.223217 0.222872 0.252448 
2.195922 0.754520 0.216417 0.216072 0.221662 
2.058780 1.781034 0.220159 0.218521 0.218356 
1.653546 2.899235 0.186430 0.186617 0.186342 
1.082193 3.725842 0.169136 0.175616 0.168648 
0.483036 4.100986 0.157207 0.157171 0.156384 
0.112888 4.111816 0.116705 0.122632 0.112554 
2.200190 0.218889 0.998237 0.217354 0.221385 
2.149796 0.921418 1.244337 0.212530 0.211900 
1.870531 2.185409 1.514590 0.193785 0.193530 
1.298079 3.333180 1.508566 0.165078 0.167018 
0.572831 3.966432 1.278669 0.137327 0.138736 
0.111701 4.055935 1.106643 0.112138 0.111795 
2.067194 0.212686 2.459178 0.213663 0.217636 
1.889144 1.116519 2.964063 0.180708 0.184602 
1.426367 2.451324 3.316332 0.165842 0.165831 
0.663476 3.405711 3.111507 0.117190 0.117197 
0.114164 3.765471 2.563438 0.114771 0.141423 
1.732911 0.200149 4.053390 0.217467 0.204016 
1.349355 1.172992 4.769303 0.169716 0.172138 
0.693192 2.348497 4.800549 0.123264 0.121691 
0.081262 3.021928 4.148159 0.082413 0.112193 
1.152683 0.167963 5.389982 0.169465 0.167997 
0.620970 1.068156 5.745141 0.119374 0.117397 
0.065995 1.961755 5.349151 0.067184 0.075609 
0.618243 0.165035 6.008311 0.165338 0.183679 
0.064230 0.895027 5.932703 0.065076 0.125484 
0.018557 0.021716 6.018551 0.019830 0.026170 
2.196843 0.216707 0.222776 1.338828 0.227524 
2.146964 0.949103 0.217018 1.603244 0.219847 
1.846578 2.174828 0.175354 1.969466 0.174547 
1.305061 3.322208 0.170460 2.056540 0.169359 
0.587326 3.933722 0.131681 1.796330 0.131190 
0.118054 4.059694 0.121194 1.471088 0.118252 
2.143916 0.210825 1.275792 1.689147 0.237022 
2.000799 1.166347 1.576913 2.088038 0.181045 
1.524736 2.670687 1.808729 2.434801 0.174355 
0.711936 3.654625 1.662233 2.239230 0.126055 
0.117246 3.936927 1.314177 1.853504 0.116363 
1.889106 0.186736 3.002161 2.041782 0.185824 
1.558679 1.365551 3.667463 2.482627 0.165506 
0.799682 2.754176 3.736779 2.518530 0.125302 
0.069010 3.384199 3.067120 2.056254 0.072608 
1.369738 0.165297 4.722295 2.130400 0.165679 
0.759530 1.301792 5.259006 2.370297 0.123071 
0.063208 2.315846 4.777104 2.096761 0.062005 
0.630905 0.128897 5.757182 2.015969 0.130402 
0.036075 1.039855 5.667809 1.924874 0.052364 
0.029219 0.031357 5.915639 1.576259 0.031315 
2.068460 0.219653 0.221747 3.267922 0.223586 
1.872792 1.104988 0.176338 3.971570 0.175491 
1.409606 2.451133 0.165402 4.432154 0.165703 
0.673778 3.388008 0.120432 4.150898 0.118147 
0.125199 3.756193 0.125063 3.470357 0.132307 
1.885270 0.182927 1.501325 3.993584 0.184728 
1.551580 1.388562 1.836369 4.870944 0.163443 
0.805480 2.736067 1.903909 4.999330 0.126894 
0.067525 3.365914 1.534812 4.135753 0.067636 
1.433229 0.162698 3.414552 4.559407 0.162787 
0.803687 1.399555 3.801489 5.049751 0.092088 
0.071298 2.515254 3.436367 4.534042 0.071492 
0.699731 0.117844 4.893569 4.362466 0.119392 
0.035755 1.206336 4.807494 4.267305 0.033135 
0.036113 0.040127 5.407498 3.598911 0.048661 
1.712237 0.191874 0.194561 5.388838 0.264407 
1.334744 1.203664 0.166313 6.313040 0.166951 
0.684228 2.334821 0.114807 6.360042 0.114741 
0.084240 3.018257 0.084545 5.517389 0.097183 
1.335654 0.166334 1.602442 6.366477 0.168758 
0.735209 1.283298 1.739322 6.918936 0.087263 
0.067351 2.349873 1.580934 6.319054 0.075058 
0.708467 0.112622 3.212610 6.533666 0.125707 
0.053413 1.200977 3.226548 6.436687 0.063440 
0.030201 0.031347 4.262223 5.699660 0.039655 
1.142904 0.165759 0.166026 7.143953 0.172908 
0.632531 1.063223 0.119220 7.612028 0.119453 
0.067019 1.948909 0.067872 7.125914 0.081643 
0.622518 0.116975 1.429526 7.655750 0.120456 
0.045508 1.057800 1.434696 7.559461 0.046432 
0.039561 0.040350 2.702478 7.207069 0.068089 
0.519659 0.153219 0.187239 8.017506 0.163494 
0.069567 0.888966 0.079479 7.899358 0.121926 
0.023899 0.023728 1.187826 7.871547 0.033702 
0.022727 0.027585 0.022950 8.022697 0.046628 
2.194533 0.220429 0.221213 0.218924 1.771756 
2.139052 0.962982 0.218719 0.212631 2.133143 
1.854525 2.139050 0.178148 0.175886 2.511656 
1.293885 3.329629 0.165124 0.165134 2.497220 
0.564135 3.927809 0.122675 0.121016 2.244940 
0.114020 4.049445 0.131599 0.114477 1.899721 
2.141402 0.213233 1.272193 0.215235 2.153812 
1.996160 1.151208 1.568517 0.179144 2.650806 
1.530288 2.649226 1.796616 0.168116 2.942281 
0.713837 3.635358 1.677678 0.122132 2.773886 
0.113141 3.927486 1.359832 0.115179 2.287604 
1.887834 0.179487 2.955562 0.179960 2.520502 
1.554067 1.361977 3.681497 0.164851 3.059032 
0.805978 2.728333 3.726286 0.113408 3.114282 
0.061402 3.387742 3.044502 0.061988 2.534735 
1.359721 0.166006 4.743247 0.167303 2.648621 
0.758449 1.300374 5.243112 0.117738 2.943318 
0.065004 2.331100 4.759442 0.065479 2.650043 
0.617752 0.126830 5.775100 0.127392 2.437435 
0.026523 1.052707 5.653024 0.028565 2.364197 
0.022381 0.026529 5.903138 0.036693 2.002574 
2.143729 0.216630 0.218819 1.739142 2.069258 
1.986086 1.195785 0.185244 2.127516 2.626356 
1.515490 2.654192 0.168710 2.386731 3.027509 
0.705424 3.636470 0.115699 2.209163 2.757035 
0.116775 3.927382 0.124316 1.801468 2.283541 
2.006705 0.187310 1.614798 2.041268 2.608934 
1.710259 1.520396 2.017639 2.709160 3.394988 
0.881172 3.049011 2.074032 2.773770 3.444772 
0.066352 3.623235 1.621192 2.206454 2.720530 
1.563168 0.167486 3.701844 2.479190 3.037042 
0.887955 1.553348 4.148414 2.790310 3.491470 
0.061926 2.745035 3.686670 2.539641 3.046560 
0.752081 0.114161 5.272127 2.348581 2.955421 
0.036199 1.282770 5.189017 2.361162 2.876693 
0.040508 0.044754 5.686219 1.986406 2.390216 
1.884146 0.183870 0.185325 3.917368 2.620841 
1.541276 1.356306 0.165757 4.910914 3.066435 
0.796590 2.732345 0.126816 4.998260 3.118803 
0.066673 3.361904 0.066967 4.114733 2.609031 
1.561036 0.166067 1.871053 4.863689 3.110634 
0.889835 1.526030 2.080547 5.551481 3.474386 
0.063969 2.718461 1.846575 4.994407 3.075713 
0.829752 0.114745 3.814208 5.125422 3.270532 
0.063292 1.408584 3.790689 5.135748 3.163868 
0.029388 0.030744 4.820318 4.325024 2.740458 
1.343593 0.164129 0.164669 6.327302 2.576607 
0.739408 1.303096 0.113241 6.964584 2.939557 
0.070597 2.319696 0.092478 6.372876 2.572550 
0.777147 0.121640 1.777896 7.005895 2.869372 
0.065656 1.296912 1.726834 6.983679 2.901148 
0.028502 0.027509 3.204829 6.465182 2.696586 
0.596244 0.124677 0.130452 7.671799 2.452658 
0.027365 1.051997 0.028830 7.517211 2.428600 
0.026169 0.025574 1.445672 7.565803 2.383954 
0.032547 0.037253 0.032515 7.881403 1.966895 
2.071655 0.216059 0.224792 0.214576 3.926128 
1.866397 1.115997 0.177135 0.177414 4.984347 
1.412648 2.438350 0.166459 0.166573 5.532621 
0.664184 3.384257 0.115675 0.114242 5.173011 
0.117941 3.754648 0.118075 0.117053 4.275711 
1.896512 0.194264 1.543827 0.197273 4.935084 
1.565255 1.354675 1.842096 0.170139 6.052833 
0.799766 2.738003 1.883512 0.116477 6.174660 
0.064429 3.380905 1.517022 0.064271 5.102811 
1.433527 0.166426 3.425561 0.164861 5.656695 
0.804441 1.389476 3.775863 0.091843 6.311439 
0.066719 2.507829 3.424792 0.066498 5.671924 
0.712207 0.116257 4.875129 0.117049 5.426215 
0.033947 1.193268 4.800063 0.041861 5.369813 
0.036935 0.039767 5.402183 0.040172 4.512139 
1.864874 0.170506 0.175793 2.069324 4.922044 
1.553243 1.359045 0.167701 2.426936 6.082590 
0.792254 2.737597 0.122839 2.517996 6.191438 
0.068721 3.371664 0.068114 2.062817 5.117150 
1.549014 0.163102 1.829637 2.469185 6.156873 
0.880265 1.535742 2.086026 2.790905 6.935337 
0.051256 2.717007 1.844090 2.504595 6.153993 
0.824523 0.120714 3.869760 2.577187 6.375479 
0.064379 1.406986 3.811941 2.591127 6.365236 
0.037659 0.038630 4.854541 2.167213 5.369662 
1.446581 0.167003 0.168092 4.515215 5.598891 
0.803324 1.388060 0.089235 5.040281 6.284212 
0.068200 2.508159 0.066738 4.580168 5.624674 
0.803681 0.095155 1.924455 5.102686 6.336293 
0.076177 1.462920 1.871583 5.144107 6.307868 
0.031805 0.031595 3.495801 4.645452 5.809412 
0.710767 0.116706 0.117747 6.482235 5.395014 
0.032340 1.203745 0.032338 6.420289 5.289314 
0.040081 0.039657 1.632965 6.465690 5.371241 
0.025896 0.031166 0.024526 7.188696 4.473247 
1.688203 0.188062 0.195151 0.188411 6.793487 
1.341011 1.148448 0.163723 0.164067 7.856602 
0.688104 2.354103 0.114251 0.111967 7.875805 
0.086240 3.011740 0.087625 0.085557 6.903200 
1.356041 0.167693 1.580835 0.167058 7.853303 
0.729593 1.256458 1.748026 0.078240 8.620594 
0.070431 2.336728 1.598050 0.066947 7.891971 
0.716651 0.114984 3.224714 0.126190 8.119818 
0.047222 1.186248 3.226466 0.058661 8.033632 
0.032658 0.034741 4.266827 0.031057 7.112187 
1.347849 0.163849 0.162573 2.060251 7.858487 
0.734054 1.274252 0.078445 2.349519 8.575700 
0.066652 2.338691 0.066746 2.126900 7.882789 
0.734224 0.081251 1.761957 2.331647 8.658814 
0.077158 1.329550 1.761021 2.369015 8.685001 
0.040876 0.040822 3.234055 2.172234 8.075800 
0.707732 0.115726 0.117360 4.356740 8.060888 
0.047939 1.181030 0.046571 4.317961 8.011776 
0.055592 0.055187 1.613057 4.347787 8.084319 
0.028847 0.029980 0.027790 5.704013 7.074149 
1.146176 0.163308 0.164148 0.165887 8.871815 
0.615391 1.050110 0.113022 0.112431 9.500866 
0.066840 1.978124 0.074238 0.074177 8.850918 
0.618618 0.113310 1.444104 0.112649 9.528713 
0.047958 1.039452 1.430355 0.051053 9.457203 
0.026936 0.027014 2.679459 0.031965 8.995953 
0.610843 0.117931 0.116685 1.920131 9.536888 
0.045251 1.057941 0.043644 1.896592 9.435175 
0.050846 0.050549 1.441631 1.899573 9.499490 
0.036273 0.031297 0.036794 3.631113 8.955598 
0.526274 0.159034 0.164678 0.160527 9.988414 
0.064408 0.878673 0.064076 0.063986 9.854148 
0.023000 0.022428 1.180524 0.038012 9.833351 
0.034510 0.033337 0.034736 1.603622 9.838773 
0.024383 0.025029 0.024391 0.024379 10.024379 
