2.224340 0.225016 0.226490 0.232017 0.225414 
2.196484 0.813275 0.218890 0.219825 0.220010 
2.053901 1.789115 0.217020 0.215563 0.215535 
1.656871 2.869473 0.179341 0.177960 0.180643 
1.082212 3.701986 0.156519 0.156724 0.165616 
0.488082 4.103730 0.158612 0.158701 0.158694 
0.110737 4.110505 0.117190 0.113902 0.110725 
2.195670 0.213370 1.008444 0.213849 0.227483 
2.146106 0.909083 1.324282 0.220113 0.215636 
1.856640 2.144540 1.484796 0.173315 0.176167 
1.294705 3.334081 1.513748 0.162861 0.166112 
0.580557 3.922462 1.375692 0.128882 0.121179 
0.113174 4.052419 1.146311 0.114284 0.114476 
2.065559 0.214452 2.483132 0.220140 0.216528 
1.892787 1.118387 2.980337 0.187735 0.187481 
1.423794 2.431650 3.351360 0.166489 0.167687 
0.670687 3.398138 3.103420 0.121836 0.114150 
0.111937 3.753188 2.585886 0.122484 0.110203 
1.715365 0.194859 4.090334 0.195741 0.207814 
1.344092 1.187550 4.750892 0.162544 0.163890 
0.685788 2.354005 4.771691 0.112617 0.111940 
0.065087 2.999125 4.142568 0.066299 0.065901 
1.148581 0.161408 5.379578 0.163569 0.161648 
0.627167 1.066045 5.737801 0.117149 0.116765 
0.071230 1.974837 5.347545 0.071166 0.075209 
0.602636 0.162720 6.015268 0.165002 0.162778 
0.068903 0.915830 5.929602 0.068453 0.082309 
0.022404 0.024837 6.022368 0.022647 0.031290 
2.193840 0.216040 0.215916 1.370167 0.217514 
2.154561 0.948019 0.226438 1.741025 0.225152 
1.866390 2.145743 0.186202 1.939534 0.183166 
1.281003 3.335697 0.160785 2.053249 0.163502 
0.580113 3.916728 0.123101 1.855135 0.121711 
0.111461 4.048470 0.113501 1.514823 0.111189 
2.139839 0.212678 1.296650 1.762926 0.213756 
1.984322 1.182349 1.608735 2.125900 0.174302 
1.524303 2.626956 1.822703 2.407497 0.161796 
0.711145 3.632159 1.679329 2.225313 0.115396 
0.113315 3.932655 1.377178 1.784507 0.113066 
1.891709 0.187256 3.007504 2.006305 0.191273 
1.562782 1.367386 3.671013 2.450402 0.167841 
0.813053 2.747572 3.735341 2.560071 0.128528 
0.066288 3.384884 3.076678 2.020246 0.067010 
1.350925 0.162902 4.758424 2.128268 0.164558 
0.759478 1.297303 5.258048 2.375952 0.124447 
0.070548 2.355473 4.743251 2.142241 0.070504 
0.618922 0.117825 5.752173 1.997036 0.118752 
0.030982 1.060756 5.650195 1.934089 0.036347 
0.042776 0.045225 5.931445 1.576415 0.043214 
2.057684 0.210284 0.215028 3.270042 0.212190 
1.866495 1.117843 0.173196 3.972576 0.176489 
1.412977 2.457491 0.165929 4.420906 0.173990 
0.672586 3.401593 0.119323 4.118935 0.119330 
0.108123 3.745345 0.108718 3.435264 0.123551 
1.869415 0.174666 1.496709 4.035489 0.177783 
1.549358 1.351160 1.847442 4.880478 0.159811 
0.807739 2.736074 1.864057 4.971083 0.118656 
0.060254 3.381366 1.538692 4.057601 0.060324 
1.439865 0.159553 3.402492 4.525795 0.173270 
0.805496 1.394605 3.742134 5.051968 0.080004 
0.072761 2.493161 3.438258 4.591759 0.090556 
0.707974 0.113511 4.879862 4.347917 0.114134 
0.046675 1.211940 4.820553 4.295283 0.047167 
0.023349 0.024129 5.390637 3.598086 0.023148 
1.687026 0.183098 0.182984 5.451288 0.196519 
1.346615 1.159166 0.162236 6.290494 0.162664 
0.686009 2.334469 0.115275 6.365532 0.115937 
0.076537 3.011482 0.076855 5.510743 0.076714 
1.337021 0.163553 1.619310 6.337363 0.166056 
0.738245 1.290086 1.746203 6.877434 0.078849 
0.068901 2.310190 1.612271 6.365860 0.084019 
0.711752 0.114221 3.255390 6.497362 0.135662 
0.063934 1.200616 3.212695 6.482836 0.079722 
0.027853 0.028369 4.245650 5.716213 0.042407 
1.145916 0.161946 0.165151 7.126186 0.170720 
0.614686 1.060498 0.117840 7.633749 0.118058 
0.073924 1.958043 0.074563 7.130330 0.074499 
0.625787 0.118091 1.432287 7.654961 0.118302 
0.054651 1.066992 1.412709 7.578792 0.054702 
0.044588 0.045468 2.742341 7.188257 0.059179 
0.506505 0.191678 0.149573 8.019911 0.149659 
0.067479 0.881110 0.067508 7.900006 0.068854 
0.035275 0.035197 1.200203 7.882875 0.043302 
0.028732 0.032316 0.028901 8.028649 0.044585 
2.191845 0.218915 0.221014 0.217901 1.794645 
2.148584 0.905078 0.215224 0.215221 2.103131 
1.844089 2.159046 0.170614 0.171153 2.457372 
1.293421 3.321490 0.159245 0.159455 2.467650 
0.572127 3.922615 0.121182 0.120962 2.250894 
0.114648 4.046572 0.116795 0.117552 1.941610 
2.145330 0.214651 1.259936 0.213997 2.102109 
1.989148 1.178217 1.617755 0.178365 2.626236 
1.526614 2.625312 1.819678 0.169701 3.038304 
0.709311 3.629865 1.668201 0.113429 2.776392 
0.110336 3.928856 1.358804 0.113378 2.231208 
1.877321 0.175462 2.997676 0.182703 2.506201 
1.559517 1.351036 3.663141 0.163989 3.060909 
0.798484 2.735812 3.736922 0.117511 3.117834 
0.066858 3.375682 3.091611 0.066951 2.543751 
1.355093 0.162328 4.729817 0.162183 2.698843 
0.749905 1.300739 5.240015 0.115150 2.971334 
0.075896 2.343909 4.757509 0.075653 2.709829 
0.623821 0.123511 5.756598 0.126358 2.448344 
0.023437 1.032663 5.659583 0.025712 2.344460 
0.044834 0.047119 5.930818 0.055491 1.984746 
2.140066 0.218551 0.216837 1.689285 2.248463 
1.982115 1.158555 0.174466 2.135101 2.632708 
1.514625 2.642309 0.168445 2.414300 3.062090 
0.710022 3.618477 0.111508 2.216170 2.777186 
0.112770 3.932335 0.114084 1.797231 2.200866 
1.991895 0.173547 1.604722 2.158054 2.504028 
1.699651 1.462619 2.016403 2.681005 3.378382 
0.884039 3.033653 2.066104 2.755496 3.421810 
0.069302 3.612336 1.673611 2.184740 2.785123 
1.552649 0.157954 3.686145 2.456309 3.076158 
0.894918 1.541343 4.164245 2.788100 3.494695 
0.064858 2.725656 3.732818 2.513539 3.065321 
0.750986 0.111195 5.264316 2.379008 2.931362 
0.049297 1.289607 5.206066 2.342947 2.929757 
0.031009 0.032536 5.693513 1.898832 2.367608 
1.873553 0.174791 0.174289 3.952739 2.492417 
1.543537 1.346901 0.159059 4.879088 3.054593 
0.800418 2.716190 0.115347 4.992337 3.071081 
0.065134 3.355747 0.066262 4.143519 2.577405 
1.559753 0.163218 1.847943 4.887431 3.051727 
0.895736 1.546439 2.116897 5.603839 3.474469 
0.070271 2.725904 1.862513 4.984889 3.110114 
0.840270 0.124427 3.826118 5.137439 3.234728 
0.064556 1.410690 3.831013 5.083858 3.210421 
0.040417 0.042146 4.827308 4.359816 2.710124 
1.340593 0.160920 0.160536 6.306281 2.638659 
0.746272 1.315012 0.109642 6.940922 2.914580 
0.079708 2.318491 0.090641 6.380402 2.655710 
0.755577 0.109943 1.745556 7.004077 2.914963 
0.067752 1.289934 1.753087 6.976124 2.930502 
0.036767 0.036206 3.229032 6.467281 2.680584 
0.632043 0.119684 0.120104 7.634371 2.397325 
0.037836 1.053543 0.053923 7.545645 2.377372 
0.037808 0.036806 1.429697 7.586817 2.391224 
0.037595 0.039449 0.037502 7.882439 1.996762 
2.056593 0.213725 0.214328 0.214046 4.093606 
1.867076 1.119201 0.178387 0.177324 4.976295 
1.400408 2.445140 0.162992 0.163288 5.562781 
0.665385 3.381464 0.118124 0.115814 5.190877 
0.110159 3.740104 0.110529 0.111153 4.308346 
1.866349 0.172675 1.560445 0.189442 4.942841 
1.545196 1.349139 1.859187 0.164319 6.125801 
0.799928 2.721677 1.871272 0.116543 6.220286 
0.067220 3.368127 1.538072 0.067109 5.152026 
1.441911 0.160888 3.405321 0.163549 5.613461 
0.807541 1.386035 3.772625 0.084531 6.288357 
0.070478 2.524243 3.410687 0.079597 5.670500 
0.709987 0.116280 4.887842 0.116211 5.401825 
0.045968 1.188430 4.819162 0.048355 5.389580 
0.042584 0.044357 5.413423 0.043794 4.499238 
1.876657 0.177407 0.177294 1.957209 4.948536 
1.548772 1.340407 0.167964 2.490310 6.078075 
0.788168 2.714284 0.113079 2.513493 6.218491 
0.066616 3.369164 0.067236 2.079022 5.116624 
1.539555 0.159688 1.847795 2.528437 6.135734 
0.898561 1.549287 2.097528 2.790346 6.975652 
0.053119 2.680594 1.873171 2.511643 6.233275 
0.832468 0.125269 3.844627 2.568203 6.428372 
0.066280 1.405307 3.813130 2.553991 6.399608 
0.031232 0.031459 4.851539 2.190192 5.337777 
1.428243 0.160072 0.160307 4.492208 5.677534 
0.815169 1.400686 0.120428 5.122858 6.331963 
0.068790 2.503126 0.082562 4.522034 5.721985 
0.810892 0.092044 1.905584 5.053023 6.373430 
0.079630 1.411519 1.930102 5.126063 6.372961 
0.045687 0.045554 3.519165 4.651530 5.817098 
0.710923 0.115720 0.116416 6.505184 5.344309 
0.045976 1.184393 0.052431 6.445912 5.326951 
0.045737 0.043991 1.632829 6.476411 5.367117 
0.033378 0.033417 0.033407 7.187346 4.508961 
1.698453 0.194082 0.195886 0.193639 6.780305 
1.348655 1.182195 0.161114 0.161209 7.791013 
0.686936 2.320323 0.112341 0.111753 7.936326 
0.069452 2.976708 0.078572 0.069994 6.935174 
1.329144 0.162532 1.591916 0.163510 7.926752 
0.726450 1.258467 1.698211 0.072787 8.624853 
0.068044 2.317597 1.611378 0.075097 7.923869 
0.694755 0.116686 3.233693 0.115120 8.147454 
0.061918 1.204557 3.244226 0.063377 8.042957 
0.035667 0.035956 4.248915 0.035645 7.154573 
1.333585 0.167244 0.168218 2.138923 7.906566 
0.739984 1.268323 0.074781 2.321839 8.564836 
0.069402 2.337910 0.080317 2.148026 7.884290 
0.744914 0.113743 1.747629 2.343905 8.764736 
0.090405 1.289929 1.747119 2.339821 8.778092 
0.063667 0.064097 3.232416 2.195042 8.125458 
0.704475 0.110873 0.113509 4.305022 8.092187 
0.055413 1.219201 0.058448 4.274064 8.038018 
0.056602 0.056373 1.631730 4.327005 8.094322 
0.030648 0.030835 0.030457 5.691650 7.096007 
1.145342 0.160580 0.161496 0.170989 8.860765 
0.619511 1.052119 0.114312 0.116331 9.500767 
0.073167 1.959884 0.073358 0.072995 8.890370 
0.622826 0.122750 1.448290 0.122748 9.549143 
0.060503 1.049972 1.432844 0.061076 9.475657 
0.040073 0.040361 2.692153 0.038974 9.007770 
0.634113 0.115560 0.115651 1.940791 9.499886 
0.056689 1.066766 0.056876 1.946062 9.439809 
0.057601 0.057311 1.441530 1.928881 9.502125 
0.048802 0.048927 0.048658 3.597783 9.010705 
0.524048 0.162217 0.161730 0.159407 9.991624 
0.062798 0.889969 0.075567 0.064359 9.846471 
0.030505 0.028462 1.205506 0.028459 9.832359 
0.039602 0.038730 0.039570 1.591036 9.848666 
0.025334 0.027551 0.024543 0.027925 10.024538 
