0.575982 0.056975 0.024383 0.099029 0.179099 0.070303 0.080896 0.132280 0.023124 0.164689 
0.127587 0.707237 0.089827 0.119769 0.124522 0.078642 0.090152 0.125138 0.044434 0.028157 
0.026180 1.137680 0.172990 0.113236 0.147292 0.084314 0.095496 0.079103 0.048406 0.024588 
0.240137 0.040839 0.669314 0.119936 0.134800 0.069012 0.107708 0.104269 0.064938 0.035334 
0.128949 0.402049 0.591533 0.220611 0.222437 0.138346 0.159324 0.161837 0.102451 0.090581 
0.039660 0.665571 0.533580 0.162413 0.145686 0.118286 0.034653 0.114826 0.051974 0.042928 
0.010091 0.336607 0.907040 0.080170 0.181059 0.072026 0.082879 0.080523 0.027123 0.163714 
0.034007 0.049149 1.883502 0.049513 0.155835 0.081742 0.089234 0.131050 0.064116 0.072579 
0.242889 0.121703 0.082974 0.714997 0.130209 0.080499 0.120223 0.113761 0.041176 0.080998 
0.084494 0.413063 0.079332 0.685019 0.159273 0.103476 0.112146 0.148996 0.042902 0.044705 
0.037590 0.704843 0.027679 0.664376 0.157325 0.079604 0.117490 0.069368 0.030259 0.022433 
0.017930 0.434856 0.052915 1.340116 0.148004 0.074406 0.080436 0.077285 0.051647 0.111638 
0.040734 0.216255 0.456168 1.008161 0.122486 0.085589 0.098732 0.118678 0.044643 0.038017 
0.021023 0.119173 0.159906 2.013481 0.132001 0.090680 0.080763 0.093144 0.048132 0.026638 
0.237632 0.028957 0.110865 0.063426 1.085058 0.076037 0.100488 0.072371 0.055218 0.059886 
0.080988 0.393322 0.085766 0.094122 0.903123 0.100785 0.098447 0.102562 0.063426 0.076711 
0.030355 0.694224 0.025752 0.079460 1.206167 0.080165 0.084748 0.068389 0.028829 0.021865 
0.122416 0.064024 0.515885 0.124744 1.083318 0.053145 0.107574 0.027601 0.044386 0.041748 
0.026085 0.019923 1.270234 0.064897 0.940148 0.039784 0.088169 0.116000 0.041397 0.030365 
0.129055 0.037325 0.041519 0.835793 1.320203 0.028680 0.070986 0.099976 0.059782 0.029750 
0.033764 0.262068 0.052911 0.757714 1.173051 0.090106 0.103941 0.093359 0.067720 0.127712 
0.016290 0.035825 0.472714 0.429249 1.251641 0.081780 0.087628 0.145463 0.030853 0.026184 
0.014983 0.038557 0.372586 0.051893 2.621003 0.079421 0.113005 0.097439 0.025908 0.060895 
0.012615 0.018417 0.098881 0.478131 2.619173 0.077589 0.111173 0.095607 0.024076 0.059053 
0.008757 0.044415 0.069896 0.132112 3.441551 0.075732 0.077962 0.092648 0.028373 0.016085 
0.281780 0.097834 0.054284 0.087505 0.132919 0.783524 0.083297 0.238750 0.041944 0.042801 
0.126499 0.293418 0.042754 0.076396 0.121807 0.768918 0.071791 0.223616 0.030330 0.025872 
0.019712 0.272276 0.457726 0.062066 0.143861 0.916449 0.087105 0.093696 0.051241 0.063921 
0.142824 0.072404 0.095235 0.487065 0.149967 0.858259 0.059754 0.037584 0.057125 0.028917 
0.050202 0.355278 0.055098 0.618714 0.136113 0.814906 0.113709 0.122553 0.082148 0.062122 
0.100961 0.020795 0.051116 0.263477 0.853538 0.821329 0.084971 0.027900 0.047385 0.019178 
0.033070 0.372351 0.078693 0.063289 0.810250 0.849767 0.137712 0.144511 0.053959 0.041915 
0.019296 0.047721 0.622262 0.050962 0.752504 0.904897 0.082822 0.099654 0.036396 0.020074 
0.014554 0.046046 0.075834 0.733559 0.794654 0.812526 0.079015 0.089663 0.021799 0.061056 
0.018245 0.027622 0.072620 0.150485 1.775875 0.863961 0.087538 0.096746 0.032540 0.036009 
0.020757 0.026255 0.108723 0.022657 1.291908 1.450274 0.115806 0.192502 0.057043 0.025584 
0.261228 0.043351 0.129639 0.132874 0.131786 0.072727 1.004198 0.108245 0.098912 0.035220 
0.085327 0.441688 0.174153 0.051802 0.269154 0.091780 0.920448 0.128364 0.047908 0.044185 
0.079135 0.751561 0.217723 0.124256 0.067454 0.108839 0.966184 0.072359 0.077864 0.063140 
0.086942 0.159309 0.551041 0.043808 0.115919 0.078573 0.790745 0.137489 0.335499 0.058219 
0.031144 0.277795 0.700165 0.090332 0.113155 0.070938 1.050512 0.085329 0.054634 0.030833 
0.024353 0.070780 0.936632 0.071322 0.266488 0.059033 1.090015 0.106976 0.048316 0.027198 
0.185295 0.097595 0.069568 0.526949 0.093014 0.067263 0.914706 0.115398 0.042191 0.033547 
0.019873 0.276307 0.074158 0.602449 0.135777 0.051961 0.856904 0.073926 0.046450 0.013708 
0.101246 0.060385 0.043332 0.261504 0.888374 0.060882 0.999270 0.080631 0.061210 0.029865 
0.019363 0.435959 0.098496 0.036878 0.734586 0.057021 1.028075 0.022196 0.048902 0.027307 
0.017178 0.047783 0.077670 0.752724 0.802491 0.057214 0.879255 0.130817 0.026900 0.063703 
0.025997 0.075440 0.035631 0.107917 2.324766 0.070467 1.047667 0.109798 0.045348 0.033229 
0.143976 0.068290 0.064951 0.069765 0.032822 1.209979 1.228526 0.063823 0.063197 0.266960 
0.038039 0.033057 0.591744 0.069383 0.033999 1.198824 1.194368 0.138304 0.046909 0.078544 
0.012685 0.031017 0.049150 0.699649 0.069144 1.017535 0.763226 0.203088 0.077506 0.014178 
0.131438 0.215314 0.110275 0.113184 0.162524 0.045116 1.609258 0.055569 0.045050 0.045747 
0.029577 0.136672 0.544562 0.088162 0.127472 0.030386 1.572585 0.087889 0.029812 0.032331 
0.012400 0.108829 0.201123 0.435844 0.102752 0.039627 1.756969 0.079103 0.044039 0.011297 
0.021530 0.018796 0.042249 0.074583 1.506483 0.047831 1.962612 0.199885 0.051009 0.025123 
0.013009 0.073781 0.120850 0.242641 0.062739 0.749976 1.795147 0.083361 0.032826 0.022549 
0.291307 0.123636 0.096761 0.142976 0.281979 0.097555 0.060740 1.132404 0.099753 0.071199 
0.136843 0.263366 0.078257 0.084573 0.150635 0.084741 0.092040 1.167845 0.060860 0.083431 
0.034214 0.675773 0.080021 0.084045 0.153677 0.086359 0.074935 1.168316 0.061285 0.082840 
0.111561 0.056129 0.489883 0.062498 0.243311 0.067641 0.081359 1.094452 0.029257 0.030209 
0.024893 0.362997 0.548799 0.084936 0.102570 0.064907 0.072487 1.159994 0.048247 0.024429 
0.020840 0.082169 1.186525 0.114912 0.022090 0.107070 0.077427 1.215202 0.038758 0.077233 
0.027228 0.393126 0.049418 0.454067 0.108523 0.056823 0.082131 1.257524 0.027533 0.020281 
0.034073 0.046441 0.264443 1.224233 0.101582 0.089769 0.079040 1.128488 0.157851 0.036293 
0.178216 0.034959 0.090493 0.051204 0.739858 0.066084 0.082411 1.214006 0.066452 0.071120 
0.013787 0.044242 0.595567 0.061017 0.819549 0.047983 0.090336 1.292985 0.013221 0.058690 
0.028501 0.068619 0.085592 0.814486 0.813257 0.082828 0.052693 1.099623 0.049040 0.037390 
0.107607 0.034582 0.063024 0.057638 0.102737 0.994356 0.074384 1.191933 0.478231 0.030863 
0.049512 0.036996 0.073008 0.815000 0.097129 0.677765 0.052400 1.208421 0.045231 0.030845 
0.039649 0.207906 0.052297 0.018118 0.064691 1.272043 0.071456 1.225586 0.023638 0.015734 
0.090068 0.053738 0.321887 0.057265 0.169305 0.061760 0.984850 1.122575 0.041528 0.042480 
0.028402 0.373665 0.101492 0.051940 0.099644 0.048360 0.582489 1.220031 0.052169 0.019428 
0.015814 0.210016 0.038345 0.014343 0.047049 0.910912 0.621976 1.224544 0.021292 0.013829 
0.096219 0.165517 0.080292 0.061939 0.117053 0.048574 0.066008 2.839569 0.035072 0.030486 
0.040084 0.129915 0.485815 0.038069 0.119584 0.071984 0.061286 2.875584 0.060837 0.031122 
0.053516 0.088621 0.045877 0.020876 0.059041 0.854162 0.061092 2.832492 0.029848 0.032955 
0.010806 0.076178 0.123309 0.189584 0.064358 0.016766 0.703590 2.944289 0.028841 0.011466 
0.331948 0.112986 0.081961 0.140530 0.169193 0.079658 0.033681 0.041865 0.881840 0.044161 
0.055888 0.780588 0.087784 0.091291 0.099546 0.037125 0.069722 0.079224 0.459447 0.020161 
0.035662 0.026704 1.373259 0.075535 0.148544 0.069985 0.078174 0.093177 0.880221 0.186671 
0.095897 0.192715 0.114527 0.725871 0.160086 0.109976 0.105280 0.219418 0.466348 0.215158 
0.035957 0.338716 0.073727 0.761610 0.136710 0.076630 0.082947 0.065831 0.721189 0.123719 
0.010679 0.029207 0.662121 0.757630 0.119059 0.059037 0.065363 0.048196 0.703537 0.106864 
0.031680 0.098401 0.154265 1.513661 0.101872 0.094329 0.079496 0.088067 0.661959 0.077157 
0.020372 0.258614 0.016775 0.340434 0.858036 0.076591 0.086851 0.072035 0.652801 0.064736 
0.021683 0.036425 0.175864 0.642413 0.966257 0.062751 0.014908 0.060211 0.644846 0.108222 
0.010171 0.078970 0.016139 0.105777 2.561261 0.127223 0.065859 0.077745 0.477732 0.064286 
0.026372 0.515251 0.068079 0.060396 0.064748 0.981432 0.071866 0.081363 0.461421 0.028618 
0.017008 0.051111 0.077070 0.755781 0.052036 1.285246 0.065668 0.075430 0.636105 0.063371 
0.025062 0.088550 0.224728 0.143342 0.050566 1.532388 0.064586 0.075429 0.485246 0.031898 
0.170875 0.079331 0.051092 0.085550 0.171262 0.056624 0.730586 0.085458 0.885886 0.031076 
0.068816 0.322805 0.125868 0.076277 0.128772 0.068112 0.879008 0.068712 0.478442 0.032405 
0.068794 0.114937 0.448392 0.087578 0.123232 0.039812 0.917899 0.053242 0.441887 0.030014 
0.023396 0.155541 0.050537 0.347850 0.064896 0.660705 0.770259 0.046101 0.443812 0.041800 
0.141728 0.026531 0.072001 0.355938 0.103726 0.064802 0.074620 1.049881 0.455052 0.025224 
0.038988 0.060921 0.196343 0.509135 0.074325 0.051908 0.070381 1.031757 0.458230 0.018381 
0.028669 0.035119 0.218466 0.266384 0.683782 0.106797 0.094473 1.038309 0.474783 0.038528 
0.037581 0.135572 0.044668 0.104625 0.044367 1.037011 0.054452 1.029950 0.496836 0.038448 
0.149888 0.271471 0.086582 0.080004 0.137517 0.069500 0.071880 0.078097 1.478430 0.041113 
0.046477 0.506465 0.029620 0.057150 0.065783 0.032204 0.049863 0.769899 1.468503 0.024893 
0.035891 0.160970 0.295797 0.066092 0.034794 1.125599 0.072522 0.083605 1.479295 0.042360 
0.024906 0.065169 0.033417 0.213738 0.519104 0.043230 1.020333 0.045697 1.447063 0.021755 
0.136756 0.154623 0.756471 0.119269 0.124383 0.124031 0.104837 0.110329 0.052766 1.614999 
0.051826 0.570749 0.775362 0.174093 0.214958 0.101380 0.087892 0.072254 0.064950 1.321075 
0.018443 0.050171 1.744122 0.116771 0.121050 0.080657 0.070493 0.083019 0.039106 1.297864 
0.050935 0.465971 0.137986 0.090541 1.098780 0.102867 0.127210 0.099216 0.064037 1.452814 
0.032879 0.137981 0.505632 0.075355 0.906496 0.081228 0.070965 0.083865 0.039595 1.298799 
0.043445 0.066112 0.149956 1.138676 0.929723 0.119781 0.097245 0.110137 0.065867 1.325071 
0.008837 0.036439 0.056077 0.104237 2.508955 0.122980 0.063683 0.075321 0.466979 1.396785 
0.119775 0.054636 0.431451 0.076297 0.132526 0.943624 0.085720 0.112775 0.113644 1.608939 
0.045191 0.612767 0.032945 0.078385 0.033089 1.842878 0.114675 0.064289 0.046496 1.463748 
0.029145 0.203645 0.536539 0.087134 0.151430 0.940405 0.096326 0.055768 0.057439 1.349814 
0.016594 0.056620 0.145419 1.254303 0.074999 0.779470 0.157036 0.077120 0.029638 1.453733 
0.035680 0.232447 0.398817 0.080535 0.035224 1.845622 0.116674 0.066430 0.048935 1.406463 
0.049092 0.241286 0.548339 0.100268 0.119489 0.197963 0.887880 0.116753 0.066345 1.329787 
0.014664 0.033421 0.051737 0.900817 0.775674 0.055914 0.859027 0.125581 0.028392 1.338504 
0.112269 0.202645 0.091301 0.019612 0.122609 0.036544 0.011054 2.382029 0.052360 1.300633 
0.049284 0.662681 0.050653 0.304013 0.126616 0.081666 0.084582 1.158429 0.076925 1.465060 
0.041476 0.229793 0.579842 0.080271 0.165301 0.081974 0.083296 1.263560 0.060598 1.437772 
0.045689 0.223064 0.049616 0.022366 0.069797 1.173923 0.074317 1.197200 0.027495 1.386806 
0.015574 0.312776 0.040058 0.037473 0.505122 0.041070 0.739158 1.118445 0.036134 1.286026 
0.140655 0.274686 0.072826 0.081407 0.125641 0.069069 0.227056 0.096485 0.871338 1.308958 
0.032951 0.037636 0.828933 0.060671 0.760010 0.075548 0.083605 0.098363 0.872556 1.310176 
0.023941 0.245251 0.058873 0.043216 0.082508 1.086612 0.057174 0.068160 1.278826 3.231818 
0.351818 0.053194 0.026518 0.072251 0.121308 0.024704 0.933023 0.123053 0.084274 12.144224 
0.063492 0.335435 0.102432 0.102640 1.965424 0.121532 0.130474 0.179047 0.076419 4.468950 
0.054989 0.219659 0.070636 0.066763 0.428503 0.543573 0.087893 1.826585 0.083727 4.377210 
0.408132 0.167773 0.129247 0.195498 0.394760 0.130385 0.077610 0.193334 0.086442 0.085361 
0.093124 0.478976 0.180844 0.159310 0.353085 0.103786 0.123654 0.111545 0.040795 0.036102 
0.176098 0.101775 0.739282 0.125655 0.023849 0.085114 0.077855 0.203470 0.048389 0.027736 
0.050587 0.592559 0.072401 0.684485 0.162318 0.081501 0.094235 0.114210 0.067464 0.035594 
0.077032 0.099259 0.752474 0.779640 0.187548 0.214151 0.357881 0.156895 0.119049 0.093800 
0.029117 0.142242 0.179771 2.061465 0.131193 0.088686 0.099427 0.083457 0.052809 0.038320 
0.188271 0.119898 0.068339 0.496106 1.163858 0.148587 0.162028 0.142618 0.078292 0.117726 
0.055030 0.186794 0.455737 0.098156 0.916604 0.105136 0.102797 0.106912 0.067777 0.081404 
0.024306 0.069859 0.162360 0.875685 0.895258 0.085873 0.079755 0.090648 0.051525 0.063978 
0.025677 0.040145 0.107386 0.227666 2.719457 0.079618 0.091762 0.101382 0.037252 0.065039 
0.155378 0.240323 0.084793 0.099826 0.146480 1.602735 0.169636 0.247265 0.096548 0.083451 
0.061869 0.625616 0.069702 0.102428 0.146713 0.777780 0.097964 0.239128 0.084290 0.046298 
0.026368 0.184907 0.033068 0.029829 1.203587 1.048807 0.077829 0.088712 0.114867 0.020385 
0.024065 0.138303 0.261184 0.396558 0.024907 1.744471 0.089962 0.101727 0.038862 0.030877 
0.034661 0.538258 0.076541 0.071038 0.266204 0.058748 1.089730 0.106691 0.048031 0.026913 
0.059414 0.065803 0.281000 0.570314 0.083781 0.083540 1.054348 0.099379 0.040312 0.024226 
0.035989 0.065872 0.042242 0.175960 0.405851 1.069820 1.615517 0.072914 0.043414 0.040893 
0.036965 0.026381 0.114255 0.235270 0.049612 0.457742 1.961985 0.199258 0.050383 0.024497 
0.123358 0.205270 0.103173 0.104936 0.153712 0.126286 0.097245 1.180091 0.039349 0.034080 
0.033015 0.506403 0.133228 0.069087 0.131606 0.060722 0.082713 1.229387 0.052403 0.018784 
0.067482 0.023844 0.197885 0.304594 0.837110 0.037135 0.030975 1.213281 0.063391 0.028931 
0.037889 0.103736 0.042651 0.082940 0.379465 1.308811 0.069109 1.298756 0.033401 0.044303 
0.061021 0.198113 0.069442 0.234545 0.596649 0.080559 0.653453 1.301783 0.066157 0.057513 
0.216350 0.108368 0.079989 0.114503 0.218308 0.081986 0.053101 0.855476 0.901887 0.063854 
0.052194 0.770611 0.058481 0.095642 0.149606 0.081807 0.088119 1.056226 0.685315 0.056391 
0.069781 0.147341 0.080155 0.352974 0.987074 0.082463 0.034344 0.079862 0.664497 0.127874 
0.093138 0.270914 0.117781 0.231430 0.228975 0.104517 0.133955 1.356217 0.518695 0.091593 
0.196010 0.066742 0.101336 0.215007 0.209324 0.088595 0.087148 1.281686 0.566321 1.478726 
0.042615 0.066574 0.152932 1.174189 0.863183 0.120882 0.096401 0.109293 0.065023 1.324227 
