0.129184 0.499145 0.161777 0.033493 0.167341 0.109804 0.289303 0.026792 0.182291 0.039542 
0.298659 0.022892 0.351520 0.038947 0.075490 0.082892 0.254970 0.195950 0.248550 0.026606 
0.112334 0.160511 0.623911 0.115722 0.129214 0.146490 0.204771 0.093930 0.300233 0.067312 
0.094060 0.114582 0.743226 0.047581 0.100169 0.094387 0.124372 0.098307 0.270355 0.034861 
0.048684 0.242608 1.005380 0.064780 0.067950 0.182144 0.198171 0.028108 0.225651 0.031414 
0.019749 0.049639 1.919574 0.028692 0.086487 0.107743 0.178939 0.079277 0.168309 0.038537 
0.320364 0.020039 0.089858 0.703592 0.057126 0.191243 0.156773 0.048115 0.124292 0.028875 
0.135113 0.294891 0.141578 0.457885 0.070011 0.183280 0.201138 0.076907 0.275768 0.048757 
0.194924 0.015570 0.533440 0.332771 0.037187 0.050233 0.127615 0.088114 0.230516 0.015939 
0.016270 0.043008 1.022463 0.549452 0.086075 0.107394 0.173431 0.078649 0.167893 0.037915 
0.179197 0.017194 0.064729 0.996634 0.119928 0.102334 0.143082 0.041989 0.203940 0.021658 
0.104191 0.259298 0.077273 0.022104 0.836894 0.115455 0.168785 0.048236 0.280168 0.033382 
0.031977 0.403139 0.061522 0.016976 1.006278 0.151056 0.140950 0.026786 0.185896 0.009123 
0.029469 0.240712 0.360063 0.033490 1.160907 0.062919 0.196735 0.065870 0.243564 0.029730 
0.113557 0.017620 0.055092 0.501235 0.769265 0.210796 0.254831 0.091765 0.092223 0.034313 
0.024928 0.018533 0.077894 1.056057 0.872745 0.129556 0.208512 0.012459 0.199094 0.012738 
0.128026 0.022730 0.049129 0.065063 1.555257 0.370813 0.167163 0.087400 0.176533 0.044133 
0.066534 0.326662 0.087240 0.056020 1.807623 0.137041 0.182532 0.068593 0.227514 0.050816 
0.154963 0.196841 0.100121 0.051944 0.084647 0.759154 0.362024 0.041985 0.260607 0.039510 
0.149044 0.022684 0.559766 0.038550 0.078157 0.782322 0.231818 0.038269 0.250792 0.044538 
0.031209 0.199442 0.568431 0.010510 0.085554 0.690347 0.184607 0.025878 0.234839 0.017554 
0.128547 0.013941 0.047569 0.705465 0.069369 0.726688 0.140875 0.042886 0.202141 0.019860 
0.036870 0.171531 0.049403 0.711559 0.091857 0.721287 0.247688 0.043161 0.169807 0.024388 
0.018376 0.010200 0.501071 0.636952 0.068920 0.726460 0.140450 0.042428 0.201737 0.014437 
0.024452 0.247582 0.053818 0.041540 0.818008 0.737724 0.145604 0.067314 0.169481 0.024904 
0.014249 0.017751 0.560893 0.017292 0.688750 0.764100 0.162215 0.033682 0.207756 0.008527 
0.257428 0.023785 0.072697 0.023083 0.074455 2.103755 0.161425 0.040748 0.218438 0.031667 
0.017074 0.035406 0.636184 0.039534 0.058587 1.465634 0.270004 0.061194 0.271577 0.015652 
0.289849 0.023995 0.082048 0.026438 0.090343 0.215053 1.482413 0.087551 0.176503 0.032736 
0.141232 0.205022 0.078245 0.047693 0.078571 0.075026 1.383080 0.112987 0.266387 0.046887 
0.041143 0.437656 0.074713 0.058524 0.060078 0.079093 1.442207 0.128152 0.177169 0.021877 
0.172969 0.071369 0.552230 0.105166 0.078338 0.146325 1.599722 0.075593 0.270555 0.074809 
0.023582 0.163565 0.409726 0.057748 0.063471 0.062281 1.370108 0.118557 0.275685 0.019450 
0.044329 0.050475 1.097836 0.038854 0.121717 0.094697 1.446257 0.045926 0.191049 0.099279 
0.127917 0.020242 0.048204 0.614314 0.082918 0.071450 1.567225 0.049528 0.192307 0.024644 
0.015211 0.018412 0.564055 0.339150 0.097540 0.070503 1.426725 0.021819 0.167417 0.011164 
0.062497 0.069142 0.055799 0.738573 0.030788 0.066744 1.142922 0.051613 0.272378 0.017521 
0.031005 0.044416 0.494725 0.033743 0.657833 0.142963 1.428520 0.066724 0.218705 0.033292 
0.125923 0.015855 0.028208 0.191597 0.105788 0.711545 1.537406 0.020104 0.183934 0.051061 
0.034417 0.041699 0.025172 0.366078 0.037986 0.825203 0.982190 0.106928 0.214569 0.010238 
0.039053 0.070286 0.042549 0.128421 0.741553 0.714661 1.547018 0.047951 0.205151 0.055533 
0.197554 0.016740 0.065191 0.040232 0.122668 0.051124 3.260930 0.065637 0.021787 0.023061 
0.040615 0.063936 0.300338 0.027854 0.048453 0.046188 2.625463 0.099742 0.269581 0.029807 
0.015088 0.047108 0.090857 0.012752 0.798607 0.061694 2.843492 0.028844 0.202931 0.014605 
0.023149 0.029646 0.043142 0.102668 0.161484 0.081193 5.143456 0.065430 0.266769 0.037767 
0.382217 0.023476 0.113015 0.035808 0.079280 0.079261 0.138861 0.634495 0.286467 0.028500 
0.109885 0.280907 0.080207 0.019376 0.190947 0.086830 0.126188 0.709926 0.257096 0.030315 
0.040480 0.402656 0.094913 0.285902 0.046455 0.125371 0.152581 0.597487 0.256546 0.026291 
0.040037 0.218401 0.606354 0.018455 0.097531 0.090198 0.136077 0.611962 0.259568 0.025482 
0.024247 0.027514 1.116824 0.148008 0.050276 0.102537 0.129563 0.758516 0.233880 0.038577 
0.147016 0.021721 0.054455 0.721148 0.095337 0.075491 0.273751 0.611112 0.193490 0.025828 
0.042980 0.207566 0.060151 0.652652 0.104086 0.083317 0.280972 0.593027 0.268128 0.030987 
0.022133 0.011191 0.500123 0.699749 0.051129 0.087954 0.102112 0.745172 0.231837 0.134756 
0.144991 0.027079 0.167419 0.033906 0.711932 0.084300 0.220669 0.648428 0.255897 0.036368 
0.032223 0.211539 0.051070 0.038177 0.632504 0.076379 0.264075 0.606830 0.242211 0.020985 
0.014495 0.025532 0.488223 0.036589 0.851923 0.071622 0.268004 0.593942 0.242627 0.021845 
0.022279 0.017842 0.059025 0.737638 0.610462 0.084088 0.147077 0.738039 0.200280 0.027815 
0.134415 0.035315 0.059309 0.155944 0.060502 0.847092 0.135109 1.212870 0.301723 0.054970 
0.037987 0.063557 0.420613 0.025777 0.063378 0.979702 0.136208 0.752007 0.264887 0.045439 
0.036216 0.129126 0.054109 0.541260 0.083282 0.558938 0.196651 0.605012 0.173701 0.028300 
0.013451 0.049292 0.017485 0.142814 0.275302 1.261997 0.349616 0.544011 0.244891 0.034283 
0.156062 0.048897 0.073500 0.127874 0.048622 0.118243 2.233266 0.588627 0.273317 0.054265 
0.052651 0.331285 0.061378 0.035033 0.061617 0.058587 1.176347 0.412687 0.257932 0.036913 
0.039027 0.055867 0.139369 0.028765 0.078177 0.036345 2.211970 0.554579 0.218596 0.022664 
0.144547 0.013539 0.045258 0.173008 0.046835 0.442303 0.112950 1.191414 0.279672 0.021747 
0.045752 0.335525 0.093800 0.041895 0.062801 0.113048 0.116052 1.335342 0.150398 0.011855 
0.012402 0.017983 0.369444 0.623319 0.061731 0.064165 0.104492 1.312100 0.201671 0.019101 
0.036074 0.038809 0.129245 0.023773 1.083949 0.111495 0.185121 1.317923 0.217247 0.034078 
0.014509 0.033603 0.412718 0.019049 0.033936 0.970644 0.139529 1.296091 0.245674 0.012895 
0.023358 0.083992 0.183954 0.019698 0.036330 0.046117 1.772754 1.380502 0.208532 0.020154 
0.032699 0.033377 0.281931 0.032491 0.035446 0.043437 0.917206 4.050512 0.273710 0.039816 
0.338038 0.025245 0.094098 0.025697 0.104665 0.075772 0.111913 0.026800 2.390953 0.029979 
0.160246 0.286632 0.099375 0.042009 0.028139 0.045079 0.100483 0.019806 2.210162 0.033643 
0.045949 0.424615 0.117657 0.050640 0.023641 0.065678 0.104181 0.012172 1.912451 0.008739 
0.108591 0.014136 0.383927 0.016981 0.111421 0.054560 0.133195 0.396825 1.779088 0.023878 
0.015661 0.202369 0.512603 0.054936 0.047896 0.079683 0.172457 0.033228 1.571109 0.024107 
0.168460 0.027982 0.058380 0.545567 0.039135 0.057384 0.108645 0.042819 2.344071 0.052082 
0.026990 0.208700 0.053305 0.558532 0.095068 0.075923 0.180213 0.035666 1.375415 0.081375 
0.018925 0.076345 0.171755 0.881879 0.055119 0.087129 0.180554 0.040347 1.544883 0.031065 
0.133836 0.040823 0.058152 0.211543 0.704225 0.092036 0.175427 0.084773 1.801005 0.043943 
0.049819 0.104566 0.071584 0.368433 0.605716 0.269175 0.199062 0.077672 1.422687 0.060721 
0.036485 0.045015 0.023389 0.214730 1.200359 0.076751 0.183244 0.022250 1.411759 0.032802 
0.031725 0.039730 0.629255 0.025305 0.025493 0.890143 0.128139 0.022989 2.213333 0.036917 
0.030335 0.038285 0.151039 0.048210 0.717397 0.975553 0.131692 0.037476 1.729289 0.048356 
0.157510 0.015503 0.046420 0.016473 0.051037 0.038391 1.556634 0.019936 2.377357 0.023108 
0.020215 0.171585 0.049123 0.023596 0.013383 0.038239 2.026028 0.011203 1.841336 0.008874 
0.025003 0.031142 0.483329 0.027018 0.020369 0.028238 1.842415 0.018341 2.208685 0.032269 
0.031780 0.061574 0.032457 0.399784 0.045482 0.052534 1.749023 0.050359 2.321780 0.029433 
0.011994 0.019610 0.103292 0.026288 0.542373 0.051272 1.575282 0.039641 1.842980 0.013472 
0.026030 0.027330 0.116708 0.024959 0.024998 0.157919 3.121995 0.050720 2.438587 0.038682 
0.019150 0.163612 0.043432 0.056820 0.463659 0.067669 0.097029 0.476910 1.715025 0.014468 
0.016846 0.035353 0.583582 0.037129 0.046664 0.062498 0.073515 0.819612 2.108044 0.025961 
0.041623 0.025422 0.321195 0.070674 0.036303 0.686824 0.096644 0.537647 1.725330 0.047257 
0.036282 0.034071 0.155890 0.037857 0.036294 0.044209 0.564883 2.469784 2.371586 0.042336 
0.093485 0.013536 0.187590 0.202768 0.023048 0.131831 0.166164 0.036356 2.747660 0.012826 
0.032786 0.234180 0.067353 0.032694 0.122262 0.052164 0.146727 0.054004 2.815482 0.026540 
0.075077 0.015352 0.145376 0.412579 0.025876 0.140786 0.113453 0.038621 2.736998 0.042804 
0.018618 0.055774 0.019218 0.138414 0.240959 0.281501 0.106674 0.434034 2.692656 0.027811 
0.442488 0.036023 0.159410 0.072251 0.127539 0.109636 0.151076 0.052178 0.209795 1.847587 
0.071464 0.577987 0.078373 0.015599 0.235267 0.136807 0.148354 0.042242 0.218450 2.867941 
0.205449 0.036739 0.837521 0.092958 0.050079 0.160973 0.132846 0.037129 0.225598 2.625979 
0.048682 0.318119 0.733502 0.088384 0.024716 0.101380 0.229977 0.026196 0.199393 2.485781 
0.046382 0.027880 1.860143 0.095071 0.050062 0.091699 0.358912 0.034064 0.190725 2.933821 
0.180913 0.023932 0.070770 0.978053 0.123939 0.105409 0.146335 0.047921 0.205538 1.843331 
0.039426 0.286321 0.043983 0.721528 0.065028 0.174710 0.147720 0.047327 0.220036 2.868159 
0.227965 0.053799 0.246283 0.064415 0.922144 0.131444 0.283466 0.075138 0.275920 3.003114 
0.048195 0.245758 0.066368 0.044025 0.832978 0.127788 0.327161 0.074422 0.219392 2.918461 
0.023881 0.042927 0.569718 0.031258 1.428895 0.134151 0.239096 0.047255 0.192729 2.231620 
0.033652 0.070864 0.160459 0.551093 0.934726 0.110455 0.185008 0.070526 0.266561 1.943310 
0.025263 0.074477 0.268407 0.037752 1.946877 0.169063 0.183981 0.020084 0.199757 2.595359 
0.259808 0.032314 0.095058 0.069948 0.052641 1.291570 0.150883 0.068701 0.257738 3.711169 
0.014050 0.011899 0.154469 0.199806 0.388634 1.794780 0.125003 0.068125 0.263336 2.554275 
0.020006 0.021781 0.613479 0.040050 0.056935 0.059679 2.824608 0.086319 0.181666 1.956938 
0.040240 0.147684 0.066407 0.527131 0.086535 0.128946 1.430167 0.060429 0.344705 2.941449 
0.023187 0.025260 0.049041 0.115764 0.698686 0.061754 2.784912 0.078547 0.247626 1.929549 
0.023388 0.127688 0.023198 0.182600 0.098991 0.690858 1.497783 0.015271 0.175344 1.530706 
0.076813 0.119566 0.046437 0.038854 0.054586 0.058481 2.775666 0.077120 0.233561 1.956551 
0.080601 0.095312 0.555008 0.017809 0.090066 0.109576 0.128639 0.664595 0.250886 2.628634 
0.031728 0.119632 0.063300 0.560516 0.045715 0.535979 0.186632 0.580407 0.164501 2.894939 
0.033191 0.119098 0.254722 0.092031 0.703461 0.089931 0.145424 0.689066 0.266704 2.002205 
0.055214 0.069270 0.317670 0.071434 0.037057 0.796151 0.219352 0.627295 0.250639 2.625265 
0.146985 0.204866 0.107867 0.040205 0.081484 0.053676 0.187909 0.122653 1.822237 2.620242 
0.054123 0.067620 0.217706 0.030918 0.636964 0.047897 0.179640 0.118803 1.892713 2.627503 
0.026657 0.037095 1.579624 0.025110 0.063356 0.205926 0.227074 0.062276 0.241358 12.600722 
0.019363 0.065304 0.133071 0.025768 0.437869 2.001605 0.148803 0.020759 0.187987 8.199858 
0.461727 0.052400 0.210562 0.088957 0.313880 0.142206 0.173287 0.064481 0.212479 0.053670 
0.101976 0.661271 0.172722 0.136675 0.148555 0.191692 0.191552 0.111584 0.198891 0.069738 
0.071517 0.349928 0.742763 0.065264 0.153380 0.184091 0.153280 0.087407 0.244062 0.060129 
0.015710 0.044216 1.184444 0.048554 0.076381 0.138778 0.634780 0.045020 0.255180 0.012960 
0.162401 0.032913 0.058819 0.863635 0.241292 0.103219 0.323145 0.087650 0.292270 0.035397 
0.048970 0.072233 0.693000 0.910149 0.101787 0.146562 0.278127 0.080937 0.286145 0.049489 
0.048893 0.130234 0.053530 0.861343 0.258599 0.097621 0.163260 0.038672 0.200916 0.018345 
0.240490 0.057342 0.259753 0.068506 0.970471 0.138992 0.270880 0.079467 0.287753 0.062668 
0.049246 0.087630 0.177089 0.576903 0.968149 0.127520 0.216152 0.087106 0.288489 0.077791 
0.148389 0.179341 0.124046 0.360783 0.068035 0.855823 0.215572 0.067614 0.284936 0.057938 
0.108903 0.331632 0.134530 0.114886 0.119957 1.402137 0.237652 0.126773 0.333109 0.100189 
0.070864 0.021760 0.194637 0.685788 0.093452 0.698339 0.262174 0.042241 0.219129 0.024239 
0.035468 0.027123 0.208493 0.053587 0.965304 1.344126 0.169008 0.064691 0.285263 0.049022 
0.078298 0.027334 0.160765 0.032744 0.505524 1.539770 0.290644 0.083657 0.194754 0.028886 
0.178120 0.033733 0.072425 0.315342 0.177728 0.080881 1.452540 0.091164 0.201585 0.035483 
0.032323 0.306317 0.101358 0.043431 0.166106 0.073212 1.460151 0.023721 0.171718 0.012910 
0.040368 0.042865 0.190556 0.668772 0.088864 0.076541 1.149108 0.059440 0.280205 0.025349 
0.069008 0.092389 0.045921 0.034723 1.031398 0.076049 1.592258 0.038983 0.265264 0.045942 
0.048453 0.056615 0.073573 0.148365 0.187104 0.116464 4.599044 0.116317 0.290629 0.064611 
0.215493 0.039772 0.267909 0.041818 0.178219 0.089375 0.199362 1.295123 0.287327 0.042729 
0.079703 0.435469 0.097993 0.037609 0.207919 0.104400 0.145038 0.739314 0.274695 0.097569 
0.030676 0.032058 0.077759 0.127486 1.274661 0.125429 0.105683 1.219887 0.223304 0.036415 
0.045628 0.066530 0.170170 0.032891 0.020692 0.036551 2.209868 0.554216 0.218585 0.041405 
0.187096 0.031611 0.232463 0.034265 0.128747 0.071861 0.150531 0.414278 1.797158 0.034623 
0.085604 0.107212 0.650273 0.053162 0.066654 0.066742 0.203559 0.140153 1.954398 0.059304 
0.042514 0.127275 0.047860 0.242039 0.694216 0.083546 0.166878 0.076288 1.791310 0.046238 
0.016020 0.018883 0.231415 0.156924 0.014462 0.034631 1.653031 0.061080 2.205192 0.014401 
0.290517 0.033822 0.072616 0.047442 0.072876 0.062757 1.128737 0.400750 0.257504 6.008151 
0.052464 0.503901 0.120344 0.358395 0.059914 0.151695 0.190946 0.081920 0.256623 2.714488 
0.039571 0.200246 0.042256 0.884503 0.245233 0.146773 0.158320 0.052208 0.228416 2.877907 
0.111243 0.223893 0.401735 0.188400 1.070366 0.188252 0.263587 0.137966 0.343104 2.318158 
