2.050173 0.050318 0.050502 0.050473 0.050473 0.050656 0.050366 0.050460 
1.838565 1.841205 0.051278 0.050522 0.051358 0.050861 0.050815 0.053013 
0.945467 3.627162 0.050856 0.050484 0.050571 0.050773 0.050745 0.050527 
0.050395 4.050215 0.050464 0.050488 0.051306 0.051821 0.050418 0.050557 
1.839512 0.050386 2.731354 0.051498 0.050410 0.050739 0.050499 0.050988 
1.205479 2.359374 3.513724 0.050586 0.050697 0.050692 0.052892 0.050685 
0.050327 3.628142 2.732572 0.050420 0.050788 0.051428 0.050351 0.050453 
0.945722 0.050551 5.415132 0.051067 0.051542 0.051607 0.050734 0.052622 
0.050549 1.841398 5.415291 0.050560 0.050569 0.051766 0.050895 0.050679 
0.050259 0.050121 6.050121 0.050344 0.051460 0.050610 0.050535 0.050458 
1.839154 0.050388 0.050428 3.627413 0.051331 0.051740 0.050713 0.050618 
1.205821 2.357827 0.050622 4.669994 0.051783 0.051346 0.053078 0.051011 
0.050400 3.628075 0.051529 3.627171 0.050504 0.051512 0.050282 0.050479 
1.205541 0.050823 3.514179 4.666774 0.051467 0.051596 0.050432 0.052506 
0.050559 2.360980 3.514305 4.666900 0.051593 0.051723 0.050935 0.052632 
0.050300 0.052400 5.417411 3.626397 0.050484 0.050752 0.051339 0.050472 
0.945241 0.050251 0.050851 7.204308 0.051134 0.052235 0.050384 0.050813 
0.050437 1.840392 0.050711 7.204392 0.050463 0.052371 0.050818 0.050563 
0.050147 0.051270 2.735350 7.204282 0.050248 0.050560 0.050357 0.050445 
0.050341 0.050196 0.050191 8.050191 0.051282 0.051012 0.050396 0.050469 
1.838863 0.053274 0.051145 0.050449 4.524509 0.050275 0.050452 0.050491 
1.206615 2.360052 0.051306 0.051014 5.815624 0.051618 0.050822 0.051045 
0.050194 3.627441 0.051289 0.050387 4.524447 0.050214 0.050367 0.050451 
1.204232 0.050763 3.513839 0.050674 5.829384 0.052061 0.050610 0.050780 
0.052168 2.360900 3.511480 0.050478 5.825579 0.053822 0.052947 0.054476 
0.050202 0.050424 5.416112 0.050418 4.524478 0.051395 0.050399 0.050533 
1.207679 0.055060 0.054789 4.677613 5.828083 0.057420 0.056798 0.054398 
0.050232 2.367074 0.051541 4.655473 5.821638 0.051786 0.050580 0.050428 
0.050454 0.050367 3.510337 4.674291 5.824333 0.051606 0.050871 0.050549 
0.050280 0.050748 0.050279 7.210300 4.510885 0.057301 0.050530 0.052599 
0.944464 0.050244 0.050852 0.050264 8.994783 0.051747 0.050757 0.050810 
0.050452 1.840175 0.050804 0.051229 8.993229 0.050769 0.052768 0.052681 
0.050500 0.051025 2.736078 0.051687 8.992410 0.050780 0.052798 0.050581 
0.050332 0.050315 0.050275 3.627384 8.994912 0.050322 0.050862 0.050601 
0.050211 0.050390 0.050210 0.050203 10.050203 0.050817 0.050762 0.050846 
1.839367 0.050363 0.050822 0.050610 0.050560 5.413621 0.050855 0.050520 
1.204279 2.363116 0.051802 0.051222 0.051441 6.980723 0.051597 0.051332 
0.050535 3.628419 0.050954 0.050437 0.050532 5.413553 0.050660 0.050432 
1.205621 0.050511 3.511714 0.050864 0.051332 6.979614 0.050832 0.050617 
0.050661 2.362551 3.513857 0.051051 0.051439 6.971731 0.050953 0.050758 
0.050502 0.050223 5.416285 0.050546 0.050854 5.418788 0.051318 0.050511 
1.204378 0.050466 0.051004 4.672821 0.051257 6.977234 0.053149 0.050710 
0.050659 2.357436 0.051201 4.675145 0.052448 6.977476 0.053304 0.050938 
0.050543 0.051831 3.512583 4.672941 0.051607 6.977391 0.051096 0.051016 
0.050343 0.050210 0.050210 7.204980 0.051074 5.418708 0.050304 0.050496 
1.205360 0.050377 0.050491 0.050969 5.823246 6.976980 0.050674 0.050632 
0.050546 2.361965 0.051003 0.050801 5.817371 6.979492 0.052046 0.052756 
0.050371 0.050543 3.512816 0.050567 5.831220 6.973055 0.050838 0.057936 
0.050334 0.050283 0.051155 4.670526 5.823219 6.976953 0.050616 0.050581 
0.050222 0.050194 0.050162 0.050153 8.993617 5.418652 0.051831 0.050471 
0.944862 0.050353 0.050225 0.050899 0.050232 10.782570 0.050617 0.050589 
0.050875 1.841447 0.050333 0.050484 0.051041 10.779923 0.050740 0.052998 
0.050254 0.050177 2.737123 0.051196 0.050939 10.779635 0.050657 0.050449 
0.050248 0.050266 0.050247 3.632590 0.050320 10.779895 0.050760 0.050659 
0.050144 0.050208 0.050137 0.050137 4.521730 10.783589 0.050340 0.050411 
0.050119 0.050318 0.050369 0.050119 0.050193 12.050118 0.050685 0.050421 
1.839143 0.050398 0.050725 0.051420 0.051611 0.050686 6.312606 0.050660 
1.204393 2.361425 0.052211 0.051960 0.051077 0.051065 8.131003 0.051899 
0.050845 3.627959 0.051147 0.051886 0.050681 0.051376 6.311104 0.050521 
1.205290 0.052268 3.515366 0.050785 0.050590 0.051456 8.129413 0.050520 
0.050444 2.359728 3.515789 0.050209 0.051216 0.052044 8.129183 0.053024 
0.050324 0.050185 5.416763 0.051205 0.050427 0.050701 6.311107 0.050415 
1.205240 0.052624 0.051816 4.666981 0.051533 0.055357 8.135354 0.050825 
0.050437 2.357517 0.051815 4.672407 0.051581 0.051158 8.135396 0.050863 
0.050261 0.050171 3.515009 4.666763 0.051373 0.054347 8.135222 0.050862 
0.050419 0.050204 0.050527 7.205290 0.051183 0.050433 6.312345 0.050849 
1.205809 0.050381 0.050799 0.050472 5.822228 0.050587 8.129402 0.050562 
0.050342 2.359741 0.051202 0.050999 5.817591 0.051664 8.141225 0.050622 
0.050427 0.050533 3.515710 0.050606 5.820249 0.050864 8.135580 0.050581 
0.050405 0.050389 0.050360 4.670783 5.820218 0.050803 8.135528 0.051009 
0.050190 0.050357 0.050192 0.050190 8.994505 0.051781 6.311059 0.050874 
1.206121 0.051117 0.050605 0.050726 0.050431 6.980043 8.123962 0.050594 
0.050673 2.355473 0.051395 0.050634 0.050805 6.996158 8.127965 0.050743 
0.050447 0.050347 3.515900 0.050733 0.051041 6.978769 8.129605 0.050600 
0.050540 0.050298 0.050269 4.669353 0.050456 6.976216 8.135311 0.050696 
0.050952 0.050357 0.053168 0.050339 5.824335 6.975956 8.135560 0.050605 
0.050291 0.050242 0.050160 0.050265 0.050172 10.782339 6.313357 0.050279 
0.944936 0.050284 0.050498 0.050405 0.050757 0.051022 12.571209 0.050511 
0.050455 1.838471 0.050697 0.050922 0.050910 0.050402 12.573320 0.050569 
0.050362 0.050301 2.732571 0.050814 0.050476 0.050799 12.573428 0.050708 
0.050107 0.050107 0.050218 3.628953 0.050553 0.050384 12.571091 0.050376 
0.050184 0.050184 0.050184 0.050527 4.524008 0.050276 12.570983 0.050466 
0.050155 0.050156 0.050151 0.050385 0.050153 5.414586 12.573373 0.050561 
0.050079 0.050081 0.050079 0.050080 0.050552 0.050363 14.050079 0.050353 
1.838848 0.050635 0.050908 0.050710 0.050995 0.051087 0.050331 7.207962 
1.206065 2.358520 0.050551 0.051736 0.050918 0.050778 0.050788 9.285056 
0.051067 3.627663 0.052933 0.051314 0.051312 0.051310 0.052494 7.208069 
1.205402 0.050814 3.514062 0.051106 0.050487 0.051091 0.050701 9.284910 
0.050752 2.359477 3.519373 0.051259 0.051489 0.053181 0.050984 9.277143 
0.050326 0.050172 5.416283 0.050743 0.051022 0.051114 0.050358 7.207989 
1.204826 0.051370 0.050827 4.671383 0.050766 0.050717 0.050527 9.284983 
0.051901 2.361443 0.051052 4.667818 0.050993 0.050980 0.051874 9.285205 
0.050674 0.051678 3.513487 4.670266 0.050980 0.050522 0.050713 9.287553 
0.050209 0.050197 0.050199 7.205233 0.050336 0.050759 0.050608 7.207111 
1.205565 0.050201 0.050664 0.050259 5.821928 0.050916 0.050539 9.284503 
0.050899 2.360391 0.051101 0.050256 5.823470 0.050461 0.052200 9.284506 
0.050490 0.050377 3.520020 0.051199 5.816647 0.051004 0.050786 9.284757 
0.050361 0.050352 0.050394 4.671636 5.821550 0.050843 0.050809 9.286644 
0.050187 0.050187 0.050187 0.050521 8.995334 0.050538 0.050375 7.202797 
1.205463 0.050484 0.050557 0.050951 0.051124 6.978120 0.050785 9.284677 
0.051118 2.360265 0.051231 0.050904 0.050635 6.977653 0.050530 9.286478 
0.050368 0.050296 3.515645 0.050938 0.050442 6.978371 0.050737 9.284659 
0.050254 0.050223 0.050224 4.674926 0.050913 6.969757 0.050685 9.287571 
0.050402 0.050375 0.050374 0.050778 5.825553 6.976736 0.050657 9.287752 
0.050270 0.050159 0.050152 0.050152 0.050485 10.782379 0.050334 7.207965 
1.203685 0.050488 0.050901 0.050412 0.050611 0.051475 8.144457 9.284593 
0.050342 2.362947 0.050856 0.052116 0.050965 0.054804 8.135062 9.272641 
0.050239 0.050391 3.515927 0.050700 0.050643 0.050290 8.130615 9.286503 
0.050292 0.050292 0.050399 4.669293 0.050866 0.050554 8.135408 9.284969 
0.050275 0.050832 0.050246 0.050635 5.823980 0.050935 8.134072 9.286416 
0.050199 0.050221 0.053220 0.050178 0.050180 6.977575 8.134261 9.287499 
0.050735 0.050348 0.050309 0.053115 0.050303 0.050379 12.574530 7.200418 
0.944825 0.050414 0.050305 0.050447 0.050816 0.050441 0.050405 14.360677 
0.050638 1.843026 0.051515 0.051389 0.052897 0.051416 0.050698 14.353875 
0.050253 0.050206 2.733846 0.050316 0.050729 0.050944 0.050445 14.360536 
0.050181 0.050172 0.050161 3.628261 0.050594 0.050733 0.050403 14.360601 
0.050181 0.050167 0.050167 0.050299 4.522651 0.050521 0.050375 14.360723 
0.050140 0.050116 0.050115 0.050115 0.050382 5.417082 0.050856 14.360681 
0.050278 0.050290 0.050318 0.050267 0.054478 0.050308 6.318737 14.356821 
0.050407 0.050119 0.050119 0.050114 0.051191 0.050859 0.050522 16.050114 
1.970589 0.469451 0.674949 0.885946 1.116581 1.354448 1.641694 1.609455 
1.388830 2.740629 0.857033 1.101592 1.384356 1.647447 1.923433 2.256558 
0.258504 3.892914 0.675874 0.902974 1.117852 1.253197 1.563673 1.775329 
1.388164 0.582857 4.061359 1.119580 1.395809 1.671199 1.915125 2.180341 
0.313989 2.726468 4.063030 1.107769 1.383296 1.670896 1.920312 2.152165 
0.260183 0.472002 5.814348 0.863933 1.122672 1.319046 1.519551 1.737505 
1.384573 0.589224 0.849083 5.404803 1.382690 1.660205 1.913063 2.193167 
0.320022 2.727499 0.845408 5.401741 1.377824 1.627928 1.882346 2.183251 
0.320752 0.586643 4.078130 5.395553 1.392936 1.668877 1.907661 2.171520 
0.260603 0.480403 0.684689 7.725759 1.109477 1.345088 1.529381 1.791935 
1.387401 0.582533 0.840440 1.107190 6.768060 1.614015 1.929735 2.191038 
0.318070 2.720461 0.853582 1.103927 6.740862 1.658549 1.926642 2.184041 
0.314694 0.574819 4.070314 1.115451 6.729345 1.647358 1.911379 2.228197 
0.322990 0.602441 0.866592 5.391903 6.723092 1.661613 1.882556 2.179476 
0.260226 0.486065 0.697360 0.907874 9.653300 1.304011 1.519188 1.778048 
1.391023 0.587343 0.828381 1.065276 1.358858 8.089848 2.017231 2.173838 
0.312470 2.732534 0.828742 1.110406 1.362320 8.115019 1.920366 2.174325 
0.307478 0.567863 4.068613 1.104668 1.379411 8.084101 1.897626 2.193248 
0.319686 0.587990 0.865338 5.390595 1.369172 8.100115 1.786543 2.144540 
0.321052 0.587848 0.851643 1.118145 6.736476 8.091770 1.903421 2.158035 
0.255465 0.480465 0.682705 0.869576 1.067102 11.592484 1.611601 1.734862 
1.386093 0.593880 0.845880 1.119705 1.386741 1.635774 9.410612 2.193046 
0.310988 2.735900 0.868147 1.127749 1.392743 1.629110 9.420056 2.173937 
0.312764 0.582855 4.080010 1.144294 1.370421 1.632685 9.422991 2.181245 
0.318767 0.585920 0.841959 5.388551 1.355242 1.640474 9.443199 2.163641 
0.311278 0.569474 0.830782 1.098106 6.763823 1.617851 9.417692 2.193462 
0.322029 0.592815 0.863146 1.142939 1.272349 8.078006 9.404952 2.185688 
0.266575 0.479397 0.699606 0.908799 1.128129 1.376124 13.466594 1.762794 
1.389647 0.580108 0.858170 1.121997 1.389525 1.666443 1.964509 10.702434 
0.319060 2.724621 0.855816 1.125834 1.387844 1.611370 1.925872 10.738886 
0.313180 0.590640 4.054229 1.121165 1.385615 1.654356 1.957982 10.748008 
0.321325 0.594704 0.860925 5.388042 1.346897 1.649348 1.917100 10.753016 
0.317074 0.593226 0.864961 1.115929 6.734647 1.676596 1.931831 10.726069 
0.321624 0.578444 0.850685 1.113821 1.394190 8.115107 1.925527 10.711268 
0.315760 0.583701 0.851394 1.110513 1.420182 1.662197 9.396852 10.749332 
0.255847 0.461432 0.693762 0.893745 1.093167 1.333676 1.567989 15.422319 
