1.813968 0.005881 0.006193 0.004384 0.004170 0.007120 0.004641 0.004327 
0.730949 0.734921 0.005852 0.006047 0.011596 0.006650 0.005029 0.005098 
0.348020 1.386476 0.009143 0.011061 0.006497 0.009790 0.010549 0.008499 
0.005059 3.486643 0.007173 0.007532 0.005343 0.004797 0.011868 0.005022 
0.644747 0.007912 0.976141 0.043944 0.025055 0.007378 0.013747 0.012165 
0.265560 0.526312 0.786854 0.008611 0.012648 0.013956 0.011994 0.010040 
0.007263 1.339838 1.027732 0.011769 0.010223 0.006046 0.013653 0.011712 
0.353282 0.007025 2.197841 0.007539 0.017543 0.006386 0.007458 0.008532 
0.008551 0.648901 2.037072 0.014095 0.018733 0.018347 0.015518 0.009829 
0.005750 0.006004 5.557357 0.006231 0.005687 0.006317 0.006765 0.005943 
0.679965 0.006847 0.007706 1.393089 0.023008 0.008175 0.012374 0.006120 
0.262685 0.521976 0.015449 1.074251 0.015075 0.020808 0.021782 0.015471 
0.007198 1.248263 0.012627 1.295199 0.010692 0.019862 0.018746 0.005635 
0.251129 0.012553 0.720042 1.014493 0.006677 0.023443 0.005474 0.004972 
0.010800 0.471424 0.711796 0.998326 0.005444 0.025631 0.008262 0.006655 
0.005108 0.010232 2.001218 1.309765 0.012229 0.015700 0.010552 0.011315 
0.340636 0.006988 0.013752 2.813054 0.011813 0.005937 0.011871 0.005986 
0.008623 0.656605 0.007429 2.700695 0.011858 0.012238 0.019813 0.006423 
0.010708 0.011754 1.016758 2.792672 0.010582 0.020628 0.019047 0.018711 
0.004623 0.004628 0.004472 7.558027 0.004488 0.006627 0.006186 0.004625 
0.720294 0.005313 0.009418 0.005149 1.911992 0.005170 0.012437 0.012468 
0.258557 0.520352 0.010170 0.011339 1.365842 0.009628 0.016494 0.010175 
0.005617 1.389329 0.007734 0.007175 1.864609 0.005880 0.019130 0.005527 
0.230313 0.022667 0.652176 0.019986 1.191732 0.014458 0.020082 0.006915 
0.012133 0.451088 0.671588 0.012054 1.220358 0.027652 0.005619 0.007107 
0.014120 0.009433 2.003988 0.009457 1.791599 0.023264 0.015784 0.038235 
0.234958 0.009016 0.034042 0.955221 1.212853 0.008974 0.012217 0.006994 
0.009034 0.494160 0.007058 1.022953 1.298384 0.012816 0.018718 0.010433 
0.010426 0.009154 0.776299 1.079996 1.360546 0.015004 0.009046 0.009169 
0.005133 0.005942 0.005139 3.090856 1.948707 0.005133 0.006202 0.005232 
0.355255 0.007303 0.006686 0.006741 3.739367 0.017539 0.007744 0.006741 
0.005634 0.703078 0.006019 0.005795 3.704486 0.015782 0.013024 0.005693 
0.007060 0.007710 1.004369 0.015184 3.482343 0.018916 0.006343 0.006143 
0.006546 0.006026 0.007485 1.475272 3.774879 0.008409 0.006684 0.007790 
0.004701 0.004757 0.004781 0.005059 9.657709 0.004998 0.005394 0.005181 
0.700738 0.007667 0.007028 0.006968 0.010458 2.314458 0.007266 0.007414 
0.233106 0.470847 0.016048 0.019508 0.014641 1.495392 0.014354 0.007062 
0.007817 1.291752 0.005649 0.005274 0.021137 2.113295 0.018505 0.011391 
0.230249 0.025723 0.664753 0.009684 0.016114 1.528933 0.012391 0.006912 
0.010077 0.459198 0.673224 0.023796 0.005986 1.553557 0.018993 0.007482 
0.008613 0.015777 1.954094 0.011757 0.015990 2.057659 0.013302 0.016602 
0.233909 0.010098 0.007534 0.954040 0.024039 1.520147 0.019446 0.007699 
0.007549 0.472450 0.007985 0.979673 0.024283 1.511257 0.013711 0.007875 
0.005233 0.008555 0.748848 1.044331 0.005444 1.670420 0.014672 0.011677 
0.006770 0.005643 0.005600 2.912854 0.006027 2.266529 0.012920 0.008852 
0.240356 0.012425 0.007233 0.012081 1.259323 1.521032 0.019883 0.010491 
0.008356 0.480843 0.006604 0.011455 1.259138 1.520939 0.019260 0.006053 
0.009567 0.013443 0.710316 0.014176 1.207884 1.444025 0.006950 0.013321 
0.010115 0.006849 0.016624 0.922745 1.208959 1.493276 0.028306 0.010928 
0.004637 0.004897 0.005595 0.005161 3.789618 2.338599 0.005112 0.010253 
0.358213 0.007407 0.009079 0.007562 0.007967 4.624287 0.012112 0.009189 
0.004362 0.701877 0.004633 0.005123 0.007171 4.567409 0.010235 0.004742 
0.005331 0.005535 1.082748 0.006051 0.008230 4.549386 0.006424 0.005530 
0.006662 0.004937 0.004835 1.398039 0.004935 4.488684 0.018892 0.005463 
0.006470 0.006483 0.006455 0.008714 1.845514 4.621484 0.012236 0.008328 
0.004871 0.004901 0.004846 0.004846 0.004848 11.736601 0.005866 0.005988 
0.641494 0.009016 0.018846 0.014818 0.014813 0.024450 2.460805 0.009997 
0.250375 0.490678 0.010376 0.010026 0.007084 0.024434 1.906995 0.007526 
0.007147 1.297815 0.007276 0.012108 0.011187 0.021040 2.527053 0.007387 
0.233125 0.017973 0.669953 0.029946 0.016394 0.007090 1.770386 0.010555 
0.014434 0.475242 0.685027 0.014658 0.013643 0.006842 1.802395 0.007029 
0.006849 0.013678 1.995791 0.012575 0.010904 0.006194 2.521079 0.007353 
0.247902 0.006778 0.006946 1.007995 0.012252 0.018168 1.901468 0.008323 
0.006583 0.478604 0.006475 0.991101 0.011761 0.017677 1.900977 0.007831 
0.006726 0.013612 0.724359 0.956400 0.017320 0.006175 1.837370 0.012507 
0.005736 0.005740 0.005939 2.992099 0.006027 0.008910 2.823492 0.006328 
0.231722 0.022206 0.009510 0.007149 1.199394 0.015974 1.752070 0.007810 
0.011388 0.458886 0.011833 0.013584 1.235593 0.005772 1.789155 0.007577 
0.008298 0.014641 0.756183 0.007397 1.300965 0.007596 1.838882 0.013334 
0.007293 0.009262 0.018246 0.914038 1.176026 0.017612 1.738093 0.009239 
0.008006 0.009766 0.020046 0.016334 3.038364 0.038120 2.256564 0.015744 
0.228442 0.009053 0.012101 0.025804 0.010176 1.447729 1.709215 0.015802 
0.006775 0.450505 0.010036 0.028953 0.020611 1.461305 1.719913 0.016434 
0.007310 0.014926 0.712825 0.009413 0.006428 1.553607 1.876876 0.007195 
0.005285 0.008558 0.009486 1.017230 0.005880 1.593301 1.891477 0.006899 
0.007711 0.010370 0.011926 0.007411 1.216224 1.491539 1.750291 0.006212 
0.006128 0.006096 0.006188 0.006095 0.006252 4.708907 2.786612 0.006229 
0.308599 0.006003 0.008758 0.007381 0.017040 0.065107 4.741987 0.012152 
0.010770 0.614979 0.016850 0.005987 0.015066 0.009467 4.739318 0.008504 
0.011999 0.020901 0.909653 0.008562 0.007372 0.005387 4.664925 0.024717 
0.009365 0.008668 0.008785 1.260631 0.023043 0.060772 4.671515 0.009028 
0.006077 0.007002 0.013631 0.007324 1.649074 0.022107 4.783528 0.013955 
0.006801 0.007687 0.008403 0.009398 0.018770 2.061046 4.881976 0.006977 
0.004897 0.004907 0.004908 0.004897 0.004897 0.004897 13.949164 0.005093 
0.909949 0.009429 0.007445 0.028760 0.006196 0.007774 0.154442 3.345324 
0.261643 0.573044 0.014252 0.106957 0.097399 0.037952 0.299614 2.057823 
0.012506 1.810763 0.023585 0.023363 0.006233 0.031100 0.017381 3.432760 
0.236539 0.018865 0.746615 0.099222 0.096440 0.112201 0.189116 1.797061 
0.006314 0.493289 0.744652 0.153207 0.057070 0.129670 0.226072 1.803126 
0.013723 0.017483 3.003026 0.037503 0.011722 0.011056 0.017318 3.642137 
0.476484 0.010623 0.017771 2.004709 0.016381 0.011147 0.014665 3.678969 
0.017180 0.953197 0.024421 2.055860 0.022781 0.016367 0.017028 3.685194 
0.005204 0.012541 1.469357 2.031546 0.009915 0.005189 0.006997 3.857324 
0.007283 0.007315 0.005584 3.866957 0.006061 0.013414 0.143064 3.497889 
0.471036 0.023245 0.027211 0.019937 2.540986 0.018662 0.018370 3.633135 
0.009049 0.630363 0.003700 0.005031 1.665656 0.160586 0.294465 2.267562 
0.013242 0.014675 0.997976 0.012402 1.731148 0.195035 0.218447 2.444985 
0.008520 0.021323 0.024930 1.393095 1.768554 0.186062 0.069106 2.327594 
0.008417 0.008424 0.015675 0.011992 5.842691 0.008463 0.014112 4.117829 
0.296379 0.027815 0.016946 0.037194 0.035480 2.036959 0.229552 1.864021 
0.012525 0.474988 0.069446 0.035842 0.103422 1.607835 0.257443 1.701509 
0.028933 0.049838 0.943039 0.007613 0.007544 1.941405 0.256301 2.045320 
0.007564 0.005540 0.011678 1.596052 0.007742 2.556936 0.199662 2.926889 
0.012273 0.015500 0.016013 0.022725 1.762708 2.245093 0.244798 2.410983 
0.008149 0.006101 0.008022 0.006129 0.006028 6.321924 0.088066 3.803910 
0.220940 0.036530 0.072374 0.033324 0.153625 0.169685 1.804299 1.590417 
0.011583 0.456127 0.065752 0.093542 0.150420 0.220342 1.799863 1.587251 
0.042108 0.066517 0.691624 0.108542 0.022290 0.056876 1.899688 1.603084 
0.012384 0.021717 0.025143 1.191081 0.129703 0.123385 2.203605 1.748037 
0.022199 0.040602 0.057142 0.085037 1.072161 0.209339 1.821477 1.589339 
0.023437 0.044513 0.053966 0.078958 0.095305 1.543506 1.942701 1.731386 
0.008861 0.011929 0.008868 0.008873 0.015354 0.019589 11.633573 5.704787 
0.437286 0.007173 0.028005 0.005342 0.029700 0.032389 0.094124 6.596150 
0.013633 0.850304 0.007396 0.026549 0.010984 0.028165 0.103025 6.416441 
0.014097 0.015001 1.747802 0.048303 0.022555 0.027167 0.019014 8.380021 
0.009759 0.011690 0.008328 1.926616 0.014115 0.031537 0.147745 6.796559 
0.010679 0.006851 0.018996 0.009441 2.281547 0.030168 0.124630 6.469019 
0.011444 0.016980 0.008607 0.018396 0.009134 2.900532 0.136425 6.751717 
0.033135 0.033265 0.025527 0.068202 0.103764 0.048354 3.767512 7.417431 
0.008226 0.015271 0.015499 0.023356 0.015549 0.007995 0.015185 13.352089 
0.313623 0.074069 0.108589 0.150253 0.196554 0.231168 0.268962 0.262408 
0.160642 0.308127 0.099927 0.157990 0.203927 0.241702 0.275928 0.241553 
0.038279 0.657524 0.099442 0.147096 0.196760 0.239900 0.268506 0.209378 
0.176397 0.040452 0.530572 0.169070 0.182010 0.204337 0.253535 0.244764 
0.029445 0.343784 0.530748 0.135710 0.203174 0.233147 0.276164 0.197597 
0.038651 0.071272 0.969918 0.142488 0.199875 0.228817 0.281082 0.260541 
0.166540 0.078853 0.108175 0.714646 0.183393 0.245799 0.188543 0.197734 
0.035303 0.326391 0.098617 0.690924 0.176218 0.228439 0.244313 0.195971 
0.038286 0.072740 0.466108 0.633544 0.172418 0.229057 0.242843 0.193592 
0.037447 0.073156 0.102543 1.331057 0.185932 0.256754 0.276453 0.232879 
0.158275 0.067718 0.075572 0.137111 0.882548 0.229881 0.270812 0.191826 
0.035201 0.333134 0.095938 0.142359 0.864852 0.254083 0.252327 0.209869 
0.035759 0.065879 0.509803 0.105893 0.919299 0.217134 0.249982 0.240836 
0.036581 0.073413 0.113274 0.653414 0.829968 0.194999 0.253627 0.210351 
0.042187 0.078232 0.110899 0.148519 1.719304 0.258535 0.298971 0.273504 
0.162323 0.071385 0.085034 0.126161 0.156303 1.059426 0.291075 0.204905 
0.036448 0.331531 0.092335 0.154121 0.158409 1.066226 0.280396 0.209254 
0.037125 0.068087 0.499107 0.159110 0.163388 1.070918 0.272752 0.210498 
0.035789 0.072976 0.098250 0.666335 0.213669 1.025486 0.273816 0.235177 
0.032815 0.070813 0.098832 0.122173 0.883997 1.064036 0.269714 0.200264 
0.041720 0.075739 0.101056 0.160099 0.158953 2.108653 0.310103 0.191505 
0.163779 0.082964 0.098961 0.134771 0.150538 0.190592 1.230632 0.202703 
0.035628 0.326884 0.090861 0.156068 0.148767 0.246422 1.289754 0.208774 
0.034978 0.064723 0.510089 0.129198 0.172155 0.225071 1.317247 0.208211 
0.037024 0.065644 0.095779 0.723704 0.165411 0.249832 1.313715 0.224079 
0.034605 0.074148 0.093490 0.148154 0.846347 0.244831 1.276246 0.215214 
0.034554 0.069389 0.081141 0.111918 0.144189 1.208860 1.390012 0.290643 
0.040067 0.073619 0.109418 0.137313 0.183130 0.226962 2.479488 0.196258 
0.255411 0.079272 0.102078 0.212481 0.195844 0.341882 0.273396 1.667775 
0.045168 0.430306 0.133489 0.139821 0.230842 0.340810 0.315394 1.592222 
0.047101 0.089359 0.661565 0.144652 0.351382 0.222252 0.308294 1.754340 
0.056318 0.112344 0.156660 0.964536 0.192070 0.266542 0.295659 1.707760 
0.041924 0.100154 0.128384 0.173881 1.043398 0.322249 0.294580 1.423083 
0.055082 0.090109 0.160716 0.174754 0.196035 1.564511 0.285560 1.737213 
0.043668 0.086728 0.127132 0.198054 0.264475 0.230330 1.610420 1.500948 
0.046236 0.094339 0.137266 0.213606 0.274189 0.251277 0.219056 3.195323 
