2.009846 0.010829 0.012386 0.017286 0.011622 0.013989 0.013450 0.036197 
1.796748 1.808503 0.010828 0.017686 0.010311 0.014604 0.014342 0.011734 
0.905751 3.588928 0.014027 0.013533 0.014045 0.011774 0.022832 0.033670 
0.010027 4.009870 0.012331 0.014823 0.015775 0.014027 0.011271 0.014549 
1.802053 0.014275 2.697877 0.018303 0.014264 0.013902 0.014669 0.023291 
1.168537 2.334742 3.492066 0.024016 0.021131 0.022465 0.023808 0.029470 
0.007394 3.584487 2.691695 0.012096 0.007875 0.007805 0.008177 0.017082 
0.899648 0.012273 5.387825 0.015533 0.014339 0.020617 0.012307 0.022760 
0.015367 1.805720 5.376900 0.015302 0.015929 0.029022 0.017311 0.035622 
0.007467 0.012337 6.006760 0.010573 0.008627 0.010965 0.010841 0.013829 
1.802613 0.016760 0.019144 3.599017 0.020502 0.023486 0.017216 0.019034 
1.173240 2.334930 0.023424 4.649816 0.022983 0.024468 0.022686 0.028764 
0.014136 3.591450 0.018543 3.592714 0.019900 0.023337 0.016659 0.023853 
1.165419 0.018919 3.480820 4.645678 0.017324 0.024166 0.015728 0.028319 
0.012104 2.331727 3.468294 4.609754 0.010079 0.026604 0.010848 0.028812 
0.009567 0.010614 5.368627 3.607104 0.009882 0.018301 0.010644 0.009968 
0.916751 0.012172 0.013042 7.142790 0.010977 0.014979 0.018795 0.020626 
0.012185 1.804593 0.014394 7.163885 0.012612 0.020725 0.012824 0.016589 
0.013559 0.023686 2.712382 7.158461 0.016197 0.014119 0.013924 0.014457 
0.008914 0.010069 0.018155 8.008796 0.009132 0.009464 0.013394 0.017533 
1.799460 0.014430 0.018517 0.015296 4.511836 0.016669 0.017231 0.016965 
1.170081 2.335691 0.031180 0.028906 5.857030 0.026787 0.027032 0.028276 
0.014030 3.599453 0.018447 0.017500 4.446534 0.018046 0.016602 0.018515 
1.162401 0.021148 3.505984 0.026008 5.825081 0.021404 0.021256 0.024144 
0.021613 2.328747 3.454191 0.025209 5.852386 0.025903 0.022194 0.038661 
0.010924 0.010166 5.365904 0.013321 4.518193 0.018250 0.015874 0.011149 
1.176657 0.015397 0.026280 4.646614 5.734860 0.018310 0.015415 0.016881 
0.015417 2.328766 0.017617 4.617658 5.791877 0.036183 0.035024 0.034734 
0.014513 0.011258 3.497232 4.643199 5.731444 0.014901 0.033727 0.013471 
0.010442 0.016149 0.010971 7.168029 4.475988 0.013691 0.014271 0.020641 
0.901632 0.014220 0.016919 0.035908 8.975102 0.020612 0.018182 0.017682 
0.016899 1.798793 0.019564 0.015226 8.961863 0.022113 0.014540 0.024079 
0.012052 0.015227 2.689856 0.012533 8.960874 0.016217 0.016205 0.026013 
0.010671 0.011217 0.011078 3.581059 8.959423 0.014634 0.011517 0.020162 
0.008664 0.010471 0.009407 0.020957 10.008374 0.012492 0.014983 0.019288 
1.801093 0.012536 0.016538 0.016202 0.014020 5.367383 0.019620 0.030248 
1.167303 2.349911 0.023825 0.023424 0.019666 6.922022 0.027295 0.038505 
0.012924 3.583697 0.017323 0.017621 0.018054 5.419924 0.015435 0.017462 
1.170395 0.019701 3.495952 0.023320 0.020463 6.934581 0.019238 0.048131 
0.020583 2.345623 3.448734 0.021850 0.016757 6.933350 0.025561 0.033663 
0.011463 0.009005 5.384506 0.012853 0.015410 5.339235 0.015463 0.034428 
1.176614 0.030934 0.015746 4.618100 0.014084 6.899213 0.025302 0.089125 
0.016088 2.342445 0.018769 4.619287 0.015482 6.900401 0.015641 0.090310 
0.014580 0.017831 3.482190 4.652333 0.017259 6.907127 0.025328 0.026945 
0.011774 0.010482 0.009149 7.185583 0.009299 5.312118 0.021655 0.019165 
1.174975 0.019668 0.023149 0.021969 5.807147 6.924982 0.020768 0.038488 
0.009192 2.338492 0.017318 0.012740 5.812011 6.841118 0.027197 0.012738 
0.015650 0.021285 3.486630 0.018452 5.783056 6.933924 0.036262 0.069653 
0.011185 0.011171 0.016425 4.639182 5.776250 6.935550 0.015372 0.022244 
0.008764 0.008901 0.008798 0.049250 9.000047 5.260631 0.008958 0.015555 
0.915816 0.015460 0.017125 0.016899 0.016184 10.728347 0.015338 0.027861 
0.016553 1.816731 0.021036 0.015865 0.015269 10.728325 0.015850 0.025169 
0.007176 0.010245 2.709893 0.008982 0.008323 10.720536 0.013462 0.017887 
0.009738 0.009965 0.013516 3.622432 0.010959 10.716397 0.018275 0.022105 
0.006793 0.006676 0.007119 0.028508 4.471371 10.744046 0.010926 0.007463 
0.006599 0.006613 0.006720 0.006593 0.006657 12.006590 0.011170 0.015462 
1.794937 0.008307 0.014167 0.012570 0.008475 0.008449 6.298857 0.015235 
1.156777 2.329036 0.015647 0.013630 0.013316 0.013383 8.145941 0.023392 
0.013760 3.593285 0.023087 0.031643 0.012379 0.010920 6.237913 0.037101 
1.161856 0.021310 3.489311 0.021203 0.019095 0.020484 8.155651 0.018557 
0.018488 2.316748 3.505958 0.018921 0.031607 0.017826 8.071190 0.017148 
0.009978 0.009440 5.369958 0.012877 0.011116 0.017015 6.298541 0.020627 
1.174787 0.019628 0.017268 4.614346 0.045269 0.018363 8.110821 0.018914 
0.014316 2.343719 0.014216 4.582856 0.015094 0.016205 8.109553 0.016190 
0.010469 0.013202 3.465991 4.630451 0.010078 0.018092 8.109017 0.059722 
0.009769 0.009465 0.015757 7.155568 0.008619 0.009199 6.298817 0.009319 
1.159238 0.011683 0.020525 0.015989 5.815307 0.018436 8.101745 0.032705 
0.017122 2.328213 0.022664 0.016423 5.779263 0.015257 8.091316 0.031915 
0.015095 0.014129 3.468849 0.015836 5.798083 0.014220 8.104237 0.015609 
0.010483 0.010482 0.011565 4.620691 5.740788 0.010755 8.168311 0.011862 
0.010210 0.014563 0.011688 0.010672 8.950674 0.007819 6.272006 0.019034 
1.157107 0.025897 0.024376 0.024720 0.023505 6.933256 8.263347 0.033429 
0.017313 2.338175 0.022051 0.017137 0.014065 6.887024 8.109350 0.014518 
0.015899 0.019918 3.493512 0.018403 0.016123 6.873699 8.147994 0.059843 
0.012380 0.014408 0.053759 4.660289 0.013999 6.886912 8.105965 0.019288 
0.010991 0.014619 0.012334 0.010718 5.821037 6.883658 8.106089 0.021824 
0.010254 0.010320 0.010255 0.010300 0.010362 10.719006 6.327779 0.028206 
0.890904 0.007063 0.007562 0.008742 0.008256 0.011878 12.565600 0.017212 
0.015981 1.787127 0.019649 0.014570 0.014434 0.017104 12.562173 0.031907 
0.009630 0.008585 2.677300 0.017798 0.009817 0.012872 12.547435 0.018849 
0.010264 0.010270 0.017648 3.568583 0.010981 0.014545 12.549140 0.011035 
0.008191 0.008186 0.011631 0.010506 4.458748 0.008265 12.545204 0.008361 
0.006306 0.006312 0.006335 0.026199 0.006353 5.309560 12.564894 0.015178 
0.007373 0.007007 0.010707 0.010107 0.005500 0.009453 14.005332 0.029962 
1.793062 0.009389 0.008732 0.015009 0.008537 0.018161 0.011980 7.227645 
1.166170 2.307041 0.015701 0.020479 0.014524 0.017136 0.014819 9.342641 
0.011993 3.582543 0.016370 0.018649 0.017141 0.021640 0.014260 7.223121 
1.163287 0.016155 3.479715 0.017531 0.016157 0.022371 0.016314 9.310463 
0.014423 2.303730 3.475405 0.014567 0.012551 0.012357 0.019256 9.322424 
0.010831 0.016145 5.366345 0.012715 0.010501 0.013897 0.013606 7.219677 
1.152653 0.017491 0.034848 4.660989 0.009893 0.014934 0.049663 9.273866 
0.015464 2.300479 0.013015 4.671099 0.018888 0.016068 0.019669 9.256762 
0.012508 0.011500 3.449823 4.624260 0.028271 0.013634 0.011328 9.327006 
0.014201 0.011903 0.011700 7.137624 0.026916 0.018611 0.011282 7.279119 
1.160188 0.024082 0.027016 0.025799 5.751240 0.107728 0.029950 9.471961 
0.011844 2.310644 0.015657 0.014829 5.739709 0.013014 0.015697 9.354780 
0.015129 0.020500 3.465224 0.018546 5.744200 0.015120 0.031989 9.359277 
0.014812 0.015799 0.019512 4.607223 5.735792 0.014997 0.016033 9.387379 
0.009115 0.011187 0.010044 0.018788 8.936768 0.012857 0.009257 7.217219 
1.174277 0.015276 0.017097 0.015466 0.014929 6.900106 0.017633 9.255740 
0.012009 2.322360 0.015748 0.014215 0.012167 6.864491 0.013127 9.345591 
0.016653 0.016682 3.458139 0.025642 0.020810 6.921868 0.017780 9.344494 
0.006933 0.006913 0.012645 4.643324 0.011202 6.861447 0.009503 9.306590 
0.016737 0.040352 0.013199 0.032688 5.803257 6.863039 0.023846 9.308188 
0.007348 0.007340 0.007347 0.007468 0.007337 10.720021 0.015044 7.217003 
1.162266 0.019133 0.019853 0.021648 0.023493 0.022924 8.161330 9.280180 
0.016611 2.303233 0.017599 0.021027 0.020908 0.017723 8.118842 9.322143 
0.012220 0.025488 3.424063 0.013484 0.012066 0.014367 8.072177 9.411097 
0.012629 0.021814 0.012684 4.586110 0.017045 0.013822 8.115192 9.317600 
0.014441 0.015023 0.021966 0.014509 5.767841 0.015381 8.058749 9.327707 
0.011875 0.011779 0.011787 0.012374 0.011949 6.854887 8.128219 9.323277 
0.010996 0.009514 0.013483 0.020506 0.014052 0.017840 12.503301 7.226098 
0.893416 0.033949 0.013997 0.016540 0.015360 0.017365 0.013358 14.380091 
0.015547 1.775897 0.016193 0.018651 0.017528 0.020148 0.015505 14.382238 
0.012147 0.014810 2.658050 0.015077 0.012008 0.013688 0.013542 14.371501 
0.011661 0.009678 0.009679 3.532318 0.016675 0.009724 0.009946 14.375039 
0.011571 0.011540 0.011611 0.017769 4.434971 0.011606 0.016689 14.361063 
0.009878 0.009878 0.009878 0.009878 0.009883 5.331204 0.011715 14.350713 
0.007948 0.007996 0.008256 0.007943 0.013625 0.012609 6.202699 14.356372 
0.005137 0.009234 0.033363 0.013885 0.011380 0.034755 0.004804 16.004399 
1.935594 0.365308 0.557185 0.925282 1.272113 1.272944 1.800534 1.969077 
1.368096 2.775770 0.814257 1.111062 1.286306 1.345256 1.819010 2.180618 
0.239011 3.872638 0.728537 0.843357 1.277925 1.369232 1.575314 1.866477 
1.360112 0.551440 3.996335 1.113862 1.346359 1.450951 2.054814 2.298588 
0.252959 2.735086 3.949143 1.109010 1.341508 1.446099 2.049963 2.293737 
0.193267 0.382661 5.837806 0.812007 1.025700 1.290284 1.282882 1.572529 
1.379967 0.573297 0.723794 5.382645 1.389526 1.516027 1.699537 2.163087 
0.243107 2.721278 0.808292 5.367724 1.258065 1.671230 1.723924 2.151441 
0.291179 0.538051 4.080152 5.322578 1.310757 1.655882 1.870530 2.058928 
0.249918 0.447798 0.657925 7.704475 1.026013 1.269935 1.551386 1.780972 
1.345097 0.571206 0.842045 1.046676 6.713270 1.465082 1.938863 2.083646 
0.250318 2.724408 0.823854 1.097648 6.737910 1.549275 1.781733 2.118062 
0.283495 0.588452 4.050889 1.081127 6.698248 1.574324 1.795752 2.177374 
0.273046 0.552714 0.793945 5.411370 6.699724 1.609615 1.943766 2.350497 
0.226067 0.470692 0.666515 0.778179 9.650487 1.363434 1.547760 1.681369 
1.367477 0.499084 0.843279 1.110311 1.405067 8.065196 1.909849 2.221944 
0.281985 2.687571 0.836267 1.103299 1.398054 8.058183 1.902836 2.214932 
0.263887 0.561703 4.061124 1.046572 1.321885 8.098560 1.764799 2.227582 
0.276327 0.550961 0.797554 5.418077 1.282991 7.995478 2.015959 2.144122 
0.198789 0.446859 0.717115 0.901741 7.009920 8.023058 1.873151 2.157155 
0.230165 0.431155 0.652465 0.884404 1.156153 11.568083 1.501077 1.725926 
1.359075 0.551650 0.712185 1.071156 1.323106 1.684759 9.521404 2.155522 
0.273901 2.708722 0.775990 1.043323 1.339138 1.583564 9.399330 2.145091 
0.276681 0.538611 4.046918 1.049896 1.340909 1.579858 9.538928 2.084343 
0.275467 0.503850 0.772268 5.403652 1.407292 1.660350 9.463989 2.134127 
0.259492 0.522959 0.852413 1.121543 6.687697 1.751355 9.493377 2.261493 
0.291153 0.523006 0.794736 1.044882 1.283477 8.102641 9.540310 2.199647 
0.233918 0.468154 0.654216 0.829558 1.158967 1.332172 13.467620 1.802327 
1.343915 0.543807 0.815268 1.120988 1.328749 1.679083 1.909290 11.036624 
0.285020 2.689696 0.809230 1.051264 1.207802 1.685170 1.886592 10.935524 
0.263062 0.564412 4.019231 1.127898 1.318863 1.545434 1.757147 10.808557 
0.256926 0.549646 0.789505 5.438984 1.340654 1.545532 1.855201 10.748618 
0.246476 0.396380 0.550234 0.879955 6.985812 1.251782 1.742058 10.856436 
0.286435 0.560562 0.795892 1.058801 1.065470 8.002593 1.798160 10.943641 
0.272036 0.514638 0.862745 1.075874 1.443171 1.684087 9.299793 10.832494 
0.208908 0.374678 0.662391 0.817118 0.974465 1.544573 1.512170 15.425446 
