2.043379 0.043418 0.043949 0.043528 0.043846 
2.005233 0.831450 0.044905 0.045503 0.044799 
1.833027 1.835372 0.044771 0.047212 0.045131 
1.459354 2.877068 0.046961 0.048881 0.046841 
0.938905 3.628045 0.047982 0.051347 0.047876 
0.438986 3.968972 0.047251 0.050603 0.047144 
0.045380 4.043894 0.044475 0.045062 0.044125 
2.004019 0.048164 1.212471 0.043368 0.043046 
1.937788 0.995920 1.447164 0.053397 0.056423 
1.648070 2.183908 1.652850 0.048303 0.047082 
1.108502 3.265128 1.643298 0.052555 0.047768 
0.515288 3.816697 1.454608 0.047069 0.046495 
0.044123 3.967229 1.214076 0.044960 0.044641 
1.834652 0.047986 2.739621 0.048413 0.048116 
1.651914 1.113826 3.260184 0.049650 0.050037 
1.200372 2.354385 3.515599 0.049614 0.048466 
0.579702 3.259571 3.247923 0.049429 0.049503 
0.042870 3.617742 2.734281 0.043713 0.043396 
1.461422 0.053779 4.300415 0.050273 0.050597 
1.111929 1.114622 4.859811 0.047838 0.046047 
0.576648 2.187652 4.858278 0.048806 0.048223 
0.048704 2.880968 4.283561 0.054467 0.048669 
0.937306 0.046991 5.419405 0.048560 0.047337 
0.515131 0.991167 5.702639 0.045680 0.049092 
0.042542 1.836276 5.405355 0.042912 0.044300 
0.434329 0.048675 5.935944 0.050115 0.050287 
0.045457 0.817904 5.932417 0.046323 0.045865 
0.044637 0.045306 6.044575 0.047167 0.044879 
2.005784 0.044752 0.045044 1.610768 0.045353 
1.935450 0.994384 0.050656 1.939279 0.050327 
1.649721 2.179424 0.044602 2.172844 0.045584 
1.115835 3.258065 0.049316 2.170537 0.048727 
0.513130 3.822058 0.045178 1.896493 0.050631 
0.045427 3.969033 0.046881 1.594490 0.049586 
1.930908 0.045272 1.457019 1.918600 0.045601 
1.780263 1.196853 1.768809 2.351174 0.047723 
1.308698 2.582450 1.943976 2.587117 0.049468 
0.625661 3.523911 1.759026 2.336868 0.051688 
0.047168 3.820824 1.452307 1.921448 0.047937 
1.649968 0.047376 3.259735 2.174076 0.047594 
1.313763 1.313179 3.839482 2.590024 0.053284 
0.674359 2.590107 3.848947 2.573573 0.052036 
0.045272 3.260459 3.238445 2.171414 0.045662 
1.112486 0.046180 4.865160 2.169972 0.047297 
0.616896 1.214904 5.250216 2.353821 0.049501 
0.045103 2.190802 4.851505 2.169015 0.045474 
0.517147 0.046382 5.704408 1.927528 0.047305 
0.045199 0.983731 5.703174 1.925547 0.044683 
0.047211 0.047811 5.930918 1.614633 0.047508 
1.835308 0.046026 0.045692 3.616830 0.046486 
1.651692 1.119371 0.050675 4.327564 0.053696 
1.199506 2.359293 0.048144 4.666036 0.047453 
0.581548 3.255163 0.045782 4.303061 0.045026 
0.046148 3.625492 0.046472 3.616917 0.046403 
1.650443 0.048989 1.660266 4.324701 0.051425 
1.307002 1.313759 1.940724 5.116841 0.046128 
0.680177 2.579679 1.954826 5.111652 0.077689 
0.045442 3.252338 1.654742 4.317390 0.053005 
1.198851 0.045990 3.517744 4.657673 0.049290 
0.676667 1.309325 3.850386 5.102483 0.047486 
0.046066 2.358347 3.512611 4.653007 0.046191 
0.576188 0.046598 4.863833 4.318506 0.049841 
0.048338 1.118518 4.856631 4.317872 0.053475 
0.049831 0.048237 5.417106 3.619520 0.050027 
1.460856 0.046107 0.044816 5.693720 0.045105 
1.112761 1.118215 0.051787 6.453819 0.044333 
0.578140 2.186226 0.046203 6.457494 0.046157 
0.046457 2.874766 0.046534 5.703332 0.048492 
1.111136 0.046081 1.656422 6.464939 0.045804 
0.624232 1.196659 1.788342 7.002653 0.055544 
0.045083 2.189561 1.633429 6.457457 0.046963 
0.579433 0.045799 3.255478 6.458793 0.047606 
0.047210 1.114134 3.255642 6.461621 0.047951 
0.045288 0.047661 4.290423 5.698785 0.045916 
0.938082 0.045208 0.044100 7.200278 0.044923 
0.509461 0.977275 0.044404 7.598058 0.044913 
0.046066 1.831714 0.052743 7.204371 0.046503 
0.518249 0.047892 1.458043 7.592151 0.048326 
0.046375 0.985793 1.457453 7.591559 0.046843 
0.045170 0.045073 2.741784 7.191507 0.051635 
0.437628 0.044842 0.047441 7.888959 0.047196 
0.045124 0.824518 0.045405 7.891617 0.045462 
0.048039 0.047725 1.227109 7.891647 0.048170 
0.044198 0.044199 0.044215 8.044182 0.044409 
2.007375 0.049896 0.047174 0.047573 2.014786 
1.932800 0.988237 0.046863 0.049180 2.384453 
1.648361 2.187231 0.046386 0.048353 2.720708 
1.115142 3.253275 0.046062 0.046877 2.711651 
0.515175 3.821865 0.050566 0.050262 2.394756 
0.045074 3.964508 0.044769 0.045309 2.010389 
1.925125 0.042731 1.475333 0.045129 2.427328 
1.788553 1.212690 1.801415 0.056936 2.875029 
1.310391 2.590565 1.948338 0.052623 3.221512 
0.607845 3.530196 1.777432 0.047921 2.884133 
0.045750 3.815201 1.468762 0.045598 2.402122 
1.653020 0.046895 3.239314 0.046610 2.706922 
1.310915 1.318019 3.856228 0.058669 3.198996 
0.677784 2.579773 3.847766 0.049407 3.209904 
0.047016 3.254724 3.247558 0.045699 2.712087 
1.111456 0.047875 4.869568 0.048384 2.713713 
0.612511 1.216744 5.259051 0.059520 2.884171 
0.044090 2.175808 4.870002 0.046411 2.668897 
0.509085 0.046526 5.709882 0.046909 2.399643 
0.043643 0.973688 5.705596 0.046582 2.397141 
0.046115 0.045676 5.928345 0.047805 2.013565 
1.932434 0.046462 0.054413 1.911923 2.407816 
1.781777 1.199114 0.048432 2.347214 2.937209 
1.312395 2.585158 0.050016 2.556191 3.211491 
0.623273 3.512090 0.048367 2.360610 2.925311 
0.044878 3.820803 0.047248 1.913473 2.375641 
1.774941 0.044924 1.790713 2.356040 2.922134 
1.460109 1.468168 2.167004 2.871252 3.586063 
0.749943 2.872858 2.177853 2.882872 3.580030 
0.051910 3.509482 1.794665 2.370803 2.938631 
1.310131 0.048242 3.851580 2.554300 3.203132 
0.750411 1.455411 4.334568 2.885311 3.555821 
0.048348 2.575605 3.853911 2.559493 3.207334 
0.617834 0.047625 5.255977 2.344870 2.916303 
0.044975 1.186018 5.253525 2.352921 2.901358 
0.047052 0.046199 5.703770 1.923074 2.408017 
1.646938 0.050799 0.051612 4.341121 2.714131 
1.310044 1.315983 0.052750 5.123115 3.219592 
0.678233 2.589949 0.053706 5.105341 3.215053 
0.045416 3.258057 0.050584 4.306143 2.715020 
1.312175 0.049831 1.955600 5.116785 3.200990 
0.757233 1.455328 2.170187 5.706996 3.583862 
0.045591 2.572910 1.964939 5.090389 3.219626 
0.675476 0.046088 3.855852 5.101869 3.177374 
0.047108 1.314910 3.847509 5.105373 3.185459 
0.046267 0.046563 4.866824 4.303496 2.716623 
1.115843 0.050789 0.047604 6.463282 2.720647 
0.619064 1.198771 0.047470 6.984761 2.934748 
0.047542 2.185092 0.047423 6.465355 2.707884 
0.618328 0.049451 1.775465 6.991139 2.926473 
0.045839 1.186877 1.765558 6.988617 2.923839 
0.043797 0.043354 3.252965 6.456705 2.711041 
0.514192 0.044023 0.046628 7.590165 2.388197 
0.044776 0.991663 0.043341 7.582667 2.401852 
0.045667 0.044481 1.454231 7.585798 2.414549 
0.044817 0.045853 0.044816 7.890913 1.996880 
1.833638 0.044642 0.044632 0.046596 4.512887 
1.648672 1.111278 0.046936 0.046464 5.399089 
1.203785 2.358301 0.050321 0.050353 5.825985 
0.582973 3.262441 0.051228 0.051950 5.386659 
0.048618 3.622591 0.046981 0.046267 4.518194 
1.652793 0.049699 1.649868 0.052435 5.400834 
1.311182 1.308625 1.949138 0.049630 6.390783 
0.663798 2.580682 1.945391 0.045731 6.382754 
0.047254 3.258430 1.644637 0.048682 5.378975 
1.198001 0.047846 3.517679 0.049739 5.829926 
0.675707 1.305234 3.858152 0.047182 6.356967 
0.047816 2.356315 3.513859 0.052414 5.820028 
0.573039 0.045528 4.866364 0.046365 5.377407 
0.046100 1.108280 4.860543 0.044566 5.381158 
0.047111 0.047104 5.413896 0.045572 4.510660 
1.652696 0.046585 0.047540 2.182730 5.370893 
1.311083 1.310717 0.054428 2.565442 6.390271 
0.675833 2.587255 0.047944 2.563131 6.368751 
0.047908 3.257707 0.048786 2.165589 5.393588 
1.311169 0.049264 1.958408 2.568513 6.383584 
0.751431 1.464331 2.187971 2.861026 7.119476 
0.045923 2.574250 1.934588 2.574270 6.380360 
0.674720 0.047889 3.852104 2.574598 6.371209 
0.045561 1.303535 3.847346 2.565851 6.369887 
0.044570 0.050159 4.862885 2.180560 5.371385 
1.204049 0.049669 0.049479 4.671351 5.817381 
0.678379 1.310666 0.049733 5.121633 6.364262 
0.045736 2.353465 0.050894 4.663983 5.823623 
0.676522 0.049590 1.949066 5.113868 6.380092 
0.050157 1.302813 1.949661 5.113699 6.379923 
0.045413 0.046945 3.507063 4.656098 5.833021 
0.572870 0.043299 0.043345 6.461787 5.392355 
0.046237 1.103321 0.044895 6.460847 5.397752 
0.047242 0.049953 1.647746 6.451877 5.413010 
0.044326 0.044435 0.044332 7.201932 4.510985 
1.461926 0.046940 0.047772 0.047912 7.112283 
1.112784 1.118359 0.045161 0.045839 8.063974 
0.579965 2.189190 0.045910 0.054867 8.051206 
0.045774 2.889603 0.045159 0.046274 7.075186 
1.117559 0.048803 1.643261 0.048493 8.071087 
0.620535 1.204603 1.780411 0.046925 8.709248 
0.049275 2.190399 1.646554 0.054875 8.051214 
0.578633 0.046577 3.251357 0.048372 8.070095 
0.046844 1.113604 3.260926 0.048629 8.057079 
0.044817 0.046179 4.289981 0.045466 7.111676 
1.115167 0.049658 0.048031 2.193445 8.067931 
0.620245 1.202535 0.046556 2.364206 8.708039 
0.045118 2.185238 0.050249 2.184127 8.059177 
0.625181 0.047978 1.789392 2.350014 8.702645 
0.045769 1.193319 1.784803 2.349639 8.709472 
0.047259 0.046793 3.260348 2.189801 8.055431 
0.577553 0.045596 0.044796 4.321323 8.064827 
0.047496 1.112740 0.047413 4.323623 8.067127 
0.046978 0.051940 1.653405 4.333347 8.054652 
0.045225 0.046004 0.045247 5.697660 7.121812 
0.940732 0.049369 0.047296 0.049767 8.991376 
0.518065 0.989087 0.048832 0.052914 9.480314 
0.045224 1.833176 0.044981 0.045906 8.989972 
0.512919 0.045990 1.456179 0.048258 9.475658 
0.044014 0.990318 1.458903 0.045271 9.469318 
0.045320 0.045543 2.738543 0.046060 8.981287 
0.515355 0.047328 0.046992 1.939174 9.476773 
0.043688 0.989254 0.043710 1.922366 9.472195 
0.044978 0.045561 1.455371 1.918147 9.478534 
0.043551 0.049266 0.043762 3.623056 8.986593 
0.437941 0.049246 0.048929 0.050975 9.857040 
0.043111 0.833279 0.044720 0.043978 9.845694 
0.043178 0.043561 1.215833 0.043475 9.850160 
0.045176 0.045458 0.046851 1.610118 9.851976 
0.044075 0.043969 0.043996 0.044537 10.043969 
