2.005345 0.006382 0.005375 0.006553 0.006838 
1.968756 0.778699 0.006552 0.007335 0.008526 
1.797057 1.800543 0.009304 0.009806 0.011097 
1.421922 2.839303 0.009295 0.009199 0.015342 
0.902455 3.594003 0.012856 0.012544 0.018898 
0.391273 3.928453 0.006651 0.004544 0.005589 
0.004773 4.004513 0.007436 0.004898 0.004548 
1.969138 0.006342 1.149830 0.006992 0.005978 
1.893184 0.946754 1.430016 0.008919 0.009335 
1.619263 2.171503 1.577152 0.021290 0.018231 
1.077367 3.217733 1.601338 0.010465 0.014793 
0.473487 3.798418 1.408351 0.018136 0.022403 
0.006229 3.928855 1.178147 0.007344 0.023845 
1.792511 0.005646 2.690348 0.005235 0.004290 
1.608554 1.074049 3.223443 0.007846 0.006944 
1.161854 2.309935 3.477367 0.009441 0.008397 
0.543920 3.211408 3.228429 0.011930 0.019235 
0.008287 3.583567 2.694829 0.010770 0.007419 
1.420486 0.010127 4.251755 0.014415 0.007105 
1.079509 1.068040 4.841113 0.018483 0.015014 
0.544789 2.154785 4.847461 0.025543 0.022560 
0.008424 2.835474 4.251388 0.010440 0.030646 
0.899638 0.007115 5.375730 0.007659 0.008631 
0.478388 0.950340 5.676124 0.015204 0.012916 
0.012459 1.797212 5.380961 0.013378 0.018734 
0.400839 0.007942 5.890734 0.010254 0.007972 
0.008625 0.797650 5.890622 0.012459 0.010426 
0.007244 0.006137 6.005257 0.009172 0.005492 
1.967749 0.007937 0.008755 1.565361 0.016798 
1.901002 0.945773 0.015184 1.908237 0.021120 
1.611719 2.154774 0.012783 2.185569 0.037475 
1.077892 3.227252 0.017534 2.151247 0.019859 
0.475832 3.784577 0.009765 1.886972 0.011752 
0.006984 3.929787 0.007379 1.568648 0.007646 
1.892733 0.007494 1.417158 1.898296 0.009182 
1.739333 1.152015 1.756128 2.313778 0.009093 
1.283948 2.565016 1.918689 2.558903 0.026709 
0.586100 3.474173 1.748369 2.342127 0.014079 
0.006294 3.775130 1.430236 1.894354 0.023297 
1.609893 0.006659 3.212246 2.151140 0.006669 
1.278364 1.275577 3.828903 2.560677 0.028768 
0.641485 2.529577 3.809301 2.573146 0.014172 
0.006685 3.209131 3.215641 2.156906 0.016219 
1.077826 0.015663 4.828070 2.165039 0.018728 
0.598813 1.166390 5.328409 2.323275 0.062384 
0.012388 2.150144 4.822208 2.154589 0.015919 
0.478128 0.007699 5.666380 1.885885 0.007859 
0.011087 0.952401 5.670726 1.884557 0.011176 
0.008208 0.017035 5.891188 1.575467 0.014530 
1.795207 0.008630 0.009532 3.589609 0.017038 
1.620741 1.071542 0.020748 4.331355 0.021907 
1.168985 2.324990 0.019400 4.655528 0.018489 
0.541811 3.206873 0.016255 4.309456 0.009625 
0.007147 3.585941 0.009204 3.579468 0.018266 
1.606198 0.006735 1.609268 4.296396 0.008940 
1.280761 1.276064 1.903874 5.137479 0.029597 
0.647266 2.576398 1.938733 5.163014 0.054875 
0.009348 3.214840 1.619868 4.278464 0.013894 
1.157098 0.011418 3.488636 4.635939 0.020854 
0.658770 1.305469 3.870647 5.189870 0.067269 
0.009704 2.320922 3.470947 4.628565 0.014433 
0.543668 0.026918 4.850342 4.310198 0.029352 
0.009771 1.088235 4.817124 4.283057 0.011252 
0.008110 0.007183 5.370255 3.590959 0.007713 
1.416545 0.008525 0.007521 5.677852 0.006400 
1.077682 1.069354 0.014992 6.454016 0.024803 
0.535731 2.150256 0.009647 6.427572 0.008710 
0.005235 2.828510 0.006843 5.671881 0.016098 
1.078045 0.011294 1.621350 6.422015 0.015798 
0.575437 1.148233 1.768784 6.944627 0.008297 
0.012817 2.145150 1.608468 6.435538 0.013484 
0.548022 0.030737 3.243747 6.459995 0.033730 
0.014823 1.083562 3.215752 6.434749 0.019705 
0.008317 0.007846 4.255995 5.657346 0.011914 
0.899531 0.010364 0.010071 7.174311 0.011703 
0.475826 0.951843 0.012368 7.562053 0.011730 
0.003815 1.781943 0.003823 7.169702 0.005488 
0.471200 0.008249 1.423790 7.553501 0.011216 
0.011655 0.957406 1.402733 7.560282 0.014576 
0.009081 0.008557 2.707641 7.152854 0.021639 
0.397458 0.006232 0.005391 7.850145 0.012003 
0.006394 0.790458 0.006447 7.850870 0.028285 
0.007889 0.007657 1.183439 7.852360 0.020710 
0.004506 0.004402 0.004186 8.004186 0.006094 
1.965952 0.007595 0.008131 0.005440 1.979918 
1.894772 0.939415 0.006257 0.007677 2.325141 
1.613075 2.139975 0.015149 0.006433 2.655049 
1.087587 3.248296 0.028438 0.028674 2.689944 
0.477930 3.781105 0.016149 0.008770 2.350801 
0.006176 3.928755 0.008169 0.006488 1.957741 
1.895228 0.009189 1.424282 0.013688 2.346885 
1.741582 1.157876 1.747544 0.009544 2.892299 
1.280901 2.545430 1.918871 0.018193 3.180381 
0.584050 3.485769 1.745316 0.015440 2.901013 
0.006328 3.777844 1.418031 0.009622 2.362003 
1.609791 0.007033 3.218275 0.007459 2.659362 
1.283149 1.278467 3.845811 0.023768 3.160895 
0.640318 2.548835 3.826692 0.049771 3.127901 
0.020296 3.236424 3.203639 0.021191 2.703252 
1.078091 0.014289 4.832590 0.016301 2.698490 
0.581283 1.166956 5.221366 0.013496 2.891445 
0.013849 2.155620 4.827019 0.014111 2.655210 
0.476519 0.006069 5.663913 0.006055 2.357949 
0.007894 0.955718 5.660827 0.014338 2.378258 
0.007425 0.005624 5.890274 0.006650 1.956985 
1.893261 0.008012 0.013776 1.888492 2.348872 
1.745809 1.151478 0.009655 2.310771 2.865880 
1.276592 2.550070 0.016264 2.552586 3.195992 
0.585345 3.475319 0.012012 2.327639 2.882280 
0.006499 3.777780 0.008674 1.899416 2.351309 
1.742362 0.011715 1.731530 2.329871 2.897179 
1.443085 1.428180 2.193664 2.866466 3.570740 
0.735707 2.900976 2.204459 2.890505 3.661604 
0.014411 3.484288 1.735057 2.316053 2.876199 
1.272611 0.013210 3.818942 2.545615 3.163672 
0.737489 1.466470 4.460833 2.917847 3.691900 
0.016619 2.543373 3.818205 2.542643 3.175420 
0.583863 0.020331 5.226912 2.321112 2.919074 
0.020906 1.161175 5.236930 2.303081 2.874233 
0.007919 0.005536 5.661313 1.886373 2.375090 
1.610501 0.007532 0.014798 4.289780 2.667550 
1.283638 1.278164 0.025769 5.124223 3.191774 
0.654417 2.570369 0.043664 5.148674 3.213763 
0.014348 3.231873 0.014364 4.272984 2.650405 
1.282473 0.016446 1.896123 5.083406 3.164231 
0.741693 1.493825 2.194494 5.906426 3.645134 
0.016640 2.555352 1.900928 5.074802 3.145249 
0.645314 0.030214 3.835051 5.110315 3.180940 
0.016646 1.287782 3.815449 5.066370 3.173901 
0.013894 0.022386 4.833847 4.277246 2.666745 
1.077660 0.013373 0.012432 6.442047 2.657805 
0.582744 1.159038 0.011465 6.952166 2.882697 
0.008489 2.139649 0.008501 6.434853 2.667898 
0.579103 0.014287 1.733754 6.960013 2.881085 
0.007775 1.161973 1.743992 6.938218 2.877885 
0.012063 0.014402 3.211598 6.438986 2.655297 
0.474706 0.009497 0.009087 7.563250 2.333700 
0.008454 0.950829 0.008530 7.556640 2.337705 
0.012601 0.011563 1.415996 7.559404 2.357248 
0.005974 0.007050 0.005836 7.850813 1.964917 
1.796824 0.012006 0.008699 0.012568 4.480018 
1.631195 1.085647 0.035453 0.039750 5.424250 
1.170518 2.326399 0.020501 0.021812 5.825840 
0.542528 3.222861 0.014902 0.016508 5.370351 
0.007964 3.585697 0.008326 0.009790 4.477498 
1.626687 0.037059 1.661646 0.037851 5.460767 
1.279359 1.282284 1.909331 0.019736 6.376916 
0.642904 2.585202 1.890036 0.037548 6.392447 
0.006292 3.214266 1.611727 0.007373 5.345786 
1.162587 0.014817 3.488788 0.014926 5.787530 
0.656379 1.270429 3.832275 0.031036 6.379376 
0.011195 2.325250 3.472031 0.013962 5.777573 
0.539743 0.009263 4.823425 0.009880 5.355602 
0.013555 1.080734 4.826639 0.015721 5.355109 
0.009967 0.008049 5.377409 0.011589 4.470820 
1.621043 0.021773 0.025609 2.145296 5.402034 
1.281533 1.279840 0.022157 2.564372 6.370407 
0.639599 2.554187 0.021938 2.564379 6.349809 
0.006435 3.212172 0.006506 2.166236 5.342999 
1.276259 0.014466 1.905436 2.547475 6.355239 
0.713538 1.422986 2.140128 2.839003 7.126293 
0.014839 2.543643 1.907758 2.548164 6.340525 
0.637812 0.019094 3.833934 2.511414 6.362695 
0.019296 1.274839 3.824176 2.568547 6.326184 
0.009146 0.003871 4.818190 2.132678 5.345740 
1.168029 0.014248 0.013922 4.642684 5.775527 
0.650071 1.277224 0.035725 5.124241 6.370014 
0.006989 2.312460 0.007792 4.628991 5.783167 
0.649445 0.030479 1.898954 5.119376 6.374836 
0.030998 1.315917 1.860330 5.107667 6.364442 
0.007494 0.007111 3.477306 4.624179 5.772608 
0.542593 0.025174 0.025523 6.463389 5.364508 
0.011169 1.074580 0.011162 6.437358 5.340730 
0.006940 0.006796 1.607732 6.429378 5.338599 
0.009592 0.005609 0.005611 7.168628 4.458613 
1.423532 0.010746 0.010642 0.011617 7.085917 
1.077642 1.072605 0.010238 0.008989 8.031837 
0.546576 2.155790 0.021561 0.022775 8.055166 
0.008428 2.839749 0.009638 0.010563 7.071640 
1.076262 0.007782 1.608978 0.008015 8.026813 
0.583794 1.161972 1.748126 0.011498 8.679440 
0.009043 2.146430 1.609094 0.015843 8.026425 
0.544084 0.014064 3.215477 0.013608 8.043381 
0.014605 1.081863 3.249892 0.016889 8.002122 
0.012605 0.008131 4.261177 0.012263 7.061432 
1.076061 0.006198 0.006737 2.147586 8.015211 
0.585137 1.164525 0.017858 2.334269 8.698064 
0.006441 2.148130 0.008484 2.148619 8.016476 
0.583421 0.009626 1.759236 2.292692 8.671186 
0.020051 1.162583 1.751014 2.312519 8.697006 
0.007334 0.005434 3.218035 2.158364 8.010920 
0.540646 0.016727 0.016715 4.305321 8.040984 
0.012699 1.073633 0.013203 4.298352 8.029187 
0.010041 0.009839 1.618591 4.328672 7.988012 
0.011666 0.011643 0.018441 5.691142 7.054245 
0.901475 0.007406 0.007910 0.014725 8.950337 
0.467251 0.940024 0.014911 0.013758 9.473981 
0.008518 1.800192 0.014224 0.008925 8.948919 
0.477563 0.007051 1.421851 0.009665 9.429980 
0.008412 0.952381 1.433873 0.009071 9.430558 
0.007583 0.018444 2.699974 0.020500 8.943289 
0.473651 0.009140 0.010576 1.888970 9.446696 
0.014355 0.950884 0.015798 1.920448 9.439525 
0.007268 0.006293 1.422185 1.898149 9.431714 
0.007589 0.007066 0.007066 3.605459 8.938363 
0.398566 0.008625 0.011020 0.009888 9.816154 
0.005942 0.787837 0.007514 0.011195 9.812958 
0.006336 0.007769 1.197439 0.006503 9.807161 
0.009823 0.008162 0.008123 1.593855 9.809701 
0.004780 0.003793 0.003753 0.004037 10.003733 
