2.047849 0.649043 0.125463 0.124470 0.087633 0.346344 0.083150 0.101855 0.119485 0.524119 
1.834288 1.873536 0.605443 1.553562 0.483950 0.096338 0.503382 0.457186 0.122987 0.122737 
0.959367 3.476570 1.864345 0.275778 1.383322 0.471570 0.109418 0.280378 0.312833 0.131853 
0.192071 4.070049 0.287590 0.102971 0.563784 0.333390 0.491063 0.469269 0.143324 0.122626 
1.988997 0.416515 1.864926 0.267908 0.094223 0.461674 0.093366 0.271052 0.295112 1.637309 
0.875389 2.293362 4.505127 0.110012 0.295979 1.175750 1.230447 0.169081 0.474616 0.864753 
0.176892 3.778148 2.424011 0.119730 0.581005 0.470975 0.507740 0.465465 0.161500 0.395754 
1.103338 0.374503 5.267002 0.229355 0.346349 0.112005 0.407162 0.230842 0.470164 1.889332 
0.353025 1.947911 5.272381 0.164829 0.094044 0.779652 0.246173 0.447135 2.205142 1.531252 
0.091052 0.246104 6.067528 0.103856 0.564018 0.132397 0.390027 0.473083 0.145305 0.853938 
1.898503 0.311909 0.175539 3.382198 0.542824 0.336766 1.057434 0.685422 0.144131 0.823337 
0.301803 3.706248 0.257083 3.222624 0.549458 0.319209 0.461865 0.454991 0.129261 0.799517 
1.186199 0.568984 4.089670 3.877783 0.089138 0.349911 0.320747 0.104704 0.162117 0.345382 
0.101172 2.349450 4.086848 3.874942 0.085944 0.346742 0.316568 0.101523 0.158930 0.093306 
0.084830 0.084626 5.780895 2.567719 0.443261 0.361350 0.090099 0.342590 0.099253 0.397895 
0.188713 1.176383 0.119687 7.772368 0.100171 0.341475 0.493980 0.687260 0.636149 0.124491 
0.077950 0.077898 1.728046 7.759681 0.436927 0.354645 0.083394 0.335885 0.092548 0.391190 
0.062046 0.112439 0.063619 8.042554 0.538526 0.104835 0.450811 0.607156 0.118136 0.345387 
1.940212 0.294371 0.189197 0.168622 3.835112 0.091600 0.254466 0.090850 0.512839 0.375697 
0.181744 1.961710 4.072826 0.141041 5.727854 0.191811 0.942966 0.128055 0.218175 0.132792 
0.128495 0.331735 5.304852 0.101462 4.974902 0.153749 0.104207 1.285813 0.387625 0.256633 
0.130199 0.177725 3.478363 4.949580 5.809983 0.458729 0.133932 0.218132 0.217682 0.197684 
0.160035 0.275790 0.456345 6.702064 5.414632 1.803653 1.210514 0.525648 0.464647 0.854784 
1.171333 0.228631 0.162298 0.175585 8.536363 0.113192 0.275434 0.172819 0.532832 1.871683 
0.400188 2.322364 0.151056 0.158917 8.187543 0.090610 0.205168 0.155764 1.613749 0.625401 
0.111260 0.244165 3.559517 0.091577 8.205618 0.091333 0.095150 1.230226 0.366611 0.227953 
0.105381 0.102888 1.018744 4.493378 8.276107 0.089634 0.244983 0.304422 0.118850 1.000918 
0.093888 0.126260 1.343287 0.104698 9.850429 0.615855 0.396174 0.479231 0.100460 0.860084 
1.694057 0.362807 1.712721 0.527992 0.089967 6.311754 0.089275 0.145154 0.291144 1.633219 
0.949794 2.403609 0.155159 1.454955 0.729501 8.272345 1.195988 0.935947 0.198131 0.529322 
0.134467 3.540449 0.423166 0.174698 1.222511 6.014753 1.182073 0.277745 0.607957 0.144885 
0.283510 0.152087 5.206669 0.254913 0.132423 6.164737 0.221287 0.136321 0.661951 0.962842 
0.193057 3.075191 0.387550 3.610039 0.626837 6.007772 1.176549 0.272493 0.127556 0.844812 
0.292856 0.131375 0.275937 7.216840 0.479424 5.489941 0.392196 0.273565 0.849316 0.485696 
1.086432 1.296685 0.466664 0.217890 6.333718 6.226771 0.602278 0.205064 0.821945 0.965478 
0.131823 2.290142 0.313090 0.878605 6.593010 6.316854 1.397245 0.141357 0.558450 0.152642 
0.121141 0.172409 2.963655 0.186315 6.430214 7.456735 0.287157 0.207161 0.267588 0.561789 
0.122773 0.107827 0.127899 4.024188 5.398343 8.405036 0.372049 0.205372 0.838708 0.244878 
0.254023 1.324803 0.136021 0.144834 0.727545 11.320874 0.127812 2.842969 0.300322 0.357882 
0.124735 0.116638 0.101740 0.108979 0.589642 12.076001 0.494973 0.477428 0.102963 0.107799 
0.761674 2.833851 0.396273 1.583703 0.166244 0.100855 8.782704 0.420709 0.568918 0.133491 
0.252119 3.605156 0.770983 0.336372 0.094942 0.090583 6.414175 0.099582 0.859205 0.835468 
0.925195 0.238085 2.828846 0.101177 0.220094 0.726934 11.092956 0.161204 0.474334 0.857801 
0.156496 2.310721 3.724857 0.134799 0.250512 0.919025 7.962667 0.151656 0.464088 0.846631 
0.087367 0.389052 4.959211 0.170480 0.153641 1.332042 7.943215 0.086000 0.444624 0.830261 
1.215999 0.386666 0.528538 4.781650 1.355008 0.458216 7.886861 0.143443 0.205814 3.129724 
0.206404 2.860908 0.173831 2.782238 0.574850 0.102546 9.003016 0.191686 0.122750 0.845374 
0.397408 0.195347 2.234905 3.504299 0.154832 0.508997 11.506629 0.618164 0.143516 0.099865 
0.158123 0.348554 0.124690 6.341885 0.150553 0.099015 8.781272 0.418938 0.538199 0.134006 
1.089677 0.291443 0.588189 0.784544 6.065762 0.104747 8.794988 0.127764 0.544815 0.392683 
0.104412 0.137592 3.055788 0.129958 6.669167 0.192548 8.098832 0.112379 0.192085 0.432358 
0.137020 0.118426 0.126487 4.607857 6.183114 0.121412 7.978288 0.215827 0.849163 0.255332 
0.081317 0.074236 0.073851 0.312060 9.642810 0.315952 3.912717 1.257764 0.917717 0.103286 
1.197121 0.303823 0.104458 0.167737 0.608153 6.417324 8.944358 2.001971 0.755851 0.125492 
0.177370 3.016796 0.532242 0.129517 0.233197 4.551006 7.962134 0.112904 0.463548 0.849185 
0.277545 0.141471 3.078184 0.191717 0.123725 7.104246 8.784003 2.055025 0.660161 0.373920 
0.131159 0.116948 0.123056 3.428016 4.589640 5.358047 9.362059 0.216142 0.848358 0.254528 
0.821822 0.386976 0.222116 0.907349 0.101788 2.863354 12.504729 0.132481 0.658016 1.037169 
0.126300 1.958041 0.171417 0.083960 0.301876 0.193051 12.413553 0.475775 0.133414 0.112716 
0.344889 0.187515 2.590824 1.037364 0.102565 0.333612 12.515649 0.201291 0.655637 0.088631 
0.124385 0.123532 0.288473 3.574494 0.331968 2.784906 12.306289 1.176555 0.176583 0.920318 
0.120202 0.103667 0.109337 0.489479 4.689956 0.167141 12.479865 1.289260 0.368935 0.122500 
0.116623 0.114205 0.112230 0.114159 0.256352 3.080257 13.675078 0.173088 0.115174 0.114959 
0.113190 0.150270 0.116309 0.123645 0.206186 0.113290 14.108311 0.132072 0.130327 0.139765 
1.974045 0.431461 0.262462 0.171871 0.730767 0.377329 0.124648 5.860651 0.168874 0.573508 
1.288835 0.507175 4.027511 0.254325 0.199918 0.751018 0.371144 7.244184 0.465808 2.009527 
0.102340 0.129118 5.449286 0.417150 0.687585 0.323189 0.107395 7.263820 0.151533 0.125693 
1.215396 0.167771 0.191020 5.497473 1.829172 0.277392 0.660896 7.585098 0.773058 0.560844 
0.193868 0.976909 3.338028 4.259982 0.151098 0.153290 0.120709 10.107175 0.272100 0.118547 
0.122478 0.109313 0.106954 7.177438 0.118926 0.094534 1.168803 7.382007 0.824391 0.530028 
0.191255 1.630582 0.816205 0.153202 6.755230 0.122066 0.124318 10.274226 0.468873 0.166225 
0.148573 0.719540 2.207839 0.151154 6.843915 0.126990 0.123641 10.210645 1.435969 0.880491 
0.181985 0.485688 0.198854 3.348899 4.895120 0.531344 0.839554 12.394360 0.646111 0.168571 
0.082018 0.081373 0.081336 0.243122 8.266260 0.905682 0.084375 9.199465 0.150276 0.089905 
1.389461 0.199217 0.824846 0.648078 1.059387 7.467684 0.132779 7.283734 1.335275 0.567150 
0.320048 0.134050 3.492322 0.322787 1.242628 6.748681 0.269472 6.991317 1.631889 8.136587 
0.383533 0.142471 0.287177 5.127872 1.368655 7.474588 0.129534 7.290383 0.873757 0.563904 
0.135148 0.338828 1.957248 0.240013 4.912320 6.777773 0.183591 9.696607 1.478146 0.265056 
0.260411 1.223012 0.431367 0.123773 1.943213 10.020995 0.124548 7.330546 0.407628 0.152579 
1.070776 0.635770 0.487718 0.152586 0.104154 0.462133 8.328888 10.191880 0.151212 0.107242 
0.119477 2.114206 0.489420 0.108538 0.104742 0.104578 8.324467 10.186171 0.107111 0.849464 
0.174363 0.682978 0.385088 1.621877 4.736240 0.169991 7.426031 9.258668 6.269955 2.152088 
0.105500 0.712754 0.084682 0.094758 2.295171 0.081030 11.258531 8.553669 1.605360 0.617011 
1.020334 0.565119 0.082721 0.177634 0.693375 0.591662 0.138950 14.015292 0.236156 0.560490 
0.082099 0.100166 3.689576 0.294495 0.325082 0.230903 0.248717 12.850109 0.139388 0.111861 
0.116130 0.114312 0.121490 3.980580 0.122302 0.097921 0.314231 14.064011 0.822554 0.534315 
0.323329 0.308230 0.196389 0.114290 1.942248 0.124663 7.157895 13.488560 0.185716 0.594114 
0.160996 3.832228 0.266357 0.352458 0.471151 0.105529 1.001452 0.120013 6.437420 0.256804 
0.914254 0.403056 4.594237 0.092529 0.092389 0.329246 0.224452 0.115141 9.196456 1.529730 
0.083861 0.232848 5.196259 0.235170 0.740559 0.135136 0.339787 0.417781 9.334178 0.846913 
1.371704 0.143999 0.198551 4.876883 0.384874 0.104151 0.914394 0.443584 8.851932 0.255599 
0.131221 2.705064 0.166208 4.394855 1.306188 0.105549 1.118195 0.614202 9.439461 0.256827 
0.083623 0.127257 0.085238 6.952530 0.493964 0.120695 0.092682 0.596875 9.123738 1.817740 
1.498693 0.631186 0.212381 0.553394 4.740742 0.101883 0.930852 0.182255 9.437848 0.175698 
0.120350 2.410227 0.170256 0.456689 6.365509 0.089077 0.922397 0.169871 9.289882 0.237186 
0.195266 0.170992 4.485271 0.065827 4.512876 0.372596 0.103128 0.613944 9.100078 0.223716 
0.112572 0.110115 1.012930 4.438090 6.416593 0.096823 0.228660 0.279068 9.624144 1.008348 
0.118345 0.150171 0.423808 0.436202 8.396982 0.167940 0.260979 0.120859 10.089140 1.186247 
1.267661 0.482369 0.611003 0.707487 0.953874 7.271980 0.827820 0.117052 8.824572 0.075451 
0.316505 1.598447 0.518999 0.675697 0.560754 9.569177 0.092305 0.474043 8.293280 0.116237 
0.123937 0.349068 4.040415 0.226378 0.598921 6.669773 0.337216 0.150661 9.199599 0.591617 
0.102385 0.115632 0.118830 0.459423 6.799249 6.635572 0.351483 0.164393 9.129604 0.605150 
0.089157 0.140866 0.863553 0.116078 0.188968 1.009926 12.418785 0.126354 7.916642 2.282777 
1.464132 0.854201 0.437148 0.177006 0.335058 0.082409 0.954751 9.580551 6.412735 0.510749 
0.457180 0.291752 4.253941 0.358248 0.351326 0.099587 0.968785 9.648349 6.429917 0.527931 
0.441839 0.288847 0.433281 6.083616 0.121325 0.586054 0.214241 6.429294 9.041531 0.535774 
0.095647 0.175185 2.619288 3.165318 0.355997 0.295754 6.509247 7.090998 9.357930 1.693832 
0.203543 0.188697 0.229347 0.163447 0.109848 3.268626 0.177874 13.271899 9.074068 0.992346 
0.821096 0.711451 0.458268 2.946597 0.099183 0.085069 0.087973 0.138688 15.208384 1.025805 
0.140546 0.166650 2.147396 0.450281 0.234095 0.163748 1.616638 0.495678 16.967190 0.208852 
0.087665 0.170280 0.133798 0.741747 0.256603 5.175017 0.252770 0.124237 16.304295 0.150482 
1.785055 0.984785 1.711596 1.171353 0.082257 0.426072 0.242022 1.208303 0.271107 7.144904 
0.116466 3.558135 0.408190 1.784652 1.248789 0.600933 1.062329 0.243499 0.516624 8.584535 
1.025531 0.314563 1.266694 4.964588 1.658626 0.334748 5.384742 0.225943 0.127165 9.452942 
0.532862 2.018866 0.347504 5.111584 0.131806 0.458129 0.124998 0.189965 0.188292 11.728593 
0.081917 0.112878 3.979159 3.034037 0.092542 0.126769 0.253991 0.218746 5.883484 11.701239 
1.323409 0.715444 0.497046 0.979683 6.493220 1.090534 0.243790 1.218903 0.454577 7.910200 
0.361919 2.127155 2.514064 0.171416 6.524736 1.120648 0.271180 0.119365 0.121597 7.937085 
0.781783 0.215188 0.566211 1.746188 0.117489 9.597400 0.098647 0.477149 0.092493 9.109684 
0.112267 0.101219 3.206662 0.806899 0.138047 7.875252 1.758918 0.238216 5.522996 8.852236 
0.086149 0.096356 1.673002 0.125721 6.569952 5.059931 0.100724 0.235150 0.138240 11.705390 
0.302768 2.781848 0.135248 1.129214 1.253881 0.536280 7.613463 1.822353 0.136460 9.136180 
0.092202 0.145848 2.821761 0.102947 0.137846 6.802884 6.998644 0.251209 0.363743 9.790340 
0.081074 0.231134 0.085758 6.460786 0.460288 0.430008 0.763364 7.178646 0.130366 8.085483 
0.082496 0.081960 0.081913 0.220773 7.553620 0.834431 0.083248 8.541613 0.145217 8.026348 
0.093152 0.126690 4.519224 1.025380 0.171699 0.136514 0.105069 0.229953 5.893222 11.710977 
0.095728 0.111418 0.182521 3.465286 0.158837 3.117818 0.103763 0.116376 14.220057 7.658012 
0.749522 0.260195 2.284373 0.127060 0.102367 0.236987 4.785692 0.324944 1.096746 16.159036 
0.095089 0.126649 0.095954 1.436739 4.534291 0.303389 0.501274 4.309460 3.530405 16.436731 
0.442237 1.511543 0.802529 0.142913 0.443266 4.705678 0.707008 0.141865 0.365181 16.608897 
0.170055 0.112228 0.129144 0.163855 2.930624 0.149892 7.718623 0.840406 1.155402 15.846056 
0.405717 1.367412 0.189848 0.134905 0.393984 0.097393 0.478788 6.632627 0.352565 16.906587 
1.035156 3.275246 1.488511 0.699857 0.929888 0.238668 3.575173 1.268433 0.348108 0.101673 
1.320791 0.606121 0.192850 6.125253 2.029717 0.129851 0.125174 2.775933 0.774996 0.364187 
0.341023 1.083339 0.124718 7.761448 0.105243 0.346043 0.498070 0.691108 0.640103 1.390641 
1.204601 0.647673 0.447420 2.487153 6.472966 1.089377 0.983714 0.628348 0.454007 7.909122 
0.130846 0.140923 0.817737 4.657166 7.826233 1.100763 0.147737 3.942117 1.979333 0.632103 
0.116807 0.093331 0.092052 0.711317 9.825917 0.337469 2.879798 1.275547 0.355222 0.119892 
0.140877 2.040790 2.290700 2.892941 2.475728 8.232298 0.408546 0.125875 0.127926 1.448094 
0.130620 0.336454 3.686751 2.871886 2.619748 8.231394 0.407891 0.125200 0.127251 1.455857 
0.150579 0.417044 0.114009 6.016090 2.310769 7.655592 0.391314 0.175042 0.345119 0.602771 
0.097842 0.853780 1.437944 1.366695 0.767270 11.357788 0.333653 0.118610 0.192528 0.110393 
1.715259 0.462546 2.140185 0.448850 1.880885 0.355564 6.028761 0.233714 0.122989 2.754569 
0.090025 0.528953 4.620310 0.181416 0.735338 0.772140 8.973468 1.298743 0.746735 0.113238 
0.324024 0.689017 0.445290 2.042766 6.065376 0.167464 9.539596 0.787848 5.093627 2.132700 
0.612209 2.453759 0.335890 1.353364 0.955593 0.098722 0.816739 11.959181 0.567057 0.131629 
0.117188 0.573459 3.881690 0.345468 1.371825 0.296721 5.736654 8.046326 1.630763 8.123407 
0.173752 0.443511 0.201168 2.997193 4.243875 0.478828 4.734548 12.268125 0.646609 0.171913 
0.098810 0.240859 0.180171 1.286054 0.408120 7.768373 0.354848 11.753794 3.490509 0.162122 
0.152399 0.650966 0.084505 0.093848 1.997425 0.081935 9.994567 10.601208 1.600528 0.617133 
0.551025 3.283297 1.603172 0.318332 0.441274 0.109110 0.138407 0.653435 9.130525 0.254184 
0.301194 1.523700 0.529878 0.645347 1.363379 9.564426 0.087496 0.465921 8.288469 0.112348 
0.640815 0.559816 0.206061 2.189818 0.107410 0.097088 0.099212 0.100473 16.610839 1.037863 
0.174266 1.501706 0.309652 1.748333 0.128239 9.558066 1.301327 0.487774 0.691457 9.120567 
0.139359 1.174673 0.282301 0.632122 3.154499 3.076290 1.177714 0.112844 14.216489 7.654444 
0.630399 0.213683 1.920925 0.106607 0.085840 0.083732 4.288378 0.277122 5.639448 16.142945 
