2.050242 0.050390 0.050323 0.050658 0.050669 0.050703 0.051645 0.052005 
1.839628 1.838335 0.050596 0.051069 0.052048 0.050608 0.050851 0.052278 
0.946346 3.627836 0.051160 0.052823 0.051108 0.052456 0.051629 0.052787 
0.050728 4.050367 0.051756 0.050983 0.050544 0.051294 0.050594 0.051863 
1.839063 0.050881 2.735042 0.052269 0.050819 0.051378 0.050725 0.052009 
1.205202 2.361519 3.512497 0.050788 0.050961 0.051580 0.050827 0.052040 
0.050342 3.627599 2.734945 0.051605 0.055978 0.052273 0.053302 0.051746 
0.944981 0.050551 5.416581 0.052311 0.050666 0.051371 0.051143 0.051749 
0.050351 1.839498 5.416457 0.052052 0.050610 0.050994 0.050444 0.050281 
0.050793 0.050402 6.050401 0.050804 0.050687 0.050857 0.051133 0.051858 
1.839178 0.051479 0.051324 3.628273 0.050777 0.050729 0.052801 0.051877 
1.204032 2.365481 0.053137 4.665015 0.051559 0.051209 0.051121 0.052300 
0.050451 3.628788 0.050808 3.625618 0.050514 0.051225 0.051288 0.050502 
1.204685 0.050926 3.519306 4.665561 0.052079 0.052253 0.050840 0.052053 
0.050997 2.359403 3.519207 4.665005 0.051027 0.052685 0.053482 0.050762 
0.051169 0.050905 5.417451 3.628641 0.054620 0.051811 0.052648 0.052886 
0.943866 0.050604 0.051212 7.207713 0.050817 0.051319 0.051205 0.051875 
0.050808 1.837195 0.051324 7.208082 0.050930 0.050964 0.050783 0.051986 
0.050583 0.050408 2.733185 7.206161 0.052514 0.050867 0.050687 0.051893 
0.050335 0.050264 0.050418 8.050263 0.050423 0.050611 0.053289 0.051812 
1.838663 0.050464 0.052010 0.051275 4.527695 0.051807 0.052774 0.051744 
1.204954 2.361201 0.051983 0.051302 5.824609 0.051504 0.056581 0.052184 
0.051139 3.630746 0.050844 0.050980 4.509887 0.050895 0.050921 0.051975 
1.205065 0.050679 3.513353 0.050837 5.827244 0.051298 0.050837 0.051974 
0.050775 2.361532 3.516335 0.052216 5.817003 0.051228 0.053289 0.053153 
0.050639 0.050722 5.418895 0.051256 4.516199 0.051833 0.050632 0.051475 
1.205643 0.050466 0.051084 4.668230 5.822039 0.050778 0.054077 0.052033 
0.050886 2.361064 0.051662 4.668301 5.822637 0.051405 0.051524 0.057563 
0.050238 0.051452 3.517703 4.670080 5.816780 0.050622 0.051620 0.054026 
0.050640 0.050444 0.052907 7.208401 4.516216 0.051850 0.050650 0.051492 
0.944600 0.051535 0.052235 0.052425 8.998890 0.052858 0.051725 0.052923 
0.050795 1.841193 0.051108 0.051274 8.992055 0.051723 0.050916 0.051797 
0.051000 0.050342 2.735075 0.050518 8.993403 0.051730 0.052719 0.051749 
0.050490 0.050451 0.050455 3.630092 8.993513 0.051033 0.051368 0.052006 
0.050213 0.050212 0.050312 0.050350 10.050212 0.050455 0.050570 0.051409 
1.839753 0.050889 0.050554 0.050665 0.050700 5.409650 0.051396 0.051770 
1.206267 2.362189 0.052407 0.051589 0.050805 6.967724 0.052826 0.052113 
0.050808 3.629363 0.050845 0.052107 0.051140 5.410001 0.050893 0.052689 
1.205311 0.050571 3.520777 0.052099 0.050565 6.963832 0.051851 0.055011 
0.050476 2.361084 3.509221 0.051049 0.050629 6.985735 0.051746 0.052241 
0.050375 0.051222 5.418722 0.052288 0.051997 5.409710 0.051171 0.051958 
1.205934 0.050833 0.050491 4.667938 0.050627 6.975868 0.053811 0.053965 
0.050545 2.361107 0.051427 4.668521 0.050606 6.975836 0.052199 0.053957 
0.050371 0.052142 3.518732 4.671541 0.051450 6.966482 0.050663 0.052880 
0.050618 0.050440 0.050438 7.208293 0.054724 5.409678 0.052595 0.053429 
1.204659 0.050590 0.053049 0.050500 5.823034 6.981763 0.052714 0.051591 
0.051100 2.359486 0.051949 0.051459 5.823554 6.982396 0.056805 0.052782 
0.053425 0.051806 3.511022 0.050978 5.821132 6.988826 0.051363 0.051821 
0.050628 0.050355 0.052048 4.667645 5.823049 6.981778 0.051606 0.051599 
0.050342 0.051282 0.050335 0.050339 8.998285 5.408036 0.050634 0.052579 
0.945820 0.050995 0.051131 0.052375 0.050715 10.780325 0.051517 0.051463 
0.050533 1.841207 0.050710 0.051437 0.050757 10.780764 0.053249 0.050754 
0.050458 0.050513 2.746942 0.050509 0.050456 10.770080 0.051892 0.051787 
0.050540 0.050255 0.050878 3.637845 0.050380 10.775945 0.053271 0.051650 
0.050530 0.050544 0.050553 0.050565 4.527575 10.780694 0.050627 0.051686 
0.050252 0.050192 0.050308 0.050209 0.050264 12.050192 0.050386 0.050247 
1.840008 0.050520 0.051849 0.052029 0.050916 0.051116 6.299084 0.052106 
1.206670 2.358891 0.050431 0.050938 0.050702 0.050883 8.125466 0.051341 
0.050829 3.630140 0.051177 0.053662 0.051269 0.051686 6.299493 0.055573 
1.204290 0.050905 3.518453 0.051280 0.051038 0.050814 8.133586 0.052572 
0.050460 2.359701 3.516829 0.054371 0.051372 0.055648 8.127754 0.050382 
0.050639 0.051079 5.416559 0.051652 0.050767 0.051690 6.313476 0.055619 
1.205282 0.050853 0.051596 4.666605 0.050984 0.051307 8.136673 0.052092 
0.050366 2.360409 0.050587 4.667134 0.051719 0.051344 8.134546 0.052198 
0.050280 0.050631 3.513797 4.665057 0.050318 0.051608 8.141585 0.052244 
0.050356 0.050314 0.051551 7.207053 0.050715 0.050940 6.306666 0.051356 
1.204495 0.050760 0.050588 0.050763 5.824056 0.050412 8.136831 0.051756 
0.050657 2.359744 0.052159 0.051020 5.824515 0.050707 8.131732 0.050485 
0.050435 0.050773 3.515784 0.050742 5.822857 0.053505 8.131896 0.052168 
0.050384 0.050290 0.052175 4.667738 5.829384 0.051393 8.127727 0.051374 
0.050286 0.050320 0.050338 0.050348 8.996119 0.051023 6.306886 0.052189 
1.206562 0.052898 0.052551 0.053431 0.052448 6.978732 8.125956 0.052216 
0.051015 2.365821 0.052460 0.052921 0.050966 6.963427 8.132183 0.052485 
0.052167 0.050926 3.514735 0.050462 0.050796 6.983137 8.127384 0.052191 
0.050317 0.051194 0.050236 4.669241 0.050343 6.982757 8.127652 0.052121 
0.050296 0.050295 0.050295 0.050392 5.828502 6.974155 8.131675 0.051550 
0.050300 0.050454 0.050333 0.050282 0.050282 10.781510 6.315699 0.051673 
0.946544 0.050540 0.050700 0.050670 0.050631 0.050488 12.566571 0.050712 
0.051214 1.842557 0.050633 0.050682 0.051090 0.050432 12.566536 0.051803 
0.050848 0.052208 2.734824 0.050627 0.050562 0.050820 12.571004 0.052044 
0.050478 0.050333 0.050756 3.629583 0.050613 0.050726 12.570950 0.051370 
0.050287 0.050264 0.050264 0.050264 4.527216 0.050332 12.568871 0.050528 
0.050950 0.050201 0.051868 0.050407 0.050515 5.423537 12.568159 0.051956 
0.050382 0.050491 0.050505 0.050526 0.050390 0.050369 14.050369 0.050486 
1.839688 0.052330 0.051134 0.051070 0.050852 0.051769 0.050746 7.200521 
1.204543 2.363092 0.050880 0.050384 0.050677 0.050574 0.050652 9.278834 
0.050945 3.627281 0.051096 0.052237 0.051513 0.051996 0.051432 7.215410 
1.205849 0.050742 3.518392 0.051481 0.050908 0.051161 0.052085 9.274230 
0.052411 2.361658 3.518975 0.052570 0.051889 0.051748 0.052668 9.274814 
0.050948 0.050632 5.417197 0.050914 0.054057 0.053277 0.050846 7.205323 
1.205067 0.051100 0.051423 4.672326 0.053091 0.051515 0.050669 9.282049 
0.050920 2.361656 0.050994 4.669323 0.051356 0.052140 0.051896 9.282706 
0.050941 0.050770 3.514346 4.665626 0.051997 0.051519 0.050966 9.297577 
0.050836 0.050184 0.051150 7.208391 0.050572 0.051021 0.051743 7.194432 
1.205896 0.051180 0.053211 0.050969 5.825276 0.051546 0.051821 9.283147 
0.050354 2.360316 0.050876 0.051170 5.826379 0.050700 0.051678 9.280828 
0.051827 0.051579 3.515848 0.052331 5.828273 0.052697 0.053030 9.283437 
0.050788 0.050720 0.052559 4.671305 5.825246 0.051525 0.051791 9.283116 
0.050285 0.050295 0.050282 0.050453 8.993582 0.050593 0.052392 7.208809 
1.206535 0.051253 0.051922 0.053481 0.052500 6.977621 0.051360 9.281842 
0.050363 2.361822 0.051361 0.053362 0.050838 6.977285 0.051645 9.281413 
0.051504 0.050612 3.515426 0.050695 0.050740 6.984148 0.050907 9.279193 
0.050288 0.050314 0.050300 4.689145 0.050603 6.953042 0.051499 9.281275 
0.050394 0.050652 0.050289 0.051498 5.827777 6.980521 0.051215 9.278804 
0.050837 0.050864 0.050837 0.052594 0.050837 10.784261 0.051156 7.205458 
1.206748 0.051058 0.052198 0.052488 0.050873 0.051419 8.127507 9.282156 
0.050462 2.364967 0.050825 0.051027 0.051735 0.051395 8.120554 9.282195 
0.050402 0.050729 3.519376 0.050692 0.050439 0.050859 8.127973 9.281096 
0.050538 0.050248 0.050520 4.675518 0.050607 0.050940 8.127538 9.281228 
0.050456 0.050307 0.050617 0.053345 5.823286 0.051255 8.130663 9.291652 
0.050196 0.050195 0.050199 0.050201 0.050527 6.977790 8.130494 9.291581 
0.050335 0.050836 0.053461 0.051882 0.050346 0.053851 12.570651 7.209543 
0.945983 0.051118 0.050731 0.050576 0.050744 0.051280 0.050956 14.357347 
0.050608 1.837478 0.050867 0.050667 0.050884 0.051137 0.051204 14.365087 
0.050835 0.050780 2.741655 0.051128 0.050828 0.050911 0.050785 14.351182 
0.050676 0.050254 0.050894 3.631071 0.051111 0.050681 0.050320 14.357978 
0.050320 0.050249 0.050524 0.053397 4.526238 0.050236 0.051721 14.357942 
0.050378 0.050343 0.050343 0.050343 0.050424 5.419627 0.050653 14.359363 
0.050792 0.050208 0.051967 0.053516 0.050474 0.050213 6.299128 14.367929 
0.050330 0.050223 0.050343 0.050165 0.050175 0.050165 0.050326 16.050164 
1.971118 0.478008 0.691417 0.894014 1.129375 1.359267 1.525785 1.735262 
1.389375 2.740127 0.849494 1.108341 1.377541 1.640937 1.891582 2.222831 
0.262568 3.894811 0.686813 0.880838 1.111602 1.304743 1.519094 1.699739 
1.392125 0.580729 4.054652 1.106329 1.405378 1.651101 1.925143 2.186329 
0.320125 2.733484 4.058402 1.131069 1.377662 1.653277 1.910966 2.185589 
0.265450 0.474127 5.804364 0.904510 1.141822 1.335277 1.583650 1.756739 
1.389669 0.577646 0.844457 5.408683 1.378678 1.652046 1.945385 2.187689 
0.318653 2.725869 0.838920 5.410856 1.376657 1.652419 1.913224 2.172012 
0.315387 0.582393 4.064909 5.406984 1.429409 1.650231 1.965600 2.189912 
0.268238 0.479291 0.688292 7.739135 1.105805 1.302679 1.560131 1.730925 
1.388023 0.583809 0.867060 1.118806 6.733718 1.647091 1.884281 2.166072 
0.314855 2.735683 0.842787 1.112912 6.738947 1.647091 1.922519 2.187021 
0.307981 0.580459 4.071883 1.127235 6.733510 1.647656 1.902115 2.165277 
0.316750 0.581075 0.866350 5.398475 6.730046 1.675662 1.884188 2.182602 
0.259536 0.466205 0.676733 0.896513 9.688202 1.354178 1.553973 1.727483 
1.388772 0.571834 0.878045 1.118068 1.385153 8.068099 1.928748 2.194138 
0.315030 2.725893 0.849624 1.127126 1.432098 8.056589 1.931422 2.159631 
0.315163 0.585287 4.068183 1.104805 1.396574 8.090823 1.941457 2.196298 
0.316508 0.593619 0.839103 5.408663 1.385089 8.053513 1.923533 2.188629 
0.316502 0.582830 0.837169 1.104278 6.744605 8.085400 1.926673 2.157926 
0.263126 0.476022 0.694605 0.910324 1.121102 11.567113 1.526310 1.707751 
1.384681 0.601120 0.845056 1.126064 1.390976 1.663070 9.436249 2.120726 
0.315962 2.720554 0.850010 1.126119 1.387256 1.662864 9.433765 2.156362 
0.311648 0.579403 4.077289 1.118415 1.360214 1.642878 9.454990 2.130552 
0.319255 0.570145 0.854203 5.410324 1.405320 1.654262 9.413662 2.201557 
0.316828 0.588747 0.853017 1.123472 6.722738 1.656333 9.413743 2.191613 
0.315355 0.581279 0.851767 1.105610 1.405619 8.063715 9.429113 2.169697 
0.256327 0.472646 0.672088 0.883843 1.111506 1.286434 13.510555 1.764715 
1.391507 0.580559 0.852577 1.109874 1.418535 1.672160 1.951408 10.691431 
0.320746 2.730002 0.845337 1.128439 1.402639 1.669956 1.931348 10.783199 
0.315746 0.583068 4.088233 1.108342 1.385510 1.659755 1.902809 10.710675 
0.324154 0.597218 0.860492 5.398799 1.409994 1.655067 1.900986 10.733799 
0.316817 0.587105 0.849941 1.130973 6.730149 1.654360 1.928404 10.749371 
0.322363 0.594267 0.853911 1.085546 1.376420 8.075379 1.945607 10.733376 
0.321503 0.585682 0.854783 1.126341 1.383255 1.655161 9.430035 10.761643 
0.264044 0.478147 0.686759 0.925368 1.114786 1.318215 1.578756 15.397144 
