2.056237 0.058456 0.057314 0.057842 0.057638 
2.016854 0.824342 0.055344 0.055709 0.055674 
1.845570 1.857435 0.059984 0.064186 0.065775 
1.467851 2.883785 0.054954 0.054571 0.056510 
0.947923 3.643622 0.060607 0.064810 0.066398 
0.442022 3.987159 0.063461 0.060871 0.061438 
0.054592 4.054208 0.054555 0.058447 0.059042 
2.018500 0.057723 1.230884 0.059190 0.057966 
1.955659 0.983405 1.471988 0.067932 0.070216 
1.665325 2.206178 1.669610 0.063770 0.066166 
1.125940 3.269803 1.650458 0.058757 0.058992 
0.526994 3.835736 1.468341 0.060917 0.062390 
0.061564 3.984935 1.222486 0.061133 0.066312 
1.842827 0.055988 2.747992 0.056418 0.060571 
1.673280 1.117700 3.288982 0.071290 0.069182 
1.204553 2.365592 3.531007 0.055638 0.055171 
0.587572 3.272176 3.252136 0.062899 0.057874 
0.060107 3.636372 2.744515 0.061447 0.060323 
1.465218 0.056109 4.310523 0.057373 0.058619 
1.129649 1.118433 4.876477 0.064590 0.071738 
0.589647 2.196053 4.867999 0.060528 0.060200 
0.059416 2.887494 4.299652 0.061453 0.059048 
0.948016 0.061027 5.435942 0.063094 0.060918 
0.533818 0.999212 5.727961 0.065683 0.066369 
0.060577 1.839144 5.431506 0.068161 0.063725 
0.446909 0.054792 5.937666 0.056410 0.055192 
0.056720 0.843630 5.938726 0.056603 0.057618 
0.057997 0.059372 6.057553 0.067185 0.062588 
2.017209 0.054590 0.073986 1.591434 0.056148 
1.949910 0.993549 0.062626 1.931654 0.062281 
1.661773 2.204434 0.059627 2.169707 0.062619 
1.125974 3.266515 0.059754 2.206594 0.059649 
0.521368 3.836628 0.059567 1.934963 0.059924 
0.052498 3.977764 0.052601 1.589352 0.053932 
1.940865 0.055744 1.478625 1.935917 0.064746 
1.796788 1.202403 1.808854 2.341186 0.061985 
1.323033 2.588657 1.971573 2.575337 0.061257 
0.633882 3.532163 1.779554 2.366756 0.065386 
0.064216 3.833140 1.485683 1.942975 0.069955 
1.662571 0.060628 3.271675 2.192188 0.059970 
1.325052 1.308183 3.883730 2.580212 0.063423 
0.692469 2.586455 3.912280 2.610735 0.076219 
0.059012 3.266654 3.266514 2.191393 0.059174 
1.125700 0.057235 4.869334 2.193831 0.060547 
0.640999 1.219909 5.270284 2.342873 0.069916 
0.058156 2.186427 4.883048 2.174571 0.064372 
0.524966 0.058068 5.717583 1.938520 0.058985 
0.057505 0.978074 5.721403 1.945962 0.059097 
0.058021 0.059993 5.944822 1.604634 0.058096 
1.846310 0.059580 0.065966 3.641243 0.058992 
1.662101 1.123206 0.061432 4.348000 0.070901 
1.216390 2.372460 0.062799 4.681275 0.064364 
0.589745 3.274489 0.063792 4.324865 0.065046 
0.054083 3.631537 0.054706 3.628728 0.054908 
1.669177 0.068013 1.668125 4.356309 0.074067 
1.322989 1.323099 1.954543 5.105592 0.058150 
0.685283 2.608225 1.981355 5.123875 0.072434 
0.059980 3.273888 1.661641 4.313136 0.072762 
1.212285 0.058257 3.532499 4.657055 0.063499 
0.692177 1.325345 3.874154 5.111293 0.067993 
0.058057 2.358461 3.532037 4.677699 0.060526 
0.592195 0.060993 4.881605 4.313940 0.059662 
0.060137 1.125925 4.882139 4.314474 0.060074 
0.055357 0.053655 5.424711 3.619348 0.056127 
1.465734 0.054722 0.056683 5.721729 0.054598 
1.125332 1.126810 0.062269 6.492294 0.063081 
0.585897 2.193445 0.061927 6.496487 0.065332 
0.058072 2.888251 0.059409 5.710044 0.058527 
1.125949 0.061354 1.668347 6.459626 0.060062 
0.631005 1.212570 1.784628 6.988645 0.057300 
0.059369 2.196801 1.664380 6.459868 0.069959 
0.594362 0.073346 3.283066 6.467805 0.063343 
0.060621 1.122060 3.282200 6.465445 0.061459 
0.054128 0.054248 4.314071 5.687806 0.067546 
0.951696 0.060358 0.060274 7.219781 0.062671 
0.522043 0.998312 0.061447 7.615093 0.063588 
0.056583 1.850317 0.059938 7.206451 0.063881 
0.525108 0.056540 1.491424 7.590938 0.056286 
0.058765 0.992078 1.484014 7.601308 0.062975 
0.056681 0.056553 2.764236 7.194836 0.056267 
0.451074 0.060328 0.057272 7.899316 0.059951 
0.055826 0.842380 0.061546 7.897505 0.058394 
0.054313 0.054567 1.230841 7.898904 0.057635 
0.057776 0.055416 0.055412 8.055387 0.060162 
2.019691 0.059685 0.058607 0.059883 2.011760 
1.946592 0.996090 0.060584 0.061889 2.416850 
1.666892 2.200910 0.064444 0.066629 2.707024 
1.128839 3.270624 0.064486 0.062945 2.724532 
0.532558 3.840601 0.071424 0.068479 2.420843 
0.059281 3.980753 0.065256 0.060806 2.018650 
1.944235 0.059442 1.481919 0.062160 2.403154 
1.795671 1.216103 1.789820 0.062646 2.939256 
1.313810 2.606564 1.967917 0.058028 3.174438 
0.636821 3.532793 1.797826 0.063969 2.929486 
0.060261 3.829892 1.482497 0.075088 2.411058 
1.662079 0.063144 3.285608 0.064098 2.742490 
1.323249 1.312648 3.860965 0.060692 3.225078 
0.688396 2.582298 3.877581 0.063463 3.224056 
0.058840 3.264775 3.271151 0.062198 2.715413 
1.124363 0.062701 4.887904 0.062765 2.730634 
0.628011 1.202698 5.272989 0.064242 2.921279 
0.056903 2.188263 4.878035 0.057917 2.700250 
0.526466 0.059465 5.722066 0.061526 2.392420 
0.060185 0.998007 5.719607 0.063749 2.411699 
0.056315 0.057035 5.941897 0.058809 1.999737 
1.945083 0.058025 0.062350 1.927173 2.402359 
1.788486 1.220766 0.057494 2.342574 2.944686 
1.321969 2.591940 0.061164 2.590228 3.209991 
0.631596 3.528272 0.058835 2.337819 2.945654 
0.055365 3.828175 0.059547 1.926307 2.410753 
1.792102 0.060790 1.797466 2.370149 2.940450 
1.485816 1.465348 2.201246 2.898904 3.598809 
0.754504 2.908457 2.192177 2.906142 3.607568 
0.059295 3.528192 1.808112 2.327865 2.920537 
1.317211 0.061201 3.882141 2.583764 3.211250 
0.759607 1.477955 4.324152 2.887018 3.613166 
0.060913 2.586075 3.871642 2.561369 3.207397 
0.628975 0.054423 5.257575 2.340381 2.947316 
0.062257 1.226486 5.267165 2.331327 2.928917 
0.054527 0.053924 5.721088 1.902232 2.383051 
1.661899 0.060794 0.060842 4.338597 2.748413 
1.325781 1.339298 0.066423 5.146647 3.211673 
0.694549 2.595058 0.065402 5.122500 3.193165 
0.061417 3.268256 0.066980 4.333165 2.741533 
1.330483 0.066183 1.959232 5.131965 3.212150 
0.768871 1.478446 2.195600 5.736539 3.600320 
0.057517 2.589418 1.969901 5.081790 3.267284 
0.693232 0.058017 3.863066 5.102667 3.206316 
0.056498 1.308646 3.865936 5.106071 3.221965 
0.055029 0.054077 4.875139 4.309192 2.727282 
1.128293 0.065560 0.067185 6.491356 2.752733 
0.634407 1.201443 0.061231 6.995640 2.946517 
0.058531 2.203394 0.062749 6.468969 2.707814 
0.639560 0.059838 1.779827 6.990029 2.945171 
0.061265 1.220221 1.801328 6.984868 2.933158 
0.056852 0.056449 3.285406 6.455298 2.713250 
0.526478 0.063203 0.064566 7.613721 2.416164 
0.057200 0.999846 0.058247 7.598752 2.413411 
0.056324 0.062531 1.471286 7.598556 2.413214 
0.058179 0.058129 0.058703 7.900854 2.025998 
1.848068 0.062600 0.062319 0.061611 4.553870 
1.659717 1.124062 0.058532 0.060375 5.411832 
1.211777 2.373842 0.061550 0.072777 5.809935 
0.580468 3.276061 0.061172 0.061284 5.413604 
0.058142 3.637978 0.067741 0.058643 4.515990 
1.667892 0.063541 1.648316 0.063570 5.377175 
1.319680 1.312906 1.962500 0.056254 6.362553 
0.690517 2.588139 1.968273 0.062131 6.396618 
0.055611 3.271235 1.660580 0.073308 5.366024 
1.204525 0.056380 3.534378 0.057699 5.836107 
0.692888 1.318572 3.887623 0.073885 6.424055 
0.059518 2.370294 3.533002 0.059635 5.808296 
0.587929 0.060349 4.888375 0.060890 5.376087 
0.058142 1.130565 4.869509 0.062279 5.395679 
0.056406 0.056789 5.428454 0.056558 4.508523 
1.667025 0.064329 0.065338 2.196040 5.409279 
1.326569 1.330145 0.060666 2.578436 6.364566 
0.687765 2.596447 0.059582 2.587795 6.363484 
0.055691 3.266222 0.055142 2.188703 5.387826 
1.329287 0.065038 1.965508 2.571130 6.392945 
0.763697 1.476206 2.181031 2.876283 7.133810 
0.057466 2.591669 1.973170 2.581770 6.357768 
0.682685 0.057289 3.868071 2.604635 6.357086 
0.063312 1.319897 3.864139 2.607096 6.359547 
0.058952 0.056794 4.872357 2.178350 5.399675 
1.214777 0.069813 0.064718 4.696292 5.835343 
0.689296 1.331786 0.062582 5.132857 6.381686 
0.058200 2.365423 0.058678 4.666221 5.848809 
0.683878 0.065551 1.954464 5.129107 6.400391 
0.058496 1.312955 1.974193 5.105368 6.390040 
0.057171 0.057122 3.538426 4.661066 5.820417 
0.597075 0.064379 0.067641 6.469825 5.411638 
0.060334 1.120387 0.060917 6.486830 5.392905 
0.058282 0.059186 1.684998 6.465056 5.397729 
0.057473 0.057586 0.066953 7.201094 4.558942 
1.469400 0.056658 0.056911 0.057035 7.124464 
1.125722 1.114640 0.057270 0.056994 8.084260 
0.588679 2.209438 0.060211 0.060171 8.066074 
0.056972 2.880372 0.061515 0.053646 7.128568 
1.128824 0.060286 1.667887 0.062714 8.073692 
0.635403 1.215331 1.796738 0.063173 8.724740 
0.061006 2.192014 1.665052 0.064598 8.081887 
0.588714 0.062226 3.281371 0.060234 8.071213 
0.057822 1.134482 3.276125 0.058379 8.056306 
0.059992 0.064102 4.315927 0.062131 7.105256 
1.139651 0.070970 0.071748 2.185257 8.097149 
0.631321 1.209523 0.059490 2.352823 8.730482 
0.059110 2.196176 0.062800 2.191199 8.080948 
0.635270 0.060793 1.820805 2.354985 8.715652 
0.058905 1.213478 1.783988 2.341288 8.733334 
0.056157 0.056811 3.291147 2.162870 8.055268 
0.584863 0.058925 0.061819 4.351636 8.076897 
0.057421 1.112182 0.059118 4.344971 8.074185 
0.057742 0.058515 1.660934 4.337093 8.073086 
0.055848 0.056045 0.058628 5.719485 7.118422 
0.948120 0.057658 0.057664 0.056204 9.006149 
0.528853 1.000081 0.064403 0.065059 9.501147 
0.060999 1.838903 0.056404 0.054944 9.004889 
0.526177 0.057554 1.472643 0.057787 9.487943 
0.057007 0.994011 1.471156 0.056539 9.486695 
0.057894 0.061055 2.755871 0.054599 8.983643 
0.527687 0.060946 0.058019 1.930729 9.490699 
0.055755 1.000648 0.056725 1.943430 9.481601 
0.057078 0.056865 1.481820 1.952375 9.477340 
0.053879 0.059829 0.054270 3.622018 9.003858 
0.448050 0.058603 0.055238 0.054916 9.859434 
0.057583 0.826828 0.056330 0.056222 9.868302 
0.055020 0.055100 1.235212 0.055088 9.859659 
0.056741 0.055654 0.055624 1.652540 9.854341 
0.054323 0.054386 0.054472 0.054303 10.054301 
