2.003462 0.005045 0.003908 0.003470 0.003557 0.006440 0.004853 0.004872 
1.793900 1.789466 0.005087 0.004229 0.005402 0.013269 0.005362 0.005580 
0.900190 3.585565 0.008136 0.008068 0.009485 0.006903 0.007195 0.008212 
0.003785 4.002669 0.003125 0.003892 0.004922 0.005198 0.009816 0.004553 
1.792844 0.004979 2.689500 0.005623 0.005220 0.004492 0.006367 0.008285 
1.165830 2.330820 3.492021 0.019478 0.017526 0.017219 0.017281 0.020483 
0.004185 3.577576 2.697610 0.006107 0.005045 0.003595 0.010623 0.006606 
0.893292 0.005663 5.379492 0.006422 0.005295 0.012536 0.007171 0.005028 
0.005287 1.790455 5.373898 0.006297 0.005264 0.009484 0.009212 0.008546 
0.003266 0.002673 6.002597 0.008328 0.005082 0.002682 0.003922 0.009679 
1.792910 0.004199 0.004158 3.575893 0.004967 0.003532 0.014328 0.003690 
1.174794 2.335853 0.028068 4.658555 0.025043 0.025370 0.025240 0.024827 
0.005116 3.584339 0.004980 3.574979 0.006380 0.004798 0.005928 0.005850 
1.161039 0.007057 3.475167 4.621000 0.010020 0.006762 0.007832 0.006819 
0.011365 2.325369 3.476229 4.617228 0.012163 0.017489 0.019548 0.018115 
0.004484 0.003948 5.376570 3.565447 0.004013 0.009145 0.004158 0.005008 
0.899021 0.005055 0.004487 7.159207 0.005956 0.004420 0.004765 0.004439 
0.004319 1.796059 0.004236 7.156024 0.004504 0.007814 0.005492 0.003914 
0.004769 0.004515 2.697908 7.153035 0.007171 0.004578 0.005535 0.004565 
0.003462 0.002815 0.002815 8.002781 0.003430 0.002901 0.004758 0.002946 
1.794017 0.006212 0.004602 0.005476 4.465293 0.004121 0.009207 0.011265 
1.159331 2.314264 0.004879 0.004617 5.775861 0.004479 0.004897 0.004581 
0.004360 3.583111 0.004234 0.003990 4.467883 0.003798 0.013899 0.003847 
1.161802 0.007150 3.476793 0.007749 5.768885 0.012852 0.007032 0.007742 
0.008863 2.320682 3.478946 0.009337 5.763696 0.008593 0.008544 0.008638 
0.004489 0.003932 5.372425 0.008320 4.469619 0.009137 0.005736 0.005039 
1.161888 0.004878 0.005003 4.617458 5.773973 0.006740 0.006922 0.005614 
0.011445 2.319578 0.012187 4.630561 5.784625 0.010851 0.015162 0.011035 
0.008949 0.005983 3.474220 4.626453 5.769913 0.010515 0.005966 0.006906 
0.005117 0.004579 0.004488 7.162794 4.469381 0.004680 0.005260 0.011269 
0.902942 0.005708 0.006584 0.006958 8.942736 0.007744 0.006469 0.009507 
0.004130 1.794976 0.004278 0.004071 8.945503 0.004834 0.005010 0.016575 
0.003940 0.003891 2.693818 0.004454 8.942601 0.004330 0.004478 0.006951 
0.004787 0.004638 0.004615 3.589703 8.944268 0.004715 0.006322 0.005887 
0.003289 0.002649 0.002559 0.002561 10.002558 0.002608 0.003830 0.002669 
1.793847 0.002914 0.003428 0.004587 0.005348 5.343302 0.004180 0.006241 
1.168040 2.322511 0.015517 0.017858 0.015231 6.959349 0.020648 0.015485 
0.004165 3.584370 0.004858 0.005140 0.003925 5.351512 0.010712 0.006715 
1.162021 0.005517 3.472820 0.005209 0.005501 6.913122 0.005792 0.005288 
0.006720 2.320967 3.461428 0.027179 0.006301 6.936386 0.006536 0.006852 
0.002989 0.002786 5.372536 0.003000 0.002890 5.356526 0.003140 0.003296 
1.159917 0.005222 0.005390 4.623541 0.005711 6.933490 0.006293 0.005313 
0.003912 2.312692 0.004166 4.623878 0.003876 6.929288 0.012607 0.003939 
0.009437 0.008638 3.466704 4.631236 0.008676 6.942697 0.008890 0.009431 
0.006750 0.002817 0.003033 7.153812 0.004262 5.382557 0.004567 0.005948 
1.158097 0.006472 0.005331 0.006071 5.784657 6.929555 0.009120 0.004472 
0.004048 2.308655 0.004107 0.003808 5.774726 6.948086 0.013142 0.003686 
0.005306 0.004966 3.477573 0.007806 5.758665 6.939806 0.005375 0.006910 
0.005690 0.005673 0.005673 4.626388 5.787669 6.920795 0.006234 0.005907 
0.005034 0.004397 0.004371 0.004517 8.947436 5.373582 0.009066 0.010883 
0.900123 0.004614 0.003678 0.004175 0.006196 10.729933 0.008433 0.003650 
0.004551 1.798034 0.004107 0.004215 0.010671 10.727973 0.003882 0.005473 
0.003189 0.004529 2.699380 0.003072 0.003513 10.723123 0.009081 0.009125 
0.004794 0.004713 0.004713 3.582496 0.005402 10.737783 0.006432 0.011443 
0.006386 0.004511 0.004507 0.004515 4.483701 10.733388 0.004938 0.004512 
0.004143 0.002660 0.002521 0.002521 0.002592 12.002514 0.002962 0.002645 
1.792944 0.003800 0.003557 0.003427 0.005845 0.003315 6.252115 0.003504 
1.162182 2.322996 0.009674 0.009293 0.009840 0.009383 8.089674 0.009424 
0.005418 3.585635 0.004816 0.005615 0.004940 0.012194 6.242043 0.005141 
1.160908 0.006709 3.482793 0.007003 0.006007 0.013085 8.056891 0.009933 
0.009194 2.326185 3.466561 0.009711 0.010594 0.014299 8.078115 0.009325 
0.003896 0.003246 5.372011 0.003419 0.003335 0.006208 6.253759 0.004880 
1.164143 0.009550 0.008995 4.640252 0.010920 0.009380 8.065396 0.009103 
0.004829 2.319497 0.004516 4.624313 0.004642 0.004636 8.065513 0.008550 
0.005025 0.004657 3.482103 4.622768 0.005271 0.005783 8.057277 0.008053 
0.003707 0.003178 0.003151 7.159995 0.007729 0.003366 6.259141 0.003320 
1.160571 0.006924 0.006200 0.006729 5.783280 0.012768 8.084766 0.006455 
0.006397 2.319174 0.007022 0.006963 5.781525 0.008756 8.072058 0.012179 
0.006955 0.006604 3.481617 0.015443 5.781799 0.006691 8.061562 0.006752 
0.006213 0.005931 0.005930 4.631095 5.773975 0.006083 8.085326 0.006069 
0.004273 0.004196 0.004177 0.010361 8.949367 0.004175 6.262566 0.004458 
1.160297 0.006063 0.006125 0.007742 0.007652 6.944913 8.079273 0.009161 
0.006255 2.316063 0.006887 0.005541 0.005828 6.947968 8.067406 0.006819 
0.004284 0.003936 3.481803 0.005561 0.004082 6.918301 8.070760 0.004480 
0.010027 0.016171 0.009492 4.655767 0.009903 6.937107 8.044664 0.009708 
0.005369 0.004325 0.004325 0.004328 5.787382 6.927306 8.079920 0.007306 
0.004932 0.003385 0.003384 0.004442 0.003660 10.739771 6.256744 0.003402 
0.898666 0.003294 0.003995 0.003044 0.003175 0.003074 12.520499 0.004291 
0.004225 1.794995 0.005247 0.004286 0.003869 0.003856 12.521509 0.005490 
0.003482 0.003213 2.694714 0.003688 0.003232 0.005494 12.515581 0.003636 
0.007544 0.006914 0.006912 3.605777 0.007287 0.009199 12.510311 0.006936 
0.005351 0.004307 0.004298 0.004308 4.476817 0.005467 12.526007 0.005381 
0.003820 0.003144 0.003122 0.003177 0.003091 5.370959 12.524291 0.003103 
0.002355 0.002466 0.002352 0.002579 0.002354 0.002375 14.002352 0.002462 
1.802667 0.014546 0.016239 0.029661 0.015763 0.019608 0.014641 7.180609 
1.162059 2.312589 0.008204 0.008715 0.009376 0.007929 0.011780 9.267126 
0.003591 3.581836 0.003841 0.006298 0.004517 0.004759 0.003588 7.153186 
1.161729 0.006176 3.475464 0.007137 0.010344 0.011288 0.006303 9.222068 
0.007055 2.313858 3.467981 0.007896 0.006869 0.006970 0.006878 9.259982 
0.004674 0.003853 5.377930 0.003865 0.003915 0.003972 0.004423 7.119052 
1.158836 0.006038 0.005484 4.631471 0.007379 0.005270 0.009343 9.235117 
0.005789 2.317343 0.005444 4.631432 0.005977 0.005429 0.006728 9.217713 
0.005421 0.005037 3.482441 4.618078 0.005699 0.005038 0.005310 9.218575 
0.003770 0.003186 0.003188 7.160686 0.004630 0.003333 0.004965 7.150249 
1.162555 0.010405 0.007202 0.008379 5.776580 0.010170 0.008522 9.243529 
0.005249 2.319602 0.005218 0.005801 5.783802 0.005071 0.008654 9.212616 
0.005360 0.004984 3.478878 0.009167 5.774511 0.005130 0.005460 9.222683 
0.004340 0.004322 0.004322 4.627172 5.764144 0.004524 0.012326 9.255671 
0.004422 0.003785 0.003792 0.003791 8.954134 0.003792 0.005443 7.139716 
1.162566 0.008435 0.006049 0.006543 0.007534 6.941777 0.005986 9.216381 
0.006201 2.316824 0.003764 0.008041 0.004765 6.944636 0.009581 9.208293 
0.004456 0.009731 3.478508 0.005162 0.005212 6.927712 0.005656 9.221617 
0.004898 0.004862 0.019794 4.630961 0.005698 6.936825 0.004953 9.222741 
0.009678 0.010212 0.010288 0.008980 5.802952 6.931217 0.017522 9.221507 
0.005189 0.003779 0.003777 0.003778 0.003779 10.740865 0.004932 7.148610 
1.163177 0.006859 0.006566 0.007692 0.007678 0.006586 8.095897 9.220495 
0.004078 2.317807 0.006300 0.004168 0.004723 0.003742 8.062869 9.249143 
0.005517 0.005002 3.478517 0.005641 0.005006 0.005079 8.082564 9.223551 
0.005234 0.004404 0.004402 4.625945 0.008431 0.004666 8.077838 9.247328 
0.005178 0.004640 0.004678 0.004633 5.785940 0.009248 8.088790 9.228295 
0.006538 0.005646 0.005646 0.005650 0.005649 6.934643 8.093598 9.236413 
0.006318 0.004516 0.004508 0.004507 0.004522 0.004541 12.524729 7.163923 
0.912187 0.024404 0.039178 0.024115 0.026304 0.025551 0.024109 14.359610 
0.004701 1.795697 0.004443 0.005000 0.004599 0.004645 0.008887 14.309800 
0.004611 0.004194 2.692981 0.008436 0.004214 0.004242 0.004301 14.307657 
0.003603 0.003256 0.003255 3.580687 0.003779 0.003360 0.003390 14.314365 
0.003208 0.002872 0.002888 0.002872 4.471421 0.002920 0.002910 14.316575 
0.004556 0.004539 0.004572 0.004538 0.004538 5.374660 0.005086 14.313000 
0.005814 0.004953 0.004910 0.004899 0.004899 0.004898 6.255540 14.321639 
0.004226 0.002490 0.002449 0.002443 0.002432 0.002394 0.004256 16.002386 
1.923667 0.430555 0.615042 0.880876 1.080802 1.220020 1.536107 1.768916 
1.358424 2.683583 0.793455 1.119328 1.350915 1.658913 1.852034 2.013573 
0.217340 3.879623 0.660081 0.861944 1.010654 1.262640 1.369392 1.627196 
1.347623 0.492409 4.048070 1.152260 1.387965 1.623296 1.875008 2.027401 
0.276692 2.685457 4.058276 1.104655 1.293204 1.561452 1.846471 2.217184 
0.221777 0.440678 5.817537 0.873992 1.055396 1.274260 1.475978 1.724113 
1.377699 0.550227 0.771231 5.559416 1.340715 1.597578 1.887638 2.213160 
0.282809 2.711099 0.792673 5.451704 1.341974 1.617076 1.897909 1.983626 
0.277051 0.548979 4.049153 5.375201 1.372852 1.673728 1.846963 2.096336 
0.216406 0.426792 0.651132 7.707761 1.057029 1.289210 1.469054 1.701729 
1.359060 0.480538 0.777737 1.123562 6.735527 1.700759 1.833686 2.378630 
0.281628 2.741689 0.790995 1.124829 6.868028 1.680055 1.925294 2.228990 
0.285381 0.535941 4.105829 1.100956 6.888696 1.618931 1.947898 2.111897 
0.268760 0.533140 0.801322 5.386758 6.728837 1.611139 1.899826 2.051803 
0.215617 0.409509 0.751844 0.855997 9.677891 1.000305 1.531446 1.679916 
1.356287 0.539047 0.812349 1.063653 1.375780 8.061739 1.945717 2.181452 
0.289608 2.742232 0.815078 1.116108 1.410550 8.244103 1.867460 2.162681 
0.280760 0.530537 4.124097 1.134499 1.347594 8.157939 1.913659 2.017042 
0.288991 0.532745 0.319229 5.627880 1.437241 8.039953 1.627262 1.891723 
0.295152 0.571279 0.863051 1.132621 6.930373 8.279325 1.944016 2.210059 
0.216936 0.437862 0.647239 0.863168 1.077705 11.569670 1.488816 1.641095 
1.368388 0.566098 0.789630 1.102381 1.283781 1.668819 9.562193 2.249506 
0.290104 2.748686 0.790760 1.101294 1.247412 1.680758 9.613187 2.197815 
0.265341 0.530792 4.138760 1.044458 1.378922 1.642362 9.517923 2.221863 
0.294071 0.518671 0.875166 5.584551 1.277694 1.494418 9.447690 2.422847 
0.281757 0.538508 0.821607 1.124787 6.874153 1.598060 9.604702 2.070367 
0.284950 0.565280 0.833848 1.079201 1.354997 8.354901 9.635648 2.254981 
0.220168 0.451876 0.656310 0.830430 1.093064 1.343492 13.671351 1.771343 
1.366585 0.586455 0.781483 1.089063 1.370193 1.625939 1.900665 11.041443 
0.230079 2.745567 0.713578 1.063593 1.274332 1.591442 1.763336 10.677666 
0.273562 0.577572 4.147169 1.174263 1.250967 1.600677 1.888951 11.071842 
0.283423 0.517482 0.837177 5.527464 1.348356 1.555078 2.025512 11.041380 
0.279486 0.554546 0.822850 1.068301 6.902835 1.624907 1.928050 10.984818 
0.274938 0.564421 0.847930 1.098878 1.369670 8.222554 1.837799 10.918679 
0.259346 0.571202 0.859127 1.145455 1.442958 1.530940 9.462374 10.786323 
0.334768 0.174017 0.838758 0.334471 0.466674 0.509024 0.929990 15.915257 
