2.221218 0.221422 0.236980 0.221330 0.223039 
2.188269 0.797809 0.214662 0.212617 0.210024 
2.048055 1.824223 0.216699 0.217655 0.217350 
1.643055 2.886543 0.173951 0.181841 0.173478 
1.085023 3.712620 0.163530 0.166344 0.163464 
0.476439 4.102481 0.156704 0.158004 0.155497 
0.113378 4.113261 0.114960 0.137572 0.115841 
2.190394 0.214260 1.079137 0.219750 0.211519 
2.145270 0.954763 1.325647 0.215014 0.219199 
1.854291 2.170346 1.419937 0.172459 0.173165 
1.280988 3.351752 1.514482 0.163871 0.161762 
0.589386 3.933984 1.383323 0.131725 0.141130 
0.112908 4.045123 1.192641 0.137254 0.110967 
2.071168 0.213663 2.436674 0.221009 0.213893 
1.877862 1.130289 2.981427 0.176802 0.175717 
1.410496 2.448723 3.388375 0.169674 0.167230 
0.668365 3.407391 3.101001 0.118090 0.123597 
0.113618 3.767182 2.555674 0.117152 0.171886 
1.724062 0.196698 4.042498 0.192328 0.190671 
1.342844 1.189985 4.747180 0.161397 0.160642 
0.692657 2.356366 4.767975 0.116006 0.116906 
0.071125 3.012582 4.136855 0.105019 0.071505 
1.152818 0.161149 5.367132 0.161866 0.164514 
0.625277 1.065681 5.747852 0.122286 0.119323 
0.082667 2.009526 5.338673 0.091281 0.081847 
0.598367 0.163213 6.017288 0.163761 0.166780 
0.074953 0.892582 5.946995 0.076496 0.074674 
0.022658 0.026556 6.022603 0.026196 0.035349 
2.188841 0.222287 0.215179 1.504503 0.221270 
2.139884 0.973386 0.213498 1.674619 0.211632 
1.836385 2.159401 0.165981 1.998165 0.179217 
1.274338 3.367457 0.169173 2.018460 0.171002 
0.567573 3.923073 0.119425 1.803776 0.121300 
0.116062 4.057358 0.118245 1.479850 0.126984 
2.141587 0.213857 1.307486 1.742998 0.212887 
1.979698 1.181184 1.550144 2.065232 0.167783 
1.522955 2.647874 1.817563 2.397039 0.165719 
0.708162 3.644245 1.664997 2.200659 0.116957 
0.115934 3.931809 1.346493 1.863729 0.115931 
1.883385 0.184386 3.006795 2.089924 0.184123 
1.566501 1.380221 3.664395 2.450792 0.169768 
0.799434 2.744225 3.734591 2.512441 0.124556 
0.065075 3.390987 3.058982 2.017128 0.078921 
1.349780 0.157940 4.757695 2.064793 0.166334 
0.760113 1.254581 5.271864 2.342401 0.116778 
0.065992 2.351305 4.737462 2.130554 0.067201 
0.610761 0.118249 5.764363 1.965770 0.117699 
0.021752 1.053882 5.646466 1.889592 0.021849 
0.024031 0.036071 5.908815 1.572712 0.027682 
2.055675 0.208724 0.208423 3.274079 0.239574 
1.879882 1.116729 0.178162 3.938315 0.179387 
1.405032 2.432569 0.161649 4.473357 0.161133 
0.669198 3.401393 0.119585 4.126983 0.121569 
0.114721 3.761318 0.114965 3.395461 0.115971 
1.876030 0.173546 1.532880 3.957131 0.173299 
1.557398 1.355810 1.828045 4.918240 0.168107 
0.807111 2.756205 1.874524 4.951432 0.123228 
0.067862 3.392367 1.543981 4.055624 0.089127 
1.446798 0.159370 3.415188 4.472057 0.159609 
0.811298 1.407214 3.763896 5.032927 0.084942 
0.061363 2.487293 3.426268 4.569377 0.061289 
0.710657 0.116258 4.877745 4.358661 0.120295 
0.043341 1.222203 4.809959 4.291598 0.043350 
0.027715 0.030966 5.390525 3.611225 0.028482 
1.686286 0.183066 0.182002 5.453192 0.182038 
1.327408 1.176457 0.165711 6.351872 0.165299 
0.684601 2.364172 0.116955 6.328224 0.118052 
0.069548 3.027134 0.113795 5.454675 0.080642 
1.348530 0.163529 1.557964 6.330019 0.168910 
0.733744 1.284040 1.735004 6.889939 0.079554 
0.065551 2.338783 1.561689 6.337982 0.065385 
0.694970 0.117387 3.243428 6.542273 0.117182 
0.056304 1.213946 3.249638 6.420774 0.056491 
0.026706 0.029153 4.253170 5.698936 0.030648 
1.141971 0.168744 0.169734 7.157668 0.168891 
0.631632 1.100905 0.121115 7.599310 0.119519 
0.086395 1.984281 0.086741 7.127196 0.088319 
0.604827 0.112597 1.450934 7.656733 0.112496 
0.054884 1.058967 1.431750 7.577779 0.055090 
0.033316 0.033339 2.707884 7.194197 0.034937 
0.523078 0.160197 0.160113 8.025792 0.173679 
0.071092 0.875530 0.078027 7.907004 0.070908 
0.042572 0.042126 1.202301 7.890700 0.042425 
0.028083 0.029206 0.028090 8.028073 0.028081 
2.189473 0.218502 0.220424 0.217295 1.772887 
2.141911 0.966931 0.217115 0.217322 2.142243 
1.837062 2.162163 0.167020 0.189470 2.454934 
1.279224 3.346942 0.163226 0.164649 2.494651 
0.587024 3.946717 0.138003 0.139377 2.192066 
0.114964 4.058240 0.121009 0.118043 1.788031 
2.143773 0.214699 1.308456 0.215012 2.121202 
1.978947 1.186306 1.616870 0.170176 2.606455 
1.525992 2.645727 1.801119 0.167126 2.992173 
0.701873 3.635632 1.651182 0.114564 2.753251 
0.115463 3.926567 1.349199 0.115007 2.335958 
1.877655 0.185684 2.990800 0.180198 2.561284 
1.553519 1.368531 3.664834 0.162541 3.064235 
0.799665 2.762392 3.696326 0.116916 3.114345 
0.067188 3.389435 3.073159 0.073109 2.493041 
1.353896 0.162966 4.732617 0.169061 2.685085 
0.749335 1.311027 5.256434 0.122363 2.906823 
0.069882 2.348807 4.754693 0.078015 2.619750 
0.624124 0.137385 5.791055 0.133482 2.377113 
0.019997 1.038625 5.648598 0.020861 2.364968 
0.040407 0.045751 5.925428 0.044300 1.987886 
2.134559 0.207488 0.207175 1.765662 2.031541 
1.986973 1.192826 0.177645 2.108333 2.594952 
1.518484 2.645191 0.164513 2.425302 2.934454 
0.706404 3.636561 0.117416 2.196766 2.784376 
0.116395 3.931589 0.118731 1.839303 2.210061 
1.984515 0.170131 1.563195 2.137417 2.617849 
1.711031 1.496368 2.026966 2.700784 3.366919 
0.882596 3.079570 2.092086 2.789641 3.465118 
0.069597 3.616532 1.662253 2.210375 2.741019 
1.561788 0.160195 3.662278 2.463860 3.069364 
0.882626 1.541337 4.174008 2.788074 3.436487 
0.067125 2.734104 3.715596 2.507407 3.108207 
0.762916 0.112585 5.247423 2.396516 2.931577 
0.048230 1.297527 5.206710 2.325166 2.901442 
0.023424 0.023918 5.680679 1.895288 2.393184 
1.891132 0.183239 0.182937 3.927025 2.450790 
1.543622 1.375197 0.164777 4.888023 3.071986 
0.790593 2.742291 0.119301 4.972504 3.105449 
0.068668 3.403397 0.079503 4.004093 2.576243 
1.553722 0.163971 1.856023 4.901421 3.080306 
0.886186 1.538265 2.056092 5.557918 3.524548 
0.074395 2.760846 1.838675 4.942604 3.083477 
0.825733 0.116486 3.842016 5.128070 3.206434 
0.065965 1.429140 3.857947 5.055518 3.154208 
0.032085 0.032525 4.838094 4.312960 2.711614 
1.344962 0.161561 0.161286 6.267703 2.742162 
0.749469 1.302372 0.117201 6.962268 2.940432 
0.080609 2.363297 0.080854 6.304960 2.705490 
0.757111 0.118572 1.790832 7.007377 2.918337 
0.070058 1.312095 1.722308 6.989925 2.885281 
0.036572 0.035876 3.273879 6.433833 2.653235 
0.613137 0.127370 0.127568 7.671530 2.391960 
0.022770 1.053012 0.030226 7.520724 2.371388 
0.025399 0.020873 1.442085 7.562823 2.368386 
0.040520 0.040815 0.040516 7.889590 1.973787 
2.053780 0.210950 0.210113 0.212455 4.084890 
1.869004 1.118165 0.165733 0.164043 4.814256 
1.408707 2.449607 0.165167 0.170228 5.504642 
0.662743 3.399541 0.118593 0.117237 5.123641 
0.113654 3.765739 0.117664 0.122486 4.189935 
1.882899 0.183638 1.489777 0.193338 4.962432 
1.558083 1.383852 1.857287 0.174494 6.072701 
0.800978 2.737316 1.873324 0.117755 6.177463 
0.065653 3.395023 1.527055 0.068636 5.042740 
1.439129 0.165235 3.406090 0.165895 5.659302 
0.809146 1.407460 3.779843 0.084835 6.248661 
0.073161 2.513060 3.423642 0.097227 5.694661 
0.707200 0.115970 4.884679 0.115011 5.405062 
0.044302 1.211136 4.804163 0.052455 5.387738 
0.033050 0.034961 5.403174 0.047980 4.490693 
1.855344 0.166034 0.164868 2.050866 4.959354 
1.539592 1.380048 0.161853 2.468455 6.071936 
0.804326 2.736257 0.130577 2.519131 6.213558 
0.066632 3.388319 0.067678 2.113960 5.014532 
1.556987 0.164340 1.818813 2.423183 6.142045 
0.898973 1.548051 2.091154 2.782124 6.956533 
0.055523 2.722795 1.839958 2.452791 6.194801 
0.826800 0.117890 3.860465 2.557601 6.360825 
0.067637 1.421326 3.828729 2.564318 6.353085 
0.038841 0.039245 4.846382 2.142119 5.411135 
1.444526 0.165525 0.165452 4.548970 5.547994 
0.799430 1.402438 0.078443 5.037929 6.206164 
0.065166 2.551060 0.074605 4.468991 5.631590 
0.811539 0.091739 1.907316 5.061992 6.346337 
0.090118 1.442854 1.916926 5.132051 6.380243 
0.049690 0.049718 3.529044 4.674669 5.788944 
0.704138 0.119072 0.118819 6.470564 5.444419 
0.048722 1.194911 0.052160 6.437952 5.337940 
0.048824 0.047635 1.649265 6.466343 5.386002 
0.024970 0.024934 0.025305 7.186548 4.480980 
1.703288 0.188832 0.187875 0.192450 6.706111 
1.334447 1.179623 0.169251 0.166291 7.870254 
0.696482 2.353843 0.115457 0.114629 7.871164 
0.073730 3.042626 0.089078 0.119339 6.773967 
1.346229 0.163584 1.575078 0.168747 7.876949 
0.736758 1.272904 1.733846 0.076735 8.589227 
0.068052 2.343985 1.561743 0.090481 7.903481 
0.689162 0.112680 3.231696 0.116328 8.153320 
0.058474 1.224871 3.242688 0.062132 8.015732 
0.033390 0.033582 4.285297 0.041017 7.088474 
1.334668 0.164524 0.168243 2.151649 7.876262 
0.741855 1.292927 0.076769 2.312040 8.550809 
0.063660 2.369809 0.064615 2.054195 7.846116 
0.747650 0.081630 1.748939 2.348610 8.630273 
0.086908 1.312655 1.746405 2.350821 8.742708 
0.038615 0.037273 3.226373 2.190010 8.066314 
0.692071 0.115290 0.115061 4.314714 8.120094 
0.059905 1.212837 0.060561 4.317804 8.020087 
0.065452 0.063294 1.633057 4.312289 8.122140 
0.033752 0.038607 0.029034 5.707259 7.073179 
1.151414 0.163348 0.163999 0.166884 8.855574 
0.616525 1.071961 0.116807 0.117037 9.496640 
0.071447 1.988987 0.073364 0.076041 8.847352 
0.637731 0.114220 1.440155 0.120077 9.506751 
0.056995 1.077442 1.434747 0.059757 9.449474 
0.031626 0.031632 2.725393 0.033467 8.967043 
0.637892 0.112636 0.113254 1.873885 9.506069 
0.055159 1.076296 0.058225 1.919384 9.437671 
0.061902 0.061860 1.465556 1.933437 9.498684 
0.031643 0.031603 0.031113 3.627699 8.963479 
0.526042 0.164963 0.163857 0.164084 9.997793 
0.067237 0.900010 0.067815 0.072231 9.847064 
0.021512 0.021467 1.203565 0.028817 9.825433 
0.036056 0.035368 0.034475 1.561677 9.850562 
0.027990 0.030025 0.027963 0.028003 10.027944 
