1.186456 4.566692 1.009227 1.014168 1.018665 1.022937 1.029257 0.995713 
1.157312 4.034668 1.056393 1.494939 1.282727 1.144904 1.178655 0.972142 
1.309985 2.517947 3.722546 1.012099 1.016714 1.020833 1.024028 0.996290 
1.014308 2.381351 3.723613 1.071695 1.099501 1.158893 1.176559 2.732330 
0.990256 2.208050 3.433247 1.381805 1.188904 1.277848 1.329581 2.661384 
1.077847 0.996935 6.708922 1.010197 1.013979 1.019476 1.022842 0.998250 
1.034254 0.991633 6.750773 1.032777 1.035459 1.043613 1.053858 0.991848 
1.234939 2.437999 1.001352 5.123135 1.011811 1.014369 1.018872 0.997437 
0.950591 2.351818 1.016919 4.872523 1.289687 1.373987 1.475122 0.980778 
1.169544 0.995154 3.636833 4.693611 1.024079 1.029607 1.037542 0.994289 
0.953442 1.017362 4.291013 3.688332 1.302026 1.229060 1.283248 1.008560 
1.095244 0.996460 0.996663 8.549099 1.016533 1.019654 1.023931 0.997285 
1.082621 0.973781 0.975550 8.005522 1.304110 1.145648 1.177882 0.970472 
2.141850 1.000662 1.003004 1.007806 5.186735 1.021969 1.024709 0.996335 
2.078149 1.000467 1.003055 1.007973 4.960509 1.023752 1.773179 0.995655 
1.202010 2.528629 1.003662 1.008516 5.995417 1.036851 1.044881 0.993607 
0.962015 1.865877 0.988858 3.423296 4.938696 1.251458 1.298352 0.965892 
1.188060 0.996196 3.481533 1.005168 5.822159 1.023749 1.029268 0.999299 
1.194467 0.999124 3.333404 1.017874 5.747959 1.086316 1.104382 0.983170 
1.180467 0.990529 3.442252 1.012494 5.777329 1.059882 1.072093 0.992159 
1.157048 0.996212 0.996582 4.561177 5.680728 1.022680 1.027332 0.996306 
1.042021 0.908260 0.943024 3.907571 5.169732 1.510359 1.655426 0.891615 
1.042932 0.968335 0.969760 0.971266 10.217161 1.168398 1.206495 0.965889 
0.989812 0.988046 1.212164 0.990142 10.232915 1.057744 1.424021 0.988632 
1.233828 2.457894 1.002805 1.004345 1.006601 7.108786 1.026398 1.000727 
0.876157 1.984606 1.016745 1.115652 1.469256 5.862967 2.124296 1.096146 
1.165520 0.995140 3.551749 1.006435 1.009645 6.773619 1.035486 0.995484 
0.969035 1.008333 3.628996 1.047893 1.245820 6.116786 1.484100 1.345954 
1.090618 0.958835 0.962490 4.371251 1.075116 6.513750 1.287980 0.952743 
0.999132 1.157228 0.972939 4.134558 1.096768 7.069284 1.201993 0.971327 
1.011532 0.905316 0.913349 0.922376 5.180677 6.241382 1.651333 0.891535 
0.986507 0.983064 1.159859 0.985159 5.754950 6.692529 1.101275 1.095817 
0.969118 0.891628 0.898368 0.906198 0.914353 11.479548 1.718130 0.880503 
1.049671 0.972914 0.981048 0.989756 0.986490 12.241571 1.177012 0.972131 
1.029773 0.936141 0.949285 0.964080 0.963625 11.733808 1.428086 0.930237 
2.274937 1.000854 1.002989 1.006178 1.007006 1.009471 5.977046 0.998562 
2.131835 1.007494 1.040063 1.052510 1.075502 1.099600 6.009657 0.966758 
1.327756 2.606818 1.002531 1.004686 1.006606 1.008460 6.986072 0.996835 
0.979731 3.152909 1.034522 1.169691 1.130406 1.177733 5.984420 0.967051 
1.328542 2.607074 1.002393 1.004387 1.006167 1.007888 6.986069 0.997071 
1.230417 0.992320 3.785376 1.014194 1.020374 1.026255 6.645834 0.990043 
1.033394 0.866509 2.809024 1.161907 1.284821 1.427627 6.703830 0.827913 
1.010148 0.851528 2.710125 1.170750 1.308881 1.471836 6.710501 0.809262 
0.986686 0.844943 0.870502 4.107610 1.368605 1.553691 5.816477 0.806048 
0.954817 0.826761 0.854046 3.804566 1.659818 1.605105 5.847524 0.786394 
0.864343 0.759353 0.802318 0.859311 4.965634 1.868322 5.545749 0.703169 
0.942283 0.931001 0.931483 1.179978 6.953828 1.208591 5.643000 0.930377 
0.753418 0.672927 0.752766 0.868639 1.033739 5.777861 5.499747 0.583742 
0.859117 0.742000 0.806955 0.895281 1.013539 6.192833 5.299975 0.661472 
0.447485 0.462975 0.571327 1.061003 3.221326 4.440109 4.365153 0.440854 
0.468841 0.460990 0.730872 0.688920 3.255918 4.094964 4.401409 0.623550 
0.790777 0.693542 0.786458 0.920202 1.109278 1.374841 10.127278 0.590226 
1.003132 0.864312 0.897132 0.924848 0.948737 2.294513 11.047510 0.918064 
0.057685 0.088212 0.212294 0.513890 1.219937 3.050401 6.660419 0.483308 
0.114095 0.140078 0.252006 0.507780 1.396633 3.349157 6.320693 0.605573 
2.537152 1.002102 1.005205 1.008100 1.014231 1.014136 1.018633 4.517849 
2.346964 1.030938 1.019593 1.255489 1.096636 1.069878 1.076309 4.818447 
1.473491 2.946176 1.005374 1.008537 1.014749 1.015102 1.019785 5.233275 
1.377688 2.660706 1.055337 1.095957 1.140609 1.184592 1.232989 5.060588 
1.416453 0.997293 4.179092 1.009712 1.013837 1.018413 1.021125 5.005166 
1.236248 0.930142 3.368969 1.168929 1.259420 1.360096 1.469559 4.899533 
0.948437 2.097968 3.204292 1.137227 1.200743 1.268357 1.340366 4.185555 
0.953740 2.126013 3.247240 1.126164 1.183314 1.242752 1.307181 4.194396 
1.378101 0.996037 0.997302 5.467632 1.021370 1.023347 1.028810 4.821891 
1.087496 0.875573 0.907631 3.919638 1.394091 1.741739 1.801226 4.643283 
0.939609 2.062137 0.998201 4.104445 1.240793 1.326038 1.410193 3.865432 
0.948073 2.106032 1.000121 4.177335 1.210038 1.277435 1.355834 3.894750 
1.359219 0.995671 0.996976 0.998284 6.694098 1.024361 1.029681 4.829256 
1.209359 0.930089 0.950296 0.972623 5.879959 1.347447 1.451858 4.731567 
1.237002 0.944686 0.960338 0.977398 0.995827 7.505837 1.366083 4.583001 
1.244810 0.945277 0.961353 0.978879 0.997814 7.670373 1.378087 4.272806 
1.005154 0.804926 0.897413 1.020378 1.181382 1.391089 6.373310 4.197225 
1.292728 0.917640 0.969454 1.030194 1.317993 1.459899 6.234928 4.334263 
0.929304 2.108037 1.042491 1.049160 1.104876 1.154313 6.247773 4.242715 
0.932928 2.126267 1.043041 1.046640 1.099162 1.144794 6.222886 4.317887 
0.198430 0.234663 0.411444 0.559102 0.994017 3.547421 4.907564 3.088670 
0.336534 0.340096 0.560085 0.616026 0.909864 4.129435 4.034767 4.130243 
0.140454 0.176963 0.314619 0.525006 1.039624 2.114231 6.695014 2.576414 
0.229342 0.263847 0.389959 0.500732 1.305652 1.803404 7.353555 2.671619 
1.685103 0.998405 1.000278 1.002174 1.004024 1.006011 1.008212 11.383755 
1.337942 0.978372 0.985362 0.993421 2.408376 1.038060 1.051464 11.313532 
0.927514 2.321119 1.025601 1.087326 1.152962 1.230848 1.308877 8.596161 
0.932395 2.357560 1.025940 1.087071 1.146049 1.220175 1.291195 8.602896 
0.091334 0.116772 0.205283 0.370952 0.769321 1.633686 4.606031 6.403027 
0.185443 0.212547 0.317223 0.525372 0.785250 1.431743 5.084382 6.501674 
0.025459 0.025488 0.025589 0.025848 0.026443 0.027792 0.030842 16.012795 
0.027826 0.029624 0.035733 0.051457 0.087445 0.169084 0.353673 15.260801 
2.674898 1.003197 1.007150 1.179673 1.394328 1.528265 1.375804 1.346605 
2.521506 1.009581 1.023346 1.522673 1.430771 1.577415 1.451095 1.333949 
1.492639 2.940155 1.072366 1.129184 1.470910 1.759898 1.522894 1.339027 
1.002745 3.327771 1.174784 1.316538 1.470631 1.659080 1.854057 0.868599 
1.019062 4.294926 1.014677 1.023108 1.044249 1.040584 1.076113 3.164541 
1.403461 0.959373 4.218118 1.204366 1.288189 1.561458 1.479108 1.390286 
0.964698 1.009169 3.854578 3.360640 2.650556 1.174178 1.213766 1.018374 
0.933562 2.136391 3.299794 1.203517 1.299340 1.432970 1.538719 2.621365 
0.979312 2.191442 3.428181 1.163962 1.236077 1.342865 1.415851 2.644876 
1.391620 0.955290 0.981406 5.471636 1.315140 1.547527 1.527524 1.348315 
0.964164 0.837083 2.053984 3.726742 1.704980 1.900717 2.241513 1.265723 
0.892575 1.989013 1.004452 4.218415 1.492969 1.690782 1.919682 1.268991 
0.828357 1.676568 0.974241 3.622387 1.654375 2.126651 2.384377 1.184201 
0.840506 0.949624 2.913185 3.903297 1.521586 1.728483 1.970752 1.074464 
0.838461 0.949443 2.919935 3.917906 1.533214 1.745451 1.994324 0.928049 
0.922640 0.927667 1.123069 7.663958 1.296570 1.409573 1.461905 1.018618 
0.925196 0.930009 1.120065 7.702501 1.288422 1.398184 1.446624 1.021183 
1.406370 0.958582 0.983417 1.044668 6.828594 1.611160 1.499877 1.302889 
0.908801 0.910271 0.958628 1.146052 8.436333 1.362718 1.466913 3.007433 
0.880772 2.016440 1.025039 1.172755 4.878262 1.772825 2.036282 1.200607 
0.899662 2.060946 1.012242 1.101299 4.724786 1.608551 1.810653 2.344149 
0.811176 0.933934 2.798571 1.124587 4.710944 1.846753 2.152888 1.081714 
0.843761 0.979452 2.942879 1.113616 4.886140 1.718825 1.956943 1.115048 
0.772832 0.790518 1.005710 3.532843 4.573465 1.964398 2.342608 1.065202 
0.853384 0.978532 0.870135 4.429748 4.502125 1.699537 1.911203 0.863553 
0.879542 0.934353 0.883655 1.201132 9.064903 1.562325 1.759474 0.951579 
0.940706 0.941525 0.957058 1.408374 9.639510 1.327594 1.353152 1.052792 
1.392930 0.953963 0.981644 1.104945 1.267140 8.095334 1.550173 1.310037 
1.940031 0.999517 1.033476 1.016707 1.025528 6.889923 1.101111 0.983438 
0.866499 1.951615 1.013297 1.110740 1.228599 6.225619 2.149047 1.102220 
0.778593 1.564817 0.972747 1.140033 1.545036 5.562006 2.815340 0.697523 
0.770902 0.911616 2.649241 1.150054 1.313071 5.586255 2.404561 1.062698 
0.962319 1.234680 3.013910 1.033962 1.058947 5.866202 1.241967 3.038668 
0.719499 0.743863 0.996349 3.350692 1.348525 5.423139 2.650820 1.088331 
0.769965 0.792648 1.052537 3.681267 1.317242 5.689518 2.393876 0.771221 
0.688369 0.696890 0.770365 1.092921 4.295803 5.443523 2.825557 1.052220 
0.661462 0.643868 0.906708 0.750630 4.200335 4.902030 3.173682 0.987446 
0.720724 0.725758 0.787951 1.091059 1.310742 9.410583 2.641690 1.037672 
0.701476 0.709589 0.784954 1.087481 1.329301 9.305125 2.783228 0.801803 
1.398311 0.936691 0.999895 1.102908 1.432382 1.607107 7.522082 1.356742 
1.713779 0.998930 2.680137 1.007357 1.008681 1.011643 5.977824 0.997803 
0.703734 1.428187 0.989187 1.249291 1.615582 2.124453 5.304737 1.075056 
0.967861 2.089231 0.995396 1.064639 4.063801 1.174595 5.983208 0.968196 
0.640888 0.825739 2.251751 1.262156 1.610311 2.093583 5.222499 1.096904 
0.971065 1.600478 3.144822 1.075082 1.070045 1.094400 6.954953 1.059791 
0.569160 0.619892 0.962478 2.997767 1.660822 2.252719 5.196647 0.994553 
0.965734 1.012320 1.237828 5.084309 1.068060 1.090184 6.654783 0.965026 
0.471001 0.519255 0.702203 0.983753 3.863288 2.530855 5.063071 0.974430 
0.455640 0.587727 1.006590 1.021512 2.646862 2.914064 4.608478 0.477770 
0.318762 0.388486 0.619338 0.695718 1.072347 5.075276 5.040191 0.961350 
0.738906 0.867664 1.178982 0.875539 0.942819 5.411637 6.955358 0.824692 
0.322184 0.372042 0.585838 0.851461 1.059120 1.694999 9.032019 1.002873 
0.448990 0.630121 1.118377 1.125516 1.677692 2.594663 5.869536 0.427678 
1.591220 0.971047 1.050031 1.284987 1.567302 1.715769 1.631798 5.706843 
2.336887 1.031815 1.023923 1.263335 1.062018 1.083706 1.095073 4.797419 
0.899845 2.475819 1.094924 1.225762 1.381784 1.562757 1.776522 4.931105 
0.958799 3.098630 1.081499 1.241082 1.254015 1.338145 1.426492 4.745274 
0.802733 0.976825 3.444884 1.251027 1.432234 1.649281 1.909552 4.528137 
0.966947 2.014372 3.150738 1.148936 1.219047 1.295595 1.394074 4.184989 
0.744279 0.771788 1.085086 4.283694 1.495173 1.780251 2.131697 4.429958 
0.964582 1.633110 0.975735 5.016484 1.159583 1.203466 1.240683 4.772899 
0.690543 0.702595 0.817569 1.178141 5.311103 1.900193 2.364288 4.382819 
0.682642 0.695985 0.818359 1.201320 5.203016 1.920114 2.403097 4.350330 
0.617545 0.626948 0.699893 0.961263 1.202374 6.572932 2.662213 4.431890 
0.840620 1.675825 0.966242 1.051926 1.156785 5.134398 1.967184 4.079163 
0.333870 0.389076 0.539094 0.831713 0.999625 1.564973 6.478213 4.406622 
0.782372 1.039810 0.838928 0.866995 0.904571 2.011610 8.722366 4.116721 
0.459557 0.513089 0.805741 1.085806 1.159060 1.519680 2.176524 9.299717 
0.845662 1.738220 0.977006 1.074879 1.181460 1.319514 1.476665 9.345881 
