2.106138 0.524711 0.196665 0.804196 0.396854 0.139697 0.250055 0.587163 0.309734 0.184005 
0.872590 3.543602 1.558427 0.113129 1.126071 0.371654 0.076352 1.724444 1.217772 0.301270 
0.404587 4.043781 0.136072 0.806533 0.137629 0.132374 0.579947 0.232329 0.291279 0.342949 
1.750038 0.418481 3.472603 0.592407 0.966541 0.132056 0.241762 0.256142 1.347219 0.184354 
1.261032 2.108004 3.938029 0.166225 0.467279 0.210691 0.805353 1.574785 1.315905 0.174487 
0.127143 3.902764 1.894994 0.115382 1.089134 0.397959 0.236776 0.120286 0.287810 0.167973 
0.878695 0.136797 5.580479 0.804785 0.095629 0.186239 0.102489 0.141428 0.095990 0.141020 
0.135922 2.641937 4.699956 0.122020 0.614901 0.108852 0.735012 0.427618 0.579246 0.111738 
1.992810 0.211648 0.093970 2.472808 0.426115 0.091119 0.086851 0.478558 0.195899 0.098712 
0.234607 3.880174 0.580037 2.494425 0.102035 0.209695 1.010529 0.221944 0.169890 0.330552 
0.235017 2.247249 3.494792 4.944017 0.211805 0.097106 1.024649 1.741246 0.207170 0.107854 
0.107018 0.256943 4.975799 4.700101 0.213924 0.190507 0.704895 0.103099 0.461851 0.333564 
0.966590 0.164195 0.402316 7.311079 0.432525 0.112304 0.108038 0.499613 0.585843 0.124846 
0.222105 1.885895 0.709811 7.095356 0.421077 0.208660 0.459774 1.029994 0.573080 3.137109 
0.088284 0.222571 0.097968 8.068594 0.084518 0.192345 0.550604 0.204417 0.189695 0.313027 
1.275127 2.243327 0.482106 0.665825 5.683366 1.106039 0.072559 0.143208 0.112696 0.166700 
0.221738 3.509174 0.674626 0.188466 5.289468 0.621280 0.246385 0.132609 0.298436 0.246744 
1.138370 0.297850 3.573901 0.139269 6.474546 0.689531 0.244467 0.427181 0.485718 0.135763 
0.339131 2.409133 3.893844 0.143352 5.248515 0.690874 0.247131 0.429082 0.287624 0.122262 
1.197912 0.282334 2.097261 4.986508 4.648026 0.116139 0.765585 0.495102 0.450907 0.139520 
0.185898 2.317130 0.479504 5.324833 5.290623 0.622201 0.130303 0.133520 0.284756 0.247641 
0.155635 0.092775 3.430173 4.321824 6.424585 0.098942 0.761996 0.477951 0.299005 0.122322 
0.122727 0.219384 0.124966 6.874580 5.413071 0.105229 0.395340 0.308517 0.394924 0.200063 
0.118846 1.333254 0.102074 0.107620 9.594808 0.113204 0.738314 0.429954 0.582547 0.115582 
0.356548 0.161290 3.007891 0.133106 8.695271 0.160161 1.296977 0.983727 0.372491 0.179180 
0.123514 0.130317 0.088541 4.468293 8.451951 0.089066 0.277945 0.213734 0.202885 0.119880 
0.090069 0.085517 0.217492 0.710702 10.038056 0.233958 0.638789 0.089066 0.292001 0.122588 
1.267062 2.305815 1.085147 2.572028 0.140153 6.005237 0.580827 0.298640 0.219912 0.122781 
0.817961 0.161414 4.978828 0.752553 1.115907 5.332386 2.020642 0.171257 0.210999 0.171501 
0.196809 2.658953 2.952820 0.149435 0.362410 7.509715 0.255812 0.933473 0.532722 0.152773 
0.187244 1.177111 5.603567 0.258789 0.132982 3.583424 0.229378 0.925259 0.149161 0.147779 
1.126816 0.360968 0.125113 4.794956 0.167438 7.613128 0.194081 0.127725 0.476835 1.552977 
0.213768 0.842778 1.006965 6.978837 1.109889 5.472405 0.799183 0.242004 0.217083 0.129147 
0.764263 0.474220 0.541186 0.141007 6.070873 8.944443 0.140138 0.536161 0.243356 0.491138 
0.143548 1.393602 0.520524 0.129096 5.938662 9.050528 0.132290 1.057771 0.230505 0.857469 
0.095326 0.113062 0.235934 3.208470 5.184769 9.300951 0.095148 0.306672 0.193148 0.359960 
0.102250 0.405963 0.096461 0.225249 8.349304 6.803772 0.226188 0.103827 0.107885 0.143041 
1.182037 0.286541 0.896245 0.100942 0.104239 10.043071 0.140478 0.202259 0.178296 0.190271 
0.094583 1.442412 0.411664 0.308210 0.090768 11.322861 0.190230 0.092467 0.471277 0.130553 
0.179473 0.102204 3.553486 0.297614 0.151981 9.828350 0.083690 0.219211 0.993593 0.430433 
0.125471 0.105886 0.814980 0.083177 0.082934 11.987645 0.205208 0.103693 0.084680 0.150017 
0.333905 3.398340 0.352196 0.229170 0.206420 0.113356 7.855253 0.792420 0.222294 0.324153 
1.377462 0.224352 2.704612 0.478722 0.147363 0.122910 9.023235 0.247660 1.341377 0.178511 
0.209216 1.970565 2.699958 0.227900 0.169460 0.241846 10.783915 1.008219 0.206942 0.107626 
0.911073 0.425499 0.287599 3.479721 0.190952 0.804007 11.104374 0.115070 3.073789 0.253703 
0.160255 2.576759 1.618231 4.647384 1.497472 0.136209 6.668351 0.155505 0.207035 0.123997 
0.168883 0.530691 3.736390 4.788113 0.204433 0.316685 7.321382 0.193594 0.189525 0.122066 
0.069111 0.186539 0.077651 7.047805 0.065818 0.160112 6.863865 0.186588 0.171607 0.294940 
1.427479 0.353993 0.135324 0.724359 5.403740 0.125029 7.640453 0.161370 0.228660 0.156337 
0.216470 2.382767 1.376369 1.318499 5.303628 0.218337 8.203988 0.142938 0.496524 0.173783 
0.148021 0.146495 2.784692 1.065942 5.138770 0.401823 8.775955 6.454377 0.236753 1.469480 
0.426487 0.141986 0.498023 5.489918 5.661405 0.183299 6.285829 0.120339 0.612956 0.336966 
0.128862 0.355052 0.095944 0.094049 9.813585 0.107168 3.243351 0.112468 0.278387 0.160902 
1.237250 0.387985 0.126440 0.144249 0.152500 6.909961 8.424036 0.128087 0.476789 1.552931 
0.105968 0.659084 3.440950 0.097697 0.134735 6.347309 8.889892 1.012239 0.186113 0.328717 
0.095377 0.443999 2.197372 3.660347 0.127806 6.340340 8.882907 1.006746 0.183120 0.322109 
0.140690 0.936567 0.422962 0.531079 3.898250 9.459874 6.363200 0.124726 0.391292 0.174672 
0.146228 0.783185 0.801916 0.211464 2.395299 10.269179 6.144667 0.252594 1.343671 0.180806 
1.115698 0.533610 0.377416 0.885207 0.109756 0.133934 11.848097 0.102040 2.355027 0.343902 
0.256123 2.162345 0.356752 0.886004 0.104426 0.128795 11.935530 0.097200 0.224583 0.338510 
0.088738 0.308236 2.290958 0.336426 0.199131 3.992630 12.245562 0.116375 0.092765 0.135671 
0.088953 0.094129 0.263667 4.567037 0.096158 0.121824 11.546052 0.087983 2.340969 0.329844 
0.083966 0.997215 0.337191 0.091578 4.401295 0.086716 12.217606 0.988448 0.953319 0.844589 
0.101378 0.095171 0.090228 0.103564 0.095134 0.090160 14.077031 0.665760 0.479308 0.241896 
1.932205 0.441515 0.084050 0.169542 0.111926 0.093023 0.196490 6.003446 0.494006 0.150205 
0.321182 0.443319 5.216384 0.111127 0.329034 0.476576 0.081297 7.969132 0.234334 0.182391 
1.283106 0.186459 0.128907 4.978615 0.385363 0.121345 0.408954 8.683568 0.474302 0.333506 
0.097128 0.241931 2.859241 0.084066 7.676053 0.347828 0.081455 7.273685 1.224551 0.313601 
0.462097 0.086476 0.168144 5.830953 5.399998 0.073230 0.498188 6.417551 0.186438 0.302870 
0.233968 0.170094 0.177156 0.112205 8.789133 0.166633 0.113784 7.929584 1.255994 0.345043 
0.186646 2.971862 0.092371 0.585342 0.107629 5.081893 0.403412 8.814774 0.294689 0.095213 
0.295194 0.242812 3.341301 1.112453 0.297436 7.758099 0.270545 8.527133 0.474359 1.443015 
0.089216 0.604577 0.216259 3.675093 0.085383 6.885360 0.341956 8.426869 7.796397 0.306568 
0.582640 0.678196 0.437601 0.086127 5.400276 6.610528 0.410144 9.141884 2.141090 0.309253 
0.658804 0.563479 0.362854 0.287954 0.085409 10.534078 1.046692 5.834232 0.480978 0.123894 
0.119431 0.112224 4.024958 1.478599 0.141183 0.366848 8.590296 6.691703 0.631692 1.434892 
0.109588 0.209019 0.153520 4.346668 0.111427 0.107854 9.896585 7.484752 2.356676 0.342886 
0.151792 0.131006 0.116971 0.117039 6.964884 0.126625 6.629637 9.027079 0.382755 1.367600 
0.084309 0.177545 0.072184 0.891831 2.227406 7.829549 4.895571 10.258057 0.355768 0.103803 
0.173182 0.200380 2.135180 0.320066 0.192565 3.591257 11.379182 6.093754 1.042264 0.145868 
0.116113 1.270275 0.645509 0.112513 0.113399 0.198308 0.199107 15.353222 0.290963 0.171127 
0.144680 0.150297 3.200512 0.744246 0.325063 0.160454 0.112090 13.745117 0.575711 0.562165 
0.094340 0.124994 0.104008 3.788852 1.564091 0.600784 0.274703 14.046920 0.438227 0.952013 
0.107263 0.215185 1.526130 0.084823 4.075747 0.215919 0.076313 14.166272 1.219295 0.302721 
1.851613 1.175709 1.077307 1.341335 0.426043 0.116894 0.107180 0.151335 6.259274 0.119075 
1.446060 2.218678 1.181115 0.299379 0.364232 1.116665 0.104739 0.445830 8.389635 1.697769 
0.286069 3.433822 0.150871 0.356577 0.394225 0.462321 0.128423 0.501888 10.040534 1.481770 
1.226535 0.275488 3.777318 0.783460 0.216157 1.094034 0.371157 0.095834 9.619228 0.308976 
0.131709 0.133500 5.312919 0.423246 0.838580 0.144562 0.422414 0.208885 8.795795 0.151499 
0.973242 1.137595 0.460979 3.517554 0.197364 0.193722 0.127692 0.931895 13.430066 0.949054 
0.353098 0.216979 0.269667 6.684146 1.152773 0.180688 0.633676 0.091089 9.686114 0.216292 
0.890510 0.277841 0.779199 0.116936 7.256427 1.072931 0.336011 0.102120 10.039393 0.169694 
0.162128 0.176609 2.557751 3.218774 4.776104 0.101577 0.591561 0.381657 12.215648 0.159943 
0.091060 0.096420 0.313967 4.725529 6.671540 0.201185 0.664975 0.101261 8.684457 0.266344 
0.118582 0.112387 0.226674 0.676036 9.114441 0.244728 0.387437 0.113641 7.796664 0.184986 
1.450412 0.375484 0.132358 0.355723 0.236126 5.905336 0.211503 0.216885 10.079994 0.173314 
0.302199 2.618684 0.124367 0.109831 0.222157 5.566368 1.390741 4.825297 9.767062 0.170689 
0.114092 0.446484 0.207410 4.410034 1.810353 7.504491 0.636595 0.096580 9.688972 0.237931 
0.124401 0.348916 0.136043 0.663969 6.651560 7.371779 0.398033 0.460327 8.159394 0.167206 
1.146239 0.295037 1.360266 0.627770 4.572152 0.216275 7.221700 0.150246 8.765206 0.185484 
0.301766 2.860908 0.317041 0.372761 0.119303 0.117587 6.579911 0.684936 10.005356 0.180467 
0.109510 0.167636 3.746048 0.705557 0.125603 0.184235 7.814966 0.187259 9.892684 3.429470 
0.079568 0.096791 0.389741 4.906188 0.096209 0.589507 7.955935 0.085285 10.171596 0.255200 
0.254195 1.998307 0.264605 0.302579 5.702185 0.219161 6.933493 0.727787 8.691350 0.302703 
0.072323 0.075323 0.071091 0.101380 0.069119 0.085312 11.727525 0.156827 10.031266 0.221982 
1.492024 0.677589 0.132706 0.127602 0.309032 0.118656 0.113647 7.258906 10.046189 0.555141 
0.253168 2.919757 0.138669 0.270788 0.344740 0.124628 0.119620 7.264878 10.052162 0.561113 
0.329522 0.378807 3.878249 0.734743 0.119096 0.181336 0.099576 7.503020 9.579429 6.011593 
0.081788 0.088922 0.130960 3.827719 0.149041 0.572240 0.257290 12.191889 8.211642 0.940814 
0.721814 0.255663 0.635904 0.158344 5.766084 0.783534 0.284395 8.242942 10.037921 0.168223 
0.763566 0.598793 0.206726 0.758562 0.203684 6.283893 1.998069 9.950940 8.119400 0.650549 
0.099998 0.136052 0.883495 0.116243 0.156381 2.303080 1.546684 13.991192 7.777109 0.092607 
0.815488 0.498942 0.081182 0.356529 0.111213 0.080846 0.082957 0.810209 16.674054 0.095098 
0.335150 0.188446 2.777575 0.432862 0.361326 0.114344 0.368223 0.205777 16.062873 0.381323 
0.096938 0.099682 0.285050 0.297230 0.116147 3.479217 0.142378 0.097570 17.346651 0.155760 
0.080473 0.080369 0.101973 0.078970 0.078974 0.343615 0.591581 0.098445 18.062287 0.136209 
1.473328 0.331083 2.174205 0.124167 0.106748 0.154880 0.082019 0.089354 1.057710 12.475734 
0.164298 0.172824 4.797201 1.073244 0.112749 0.188086 0.114807 0.150770 0.479950 12.344974 
0.153521 2.102583 0.099709 4.825008 2.252564 5.160247 0.104522 0.143937 0.243851 8.362262 
0.086164 0.218352 3.004569 3.553536 1.986943 1.044954 0.613651 0.340301 0.220687 14.525164 
0.102261 0.495804 0.091395 1.045499 9.057375 0.214974 0.102783 0.142101 0.242015 8.360426 
0.181683 0.158481 2.811496 0.114190 0.163808 7.687606 0.111495 0.417441 0.183428 12.709070 
0.684578 1.182116 2.807963 0.101004 0.310822 0.154601 9.097071 0.887233 1.848290 9.248495 
1.293602 0.525186 0.112346 2.074439 0.344302 0.127660 0.470198 6.929872 0.656886 12.559273 
0.115938 0.111305 0.673961 4.916537 1.689761 0.743368 0.371873 7.370612 0.327769 12.675781 
0.126317 0.892050 0.262679 0.473773 0.516746 6.103443 3.810009 7.878920 0.308996 12.657342 
0.122564 0.105720 0.105762 0.105794 3.342587 0.110325 7.737368 7.473323 2.022535 12.346536 
1.350924 0.678012 1.253302 0.310009 0.339616 1.061500 0.664667 0.426682 7.989290 12.366026 
1.108720 0.466896 0.769650 0.975350 0.167845 1.831670 0.120733 0.123519 0.209656 16.901428 
0.290816 0.255205 2.297732 2.306977 0.141739 0.596906 0.155255 2.120995 0.176369 17.718938 
0.367489 0.204659 0.281467 0.333408 5.390345 0.150864 0.117908 0.120694 0.206831 16.898603 
0.196770 0.186353 0.783799 0.786504 0.152772 0.164019 0.157099 7.468460 0.191666 17.734235 
1.609398 2.536043 1.100414 0.776063 0.424309 1.318864 0.468562 0.467505 0.300038 0.259632 
1.563699 0.361614 3.617035 0.542388 2.855507 1.901584 0.099329 0.196503 1.264697 0.105746 
1.077215 0.676002 0.105584 6.592117 0.899089 2.334339 2.574257 0.478287 0.555597 0.241898 
0.222109 1.752429 2.077702 5.091107 1.029397 5.003279 1.875210 6.466841 0.224041 0.136316 
0.326962 0.372082 0.758533 7.605270 0.220379 3.599869 1.063222 1.788249 0.124960 0.138367 
1.195686 0.772638 0.713204 0.879385 7.210707 1.915083 0.315738 0.147444 6.494318 0.322862 
0.616042 3.191167 0.471443 2.109493 5.344536 0.109325 0.388528 0.312617 0.384387 0.158910 
0.310160 0.255653 3.531192 1.327667 0.139916 7.544466 4.074255 6.678059 0.634686 1.455079 
0.666594 0.124885 0.282255 4.948797 0.305991 8.935278 0.087009 0.478584 0.564814 0.103817 
0.612402 0.203464 1.014091 2.304559 5.963628 8.536378 0.787113 0.856627 0.473647 1.463855 
1.521967 0.369887 1.976154 0.443035 0.166944 0.225929 9.034565 0.262868 1.349432 0.189752 
0.694216 0.463145 0.242032 4.162110 0.193163 0.105766 11.105845 0.147250 3.077945 0.255466 
0.492708 0.353453 0.081998 2.865466 4.693033 2.412769 10.599285 0.135540 2.180289 0.227217 
0.094748 0.302534 1.347580 2.219542 0.114076 8.115055 9.292410 1.008635 0.185012 0.331815 
0.102333 0.311745 2.203358 0.338639 0.207653 3.826836 11.700535 0.128699 5.492329 0.149445 
0.594491 0.286550 4.754901 0.689993 0.420701 0.128686 0.575713 9.386891 0.509631 0.390447 
0.698834 0.449493 1.571812 2.813314 6.914288 0.361801 0.084908 8.072720 1.060126 0.166212 
1.680275 1.073595 0.988362 0.419902 0.625232 1.771444 0.306144 0.150989 9.721514 0.333494 
0.523043 2.946938 0.107085 1.910469 2.282910 0.106379 0.103739 0.106896 10.777932 0.149666 
0.611761 0.486886 0.433591 1.217429 0.171684 5.312580 1.706652 8.398715 9.342781 8.344747 
0.113707 0.126889 1.690748 2.118328 3.126679 1.336249 0.420550 0.092234 15.769059 0.126762 
0.243213 3.173912 0.098020 0.267966 0.576835 0.097029 0.304810 0.383486 0.647583 12.635128 
0.258457 0.289774 0.547631 5.131153 0.187366 2.449752 2.217554 1.262328 1.280634 14.641801 
0.098903 0.114657 0.223796 2.864105 3.493716 7.062196 0.697085 0.258987 0.172978 13.153905 
