1.178331 4.640700 1.000297 1.000446 1.000603 1.000829 1.000926 1.001099 1.001453 0.999861 
1.173300 4.625309 1.001226 1.002376 1.002467 1.003154 1.003726 1.004346 1.005174 1.085645 
2.226594 1.000068 3.316617 1.000452 1.000594 1.000805 1.001012 1.000998 1.001159 0.999867 
2.168135 1.001099 3.224552 1.183192 1.024143 1.030371 1.036634 1.043284 1.049010 1.000788 
1.295512 2.543399 3.794645 1.000511 1.000631 1.000845 1.000965 1.001079 1.001233 0.999932 
1.282506 2.492204 3.717055 1.057768 1.028578 1.035961 1.043273 1.050695 1.058179 0.992814 
1.132991 0.999760 6.594553 1.000853 1.001126 1.001524 1.001776 1.002019 1.002485 0.999856 
1.122799 0.987596 6.263939 1.040649 1.054896 1.069581 1.209744 1.099991 1.115399 0.985741 
2.172090 1.000028 1.000199 4.306803 1.000616 1.000843 1.001072 1.001110 1.001333 0.999850 
2.157903 1.000028 1.000205 4.363114 1.000676 1.000917 1.001161 1.001215 1.001454 0.999838 
1.266031 2.491477 1.000095 4.948068 1.000778 1.000932 1.001114 1.001067 1.001337 0.999856 
1.005620 2.928230 1.026899 4.882882 1.020912 1.026319 1.038129 1.037366 1.042684 1.115217 
1.209491 0.999845 3.551329 4.754602 1.000923 1.001093 1.001370 1.001461 1.001613 0.999808 
1.103524 0.999909 0.999922 8.583025 1.000418 1.000585 1.000870 1.000749 1.000937 0.999909 
0.989551 0.994268 1.070637 8.637201 1.040751 1.051277 1.103211 1.076713 1.083811 0.994418 
2.151621 1.000041 1.000153 1.000269 5.234589 1.001076 1.001344 1.001432 1.001708 0.999882 
1.979975 1.001292 1.021185 1.041808 4.874605 1.170182 1.209138 1.249294 1.291039 0.985473 
1.241225 2.447390 1.000191 1.000473 6.166000 1.001477 1.001620 1.001873 1.002186 0.999745 
1.199079 0.999715 3.490318 1.000417 5.842590 1.001961 1.002339 1.002543 1.003077 0.999714 
1.163442 0.999899 0.999933 4.564993 5.722515 1.000743 1.000798 1.000891 1.001242 1.000215 
1.085682 0.999848 0.999861 0.999882 10.567010 1.000943 1.001004 1.001178 1.001340 0.999834 
2.129218 1.000098 1.000175 1.000289 1.000324 6.217315 1.001125 1.001244 1.001595 0.999914 
1.237429 2.439192 1.000209 1.000588 1.000403 7.247781 1.001587 1.001918 1.002000 0.999776 
1.190971 0.999993 3.464946 1.000200 1.000309 6.917216 1.001202 1.001388 1.001575 0.999826 
1.150307 0.999820 0.999860 4.532723 1.000389 6.792309 1.001348 1.001521 1.001742 0.999806 
1.140849 0.999158 0.999228 0.999305 5.558349 6.657791 1.005930 1.006886 1.007949 0.999020 
1.033826 0.976124 0.976913 0.977731 0.978557 12.148872 1.148005 1.175312 1.203255 0.974692 
0.993518 0.984274 0.984350 1.416908 0.988836 11.988310 1.093579 1.110172 1.127041 0.984218 
2.105719 1.000026 1.000198 1.000283 1.000415 1.000629 7.249927 1.001694 1.001970 0.999848 
1.236875 2.423026 1.000114 1.000235 1.000366 1.000558 8.350523 1.002198 1.002355 0.999826 
1.006564 3.089980 1.029557 1.006059 1.008939 1.011866 7.363077 1.037203 1.042490 0.994808 
1.172075 0.999768 3.472525 1.000285 1.000444 1.000619 8.015881 1.001978 1.002372 1.000008 
1.154095 0.999793 0.999825 4.469778 1.000390 1.000588 7.841222 1.001726 1.001977 0.999759 
1.138746 0.989219 0.989810 4.338244 1.020030 1.027049 7.722521 1.135200 1.106968 0.986635 
1.071520 0.967420 0.969561 0.971771 5.317378 1.073644 7.431094 1.250947 1.292951 0.963388 
1.007214 0.928884 0.932768 0.936967 0.941479 6.082578 7.129414 1.522447 1.624461 0.922041 
0.980029 0.924874 0.927696 0.930792 0.934050 0.937607 13.302805 1.535480 1.641349 0.919837 
2.101995 1.000023 1.000131 1.000283 1.000349 1.000477 1.000614 8.175133 1.001792 0.999807 
1.226727 2.409433 1.000132 1.000148 1.000269 1.000335 1.000490 9.541456 1.001320 0.999935 
1.012658 2.991914 1.085449 1.014921 1.047109 1.029637 1.037082 8.126521 1.104963 0.986910 
1.180350 0.999820 3.433548 1.000276 1.000363 1.000505 1.000609 9.058726 1.001857 1.000192 
0.973577 0.956900 3.363901 1.031284 1.050770 1.072362 1.096285 9.367086 1.353447 1.014902 
1.154398 0.999034 0.999126 4.437767 1.001783 1.002376 1.002958 8.851658 1.009351 0.998855 
1.142550 0.990108 0.991041 4.339940 1.017568 1.023634 1.029760 8.801124 1.093807 0.988298 
1.001968 0.925056 0.929121 0.933527 5.064889 1.155568 1.207060 8.214569 1.657300 0.917851 
0.937611 0.879232 0.884978 0.891405 0.898694 5.885365 1.320606 7.914797 2.041801 0.869806 
0.903815 0.847865 0.855605 0.864646 0.875135 0.887263 6.835693 7.826571 2.314779 0.835665 
0.937223 0.864446 0.873167 0.883212 0.894719 0.907884 0.922894 14.546343 2.196730 0.850431 
2.224536 1.000056 1.000199 1.000636 1.000426 1.000554 1.000696 1.001031 7.968052 0.999801 
2.227428 1.001311 1.004758 1.008212 1.012100 1.015242 1.018663 1.022533 7.680438 0.994504 
1.301974 2.570747 1.000184 1.000341 1.000504 1.000693 1.000875 1.001283 9.200681 0.999717 
1.252374 0.999853 3.643226 1.000288 1.000385 1.000494 1.000716 1.000722 8.790641 0.999804 
1.114756 0.949183 0.955410 4.425025 1.107923 1.148523 1.191468 1.237061 8.110516 0.937831 
0.876296 0.808089 0.822618 0.840317 4.749488 1.444486 1.645713 1.885669 7.195035 0.786698 
0.794276 0.739682 0.760511 0.787563 0.822340 5.518513 1.835894 2.212431 6.989521 0.712528 
0.953694 0.899550 0.903636 0.908103 0.913069 6.572145 1.299618 1.383244 8.592958 0.914377 
0.821403 0.763040 0.781356 0.810262 0.835029 0.872044 6.814560 1.991883 7.978064 0.737979 
0.838187 0.770089 0.790948 0.823778 0.854709 0.893865 6.656570 1.979654 7.973112 0.741824 
0.740676 0.686073 0.720387 0.767572 0.848849 0.981329 1.053261 7.960259 7.456065 0.646135 
0.788126 0.721204 0.753585 0.796746 0.872114 0.994290 1.044234 8.129554 7.370915 0.681696 
0.285278 0.295829 0.342092 0.504500 0.717050 0.869661 3.681856 4.279974 6.636969 0.633514 
0.757716 0.685723 0.738572 0.823092 0.945647 1.066403 1.261761 1.522251 13.262142 0.623860 
0.069278 0.079443 0.119446 0.190912 0.366707 0.752200 1.580537 4.242286 8.728170 0.580921 
2.545461 1.000127 1.000256 1.000414 1.001091 1.000786 1.000832 1.001381 1.001132 5.529948 
1.507078 2.916722 1.000221 1.000428 1.000576 1.000672 1.000816 1.000912 1.001103 6.332602 
1.426811 0.999903 4.187914 1.000377 1.000547 1.000778 1.000816 1.000978 1.001286 6.093371 
1.389899 0.999792 0.999862 5.457841 1.001056 1.001347 1.001517 1.002178 1.002205 5.936078 
1.375759 0.996962 0.997910 5.338987 1.013276 1.016979 1.069049 1.024822 1.028337 6.057085 
0.982154 2.445925 1.005012 4.063003 1.086907 1.111792 1.137896 1.164576 1.192280 4.424801 
0.991714 1.048822 3.349255 4.192855 1.025798 1.033026 1.074225 1.047174 1.054703 4.446179 
1.365814 0.999874 0.999953 1.000002 6.737063 1.000836 1.000896 1.001446 1.001221 5.856849 
0.931764 1.903800 0.983864 1.016202 4.758470 1.315392 1.408621 1.509523 1.619972 4.399878 
1.359959 0.999869 0.999913 0.999945 0.999981 7.967210 1.000903 1.001097 1.001423 5.779245 
1.049882 1.670560 0.986946 1.014893 1.048688 5.669246 1.392911 1.483155 1.833222 4.448567 
0.928870 1.905725 0.983712 1.016334 1.052015 5.702593 1.414924 1.511381 1.622993 4.477936 
0.933255 1.939938 0.989577 1.017950 1.052164 5.812531 1.402615 1.493864 1.599508 4.269757 
1.246234 0.962150 0.971363 0.981095 0.991309 1.002113 8.752240 1.274859 1.326588 5.495852 
0.938428 2.001783 0.990833 1.023396 1.055081 1.091993 6.631175 1.460087 1.556549 4.521117 
0.979023 2.300689 1.001177 1.015232 1.025519 1.038997 7.109453 1.180079 1.210340 4.407160 
0.998555 0.988868 0.989622 3.971018 1.046975 1.014901 6.959549 1.062860 1.072668 4.553719 
1.114312 0.899111 0.922144 0.948368 0.978463 1.011951 1.050079 9.424075 1.838844 5.182223 
0.988657 0.934743 0.937062 2.131835 0.996140 1.011673 1.028579 10.061982 1.430617 4.927658 
0.917640 1.880382 0.981627 1.022085 1.063654 1.111339 1.164107 7.703552 1.720536 4.411069 
0.929547 1.937919 0.986509 1.022861 1.059301 1.100882 1.146457 7.772104 1.637350 4.424038 
0.951800 0.980505 2.917861 1.020011 1.038490 1.058947 1.081476 7.840974 1.321060 4.473771 
0.920786 0.774415 0.840574 0.928174 1.042960 1.192443 1.383566 1.628804 8.077517 4.922651 
0.889374 1.897240 0.992339 1.053930 1.129126 1.213787 1.328482 1.425790 7.252779 4.391332 
0.899091 1.955773 0.997573 1.055012 1.124925 1.202731 1.419742 1.405124 7.102857 4.402683 
0.888178 0.964477 2.895812 1.059979 1.117475 1.181430 1.255219 1.331006 7.089374 4.350576 
0.945556 1.020036 3.007960 1.056522 1.087564 1.109415 1.147322 1.187872 7.536393 4.471848 
0.930819 0.934083 1.021736 3.947875 1.088350 1.108276 1.145665 1.185034 7.536514 4.472711 
0.945985 0.943593 1.042786 4.043419 1.077519 1.089789 1.119407 1.150281 7.538386 4.486033 
0.949035 0.953006 0.949152 0.949201 1.144861 6.079164 1.132766 1.143006 7.234656 4.495854 
0.951471 1.024062 0.953598 0.954446 0.955568 6.093722 1.129576 1.138785 7.234384 4.497378 
0.184696 0.195411 0.238914 0.372619 0.465670 0.762685 1.334118 4.796211 6.315776 3.568906 
0.145595 0.155689 0.196216 0.314861 0.430570 0.752991 1.395495 2.659189 8.860205 3.129772 
0.343710 0.362770 0.452906 0.451981 0.551173 0.721051 1.639353 1.839827 10.528752 3.345197 
1.707759 0.999967 1.000010 1.000101 1.000128 1.000177 1.000247 1.000295 1.000441 13.915991 
0.912962 2.146610 1.013369 1.075894 1.146311 1.225845 1.315168 1.415438 1.527710 9.796729 
0.100473 0.107646 0.135844 0.198351 0.303564 0.551642 1.067043 2.122884 6.201944 7.707112 
0.091985 0.099016 0.126638 0.188293 0.296084 0.548855 1.078679 2.172685 6.204209 7.579232 
0.038457 0.038826 0.039996 0.042922 0.049678 0.064791 0.098134 0.190706 0.345985 19.327268 
0.052456 0.052827 0.053917 0.056620 0.062788 0.076381 0.105892 0.196002 0.329669 19.401975 
2.668549 1.000184 1.000341 1.000706 1.000654 1.286119 1.562504 1.708044 1.635019 1.432345 
1.499088 2.892569 1.053884 1.089939 1.124534 1.371173 1.617088 1.703841 1.702875 1.527612 
1.423303 0.974644 4.162479 1.107915 1.152078 1.323224 1.480632 1.764375 1.604254 1.485571 
1.373311 0.961200 0.980217 5.384800 1.227260 1.300953 1.433026 1.683237 1.562184 1.397391 
1.355223 0.958266 0.977174 0.997589 6.708478 1.315521 1.459700 1.704844 1.588817 1.390174 
0.844578 0.935209 2.614578 1.073972 4.369514 1.572354 1.780454 1.993867 2.250649 1.198871 
0.833852 0.842205 0.990402 3.346937 4.342059 1.589679 1.795671 2.033089 2.305674 1.191328 
0.844931 0.930931 0.856021 3.379655 4.372382 1.567266 1.862428 1.994887 2.251827 1.194246 
1.358966 0.954625 0.976814 1.000899 1.030036 7.914922 1.506371 1.652328 1.658517 1.381232 
0.935635 1.964653 0.991454 1.019310 1.052952 5.897177 1.398787 1.487864 1.591055 4.067914 
0.838946 0.932054 2.601165 1.066398 1.150274 5.376711 1.794504 2.030617 2.301530 1.135432 
0.811309 0.821940 0.984122 3.251806 1.163483 5.112591 1.880544 2.161281 2.488656 1.111636 
0.784130 0.785764 0.808177 1.055555 3.954279 4.894632 1.967128 2.300017 2.695879 1.113970 
1.342652 0.953358 0.974573 0.998022 1.024974 1.259389 9.386575 1.662820 1.656535 1.410013 
0.812229 0.909668 2.416410 1.061406 1.159111 1.275108 6.374349 2.180644 2.518230 1.164714 
0.772359 0.786078 0.964834 3.028059 1.182514 1.328417 5.872195 2.362530 2.792230 1.129404 
0.746824 0.749307 0.777704 1.050519 3.775701 1.350479 5.659906 2.483434 2.983691 1.127411 
0.721184 0.722259 0.732555 0.830848 1.091881 4.641105 5.569350 2.604010 3.182279 1.112289 
0.742756 0.742429 0.752248 0.844288 1.098540 4.814133 5.703619 2.503570 3.016533 1.133484 
1.341630 0.950423 0.973986 0.999868 1.114492 1.284748 1.278371 10.580245 1.706517 1.403588 
0.823333 1.627729 0.960369 1.073855 1.184761 1.335492 1.519766 6.611883 2.736886 2.089130 
0.771048 0.881492 2.260450 1.067582 1.194718 1.350680 1.540746 7.097440 2.855037 1.143000 
0.735247 0.752761 0.948151 2.882062 1.209939 1.392421 1.620224 6.732366 3.084972 1.110640 
0.826902 0.834346 1.005842 3.585824 1.187447 1.300947 1.432976 6.911101 2.546745 1.360908 
0.702884 0.706847 0.746620 1.036067 3.583582 1.412282 1.675278 6.553979 3.322214 1.135378 
0.672122 0.674071 0.691322 0.827306 1.060069 4.470643 1.712351 6.496099 3.557958 1.124646 
0.810942 0.811425 0.818862 0.918934 1.089564 5.732040 1.473027 6.954514 2.472732 1.280525 
0.639029 0.639805 0.646894 0.695121 0.913255 1.134573 5.555206 6.547801 3.803474 1.165276 
0.657078 0.658032 0.666267 0.722766 0.943859 1.129046 1.509194 11.399930 3.677296 1.092012 
1.343451 0.928416 0.981693 1.043285 1.114282 1.195988 1.530664 1.731052 9.687814 1.415752 
0.921052 0.894876 2.311292 1.008363 1.046765 1.089254 1.136214 5.122178 8.386158 0.890851 
0.759294 1.487815 0.985918 1.125540 1.333084 1.609897 1.967956 2.429499 6.293905 0.683174 
0.702623 0.845529 2.171093 1.128473 1.333193 1.605271 1.956539 2.406511 6.260788 0.736863 
0.695447 0.834910 2.118850 1.128572 1.329768 1.607449 1.967847 2.445458 6.289448 0.729606 
0.637728 0.670327 0.885675 2.530467 1.284924 1.590468 2.001162 2.546210 6.449737 1.121798 
0.538331 0.549842 0.625784 0.945818 2.875364 1.639886 2.212673 3.030832 5.947084 1.079170 
0.523546 0.535900 0.602733 0.897360 2.599785 1.553528 2.105269 2.900683 6.852441 1.062436 
0.499042 0.504340 0.536231 0.698360 1.083608 3.794416 2.219371 3.124789 6.171746 1.114059 
0.384235 0.395154 0.445216 0.662707 0.840340 0.902345 4.764649 3.632969 5.886546 1.129331 
0.288009 0.300246 0.354053 0.502086 0.732118 0.892730 1.389487 6.598488 6.468597 1.106865 
0.309494 0.320628 0.371329 0.557219 0.749624 0.897564 1.363868 2.158814 11.588191 1.098368 
1.600275 0.971804 1.028625 1.094639 1.204540 1.581812 1.701168 1.938582 1.761720 6.808357 
0.914505 2.450258 1.061231 1.155026 1.262795 1.386124 1.526724 1.686864 1.868530 5.844489 
0.833308 0.968164 3.275829 1.166110 1.291467 1.437316 1.606772 1.802733 2.029079 5.419590 
0.796305 0.812425 1.045975 4.059426 1.313926 1.488180 1.695934 1.941738 2.232142 5.196291 
1.003094 0.993622 0.994393 4.467812 1.050015 1.010813 6.249483 1.036384 1.041766 4.452154 
0.759157 0.762862 0.808214 1.138779 4.905085 1.534489 1.787772 2.096180 2.469322 4.995036 
0.710410 0.712637 0.736069 0.933942 1.093528 5.761149 1.878194 2.271501 2.764082 4.962349 
0.655937 0.657189 0.668080 0.744990 0.951661 1.244832 6.866404 2.438509 3.078388 5.017237 
0.661076 0.660150 0.661073 0.706304 0.817133 1.670601 6.692427 2.427589 3.056763 5.020788 
0.574932 0.576613 0.588223 0.659325 0.831214 1.048519 1.297884 8.277047 3.548708 5.036781 
0.320835 0.336158 0.401191 0.591207 0.616198 0.857172 1.276521 1.987003 8.485653 5.136979 
0.446533 0.458439 0.523826 0.817385 0.973386 1.090118 1.372157 1.915839 2.735863 11.288218 
