2.009239 0.012148 0.011497 0.009810 0.010130 0.012394 0.020936 0.009263 
1.798529 1.806027 0.016058 0.011711 0.011956 0.013273 0.019672 0.017308 
0.890872 3.598877 0.011112 0.009420 0.009389 0.018521 0.020558 0.009616 
0.013315 4.008744 0.025444 0.009840 0.009327 0.010740 0.017312 0.013073 
1.806504 0.018054 2.687175 0.015964 0.016169 0.026156 0.025518 0.023767 
1.165957 2.341218 3.478669 0.019842 0.018295 0.019825 0.030127 0.018254 
0.010154 3.590874 2.681397 0.011304 0.010724 0.016537 0.021538 0.040426 
0.910383 0.010150 5.367297 0.010981 0.010740 0.019688 0.022355 0.011013 
0.010864 1.811759 5.368175 0.011231 0.011738 0.011195 0.022965 0.016745 
0.007650 0.007503 6.007238 0.007563 0.009186 0.009379 0.017111 0.011551 
1.799791 0.016355 0.014240 3.616146 0.024997 0.015064 0.017085 0.019319 
1.147814 2.346856 0.021923 4.694990 0.017947 0.020777 0.026545 0.018034 
0.009934 3.587049 0.011536 3.590008 0.010813 0.010267 0.012241 0.017245 
1.167918 0.010570 3.451777 4.645940 0.010464 0.015727 0.027227 0.014538 
0.012287 2.326760 3.452162 4.653061 0.013097 0.015281 0.024652 0.012437 
0.012044 0.011918 5.366519 3.619602 0.012020 0.016724 0.024124 0.018412 
0.904677 0.015046 0.010333 7.164244 0.010601 0.012336 0.014197 0.010909 
0.007477 1.797143 0.007652 7.162076 0.008068 0.012986 0.011921 0.008911 
0.012236 0.015068 2.697095 7.166456 0.012244 0.024777 0.023820 0.018142 
0.008948 0.018731 0.008973 8.008904 0.009491 0.021900 0.017488 0.013409 
1.804584 0.014695 0.016888 0.014740 4.474309 0.020376 0.023023 0.020631 
1.159744 2.341952 0.019907 0.016586 5.805121 0.019280 0.024479 0.017087 
0.017213 3.599001 0.020587 0.016547 4.459088 0.018253 0.027173 0.016722 
1.165725 0.017366 3.505282 0.017172 5.780219 0.019164 0.026229 0.023885 
0.023279 2.320185 3.472204 0.016559 5.816373 0.019327 0.025506 0.021124 
0.014065 0.021133 5.377551 0.014202 4.496323 0.017733 0.023413 0.023601 
1.164685 0.019353 0.018347 4.681545 5.773838 0.018525 0.018562 0.028193 
0.015157 2.304496 0.013719 4.667708 5.783497 0.015474 0.018925 0.042526 
0.012714 0.015992 3.474313 4.647075 5.769063 0.022318 0.013071 0.044228 
0.009155 0.020574 0.009185 7.176710 4.450669 0.011797 0.017711 0.013615 
0.904517 0.013505 0.013317 0.012507 8.961770 0.014937 0.024754 0.019390 
0.015186 1.800007 0.019802 0.012816 8.958064 0.014455 0.020434 0.016857 
0.013850 0.014818 2.674163 0.013856 8.976851 0.015930 0.021808 0.017987 
0.011355 0.010241 0.010397 3.617925 8.935643 0.023348 0.014275 0.017603 
0.007857 0.012695 0.007137 0.007137 10.007123 0.009802 0.010276 0.014282 
1.796501 0.009213 0.010977 0.010702 0.008623 5.385876 0.024009 0.008596 
1.162670 2.325291 0.015326 0.014409 0.013341 6.965688 0.024163 0.017702 
0.012787 3.585512 0.012080 0.011737 0.010107 5.386939 0.025072 0.010042 
1.162901 0.014043 3.474206 0.015546 0.013999 6.981655 0.031506 0.013724 
0.010891 2.316782 3.482873 0.016746 0.010725 6.930867 0.022160 0.010422 
0.009954 0.010253 5.373332 0.012086 0.010018 5.389224 0.019116 0.010259 
1.159393 0.013284 0.020727 4.642438 0.012253 6.967976 0.016137 0.019600 
0.016910 2.336560 0.017692 4.614259 0.016063 6.935744 0.019061 0.047443 
0.008679 0.008389 3.447045 4.652315 0.008715 6.949490 0.017685 0.012018 
0.012011 0.007627 0.007566 7.157476 0.008028 5.390406 0.016084 0.012005 
1.166426 0.017696 0.016923 0.016531 5.758190 7.008184 0.027900 0.020666 
0.014647 2.325831 0.014401 0.014166 5.786269 6.929139 0.025099 0.012730 
0.012774 0.011918 3.465008 0.011356 5.783634 6.961072 0.023417 0.043418 
0.015776 0.014616 0.015217 4.650092 5.813854 6.879184 0.016573 0.015162 
0.008036 0.012156 0.010569 0.008647 8.946570 5.386662 0.032784 0.014105 
0.895944 0.010029 0.011415 0.017230 0.011056 10.767208 0.012919 0.032603 
0.014904 1.789066 0.016375 0.019301 0.013840 10.766662 0.028976 0.014001 
0.014450 0.014790 2.674388 0.015249 0.014805 10.770768 0.029542 0.015573 
0.012745 0.012745 0.016539 3.559337 0.013109 10.769071 0.027696 0.017237 
0.010035 0.009982 0.013830 0.009979 4.494330 10.735743 0.019671 0.016569 
0.010764 0.010732 0.010763 0.010696 0.010678 12.010674 0.020155 0.016664 
1.805097 0.016775 0.019165 0.017305 0.019023 0.019124 6.284798 0.017571 
1.167187 2.332468 0.017558 0.015904 0.016349 0.089898 8.094117 0.016570 
0.010067 3.586755 0.012288 0.010807 0.010348 0.012192 6.276452 0.014520 
1.160638 0.009911 3.484777 0.010094 0.010432 0.012191 8.094002 0.009996 
0.016828 2.318301 3.484366 0.011885 0.012381 0.011784 8.084479 0.019069 
0.011354 0.011669 5.374864 0.011577 0.012022 0.017678 6.286531 0.015651 
1.164590 0.018031 0.018370 4.669605 0.017868 0.019987 8.096394 0.017719 
0.015106 2.326236 0.013427 4.650294 0.022481 0.015854 8.052371 0.017696 
0.014349 0.014123 3.462659 4.689301 0.014340 0.015905 8.033754 0.020171 
0.010635 0.011795 0.018933 7.188928 0.014093 0.020951 6.190768 0.014042 
1.169488 0.014947 0.014778 0.018722 5.793168 0.015897 8.078469 0.013907 
0.013270 2.325223 0.014084 0.015081 5.801915 0.017664 8.048914 0.014501 
0.010919 0.011235 3.485073 0.011649 5.795351 0.013253 8.054427 0.015159 
0.012418 0.017390 0.021395 4.641058 5.792521 0.013639 8.066134 0.043934 
0.008314 0.012729 0.008957 0.007773 8.950202 0.010439 6.273883 0.014918 
1.165114 0.014390 0.022484 0.012494 0.012364 6.965428 8.077834 0.015533 
0.012307 2.316796 0.012157 0.009725 0.009622 6.958307 8.075087 0.015418 
0.012390 0.023704 3.481053 0.015760 0.011242 6.962618 8.051922 0.014283 
0.015051 0.013916 0.016061 4.632764 0.014482 6.954903 8.078840 0.066088 
0.012173 0.012268 0.012174 0.012233 5.773207 6.969746 8.078158 0.016304 
0.009469 0.009483 0.009677 0.019533 0.009480 10.739850 6.276822 0.024923 
0.902923 0.014225 0.013667 0.012229 0.012402 0.012208 12.546172 0.017911 
0.010785 1.806780 0.015929 0.012184 0.008689 0.013929 12.513735 0.012913 
0.009179 0.011628 2.679096 0.009282 0.008889 0.014010 12.545878 0.009958 
0.008488 0.009522 0.008832 3.605158 0.012192 0.013041 12.513726 0.040420 
0.015434 0.012372 0.020187 0.012305 4.444503 0.017709 12.562026 0.017565 
0.006898 0.006995 0.019049 0.011966 0.020795 5.373250 12.528949 0.007423 
0.006850 0.006850 0.006855 0.006863 0.006862 0.006850 14.006849 0.013853 
1.798268 0.011892 0.015083 0.012111 0.011993 0.013451 0.022813 7.201886 
1.161954 2.329439 0.013817 0.017545 0.014282 0.016057 0.018815 9.275543 
0.017885 3.594338 0.028214 0.014250 0.013791 0.015896 0.018095 7.141745 
1.161214 0.018913 3.491286 0.018805 0.017813 0.017309 0.025202 9.312988 
0.011511 2.310228 3.502330 0.011774 0.013448 0.021165 0.014791 9.219198 
0.010339 0.015430 5.366542 0.014722 0.010508 0.012898 0.021412 7.220472 
1.158883 0.016185 0.017581 4.677282 0.017599 0.020866 0.017877 9.262844 
0.012772 2.321506 0.013201 4.643496 0.013768 0.022712 0.021728 9.223090 
0.013250 0.013266 3.481243 4.635394 0.013711 0.022350 0.031916 9.233737 
0.011415 0.012435 0.016918 7.172410 0.016854 0.013639 0.021369 7.135249 
1.177072 0.022953 0.025094 0.031902 5.790248 0.046757 0.030472 9.258948 
0.012364 2.321337 0.023445 0.019064 5.758680 0.014228 0.018772 9.291190 
0.015180 0.017131 3.479314 0.013540 5.752766 0.015761 0.019984 9.300173 
0.008822 0.017772 0.008814 4.634636 5.774704 0.010767 0.018925 9.244431 
0.010865 0.010950 0.011024 0.011140 8.934904 0.013204 0.019261 7.230648 
1.173267 0.019542 0.020385 0.018218 0.023156 6.905176 0.021420 9.304943 
0.016732 2.325720 0.016383 0.016952 0.020328 6.902312 0.022508 9.302080 
0.008521 0.008597 3.474370 0.009369 0.009442 6.894187 0.014995 9.296836 
0.012152 0.012082 0.020922 4.636818 0.013098 6.920559 0.017240 9.263579 
0.009768 0.009770 0.016066 0.009768 5.807358 6.902842 0.026697 9.255432 
0.008214 0.008215 0.008833 0.015217 0.008616 10.752465 0.013312 7.133872 
1.163416 0.021024 0.018566 0.017933 0.018043 0.019666 8.121308 9.304697 
0.015745 2.335730 0.021334 0.014108 0.014521 0.020143 8.012976 9.297993 
0.011112 0.015294 3.480524 0.011825 0.016168 0.016454 8.066015 9.265639 
0.011889 0.011883 0.014731 4.638031 0.013124 0.021277 8.090957 9.238955 
0.010203 0.012439 0.013152 0.009931 5.794328 0.017002 8.067919 9.258496 
0.009205 0.009347 0.009385 0.009875 0.027147 6.938931 8.050149 9.292404 
0.007828 0.007829 0.007829 0.007828 0.007828 0.007851 12.504589 7.220602 
0.907413 0.016847 0.020297 0.016574 0.018245 0.016533 0.023511 14.341393 
0.018975 1.802131 0.010900 0.031477 0.010209 0.011075 0.015698 14.314394 
0.010452 0.014302 2.698638 0.011518 0.010616 0.010839 0.016051 14.314723 
0.012485 0.012940 0.012391 3.597690 0.015231 0.013796 0.013773 14.315624 
0.007063 0.010376 0.007101 0.008858 4.475168 0.008153 0.008485 14.321098 
0.008214 0.008214 0.008432 0.008306 0.008214 5.384605 0.013029 14.312488 
0.009856 0.009856 0.009865 0.010147 0.010017 0.009857 6.226417 14.345966 
0.008053 0.009535 0.010400 0.007953 0.008007 0.008802 0.038066 16.007913 
1.931729 0.453922 0.658799 0.675875 1.069145 1.252508 1.825608 1.784405 
1.348342 2.712461 0.790086 1.221299 1.307120 1.591926 1.707924 2.026247 
0.223193 3.888343 0.667476 0.814963 1.092377 1.267162 1.526027 1.628480 
1.373204 0.509286 3.962778 1.040624 1.396241 1.684760 1.926450 1.914970 
0.279566 2.753035 3.981171 1.071056 1.294189 1.697313 1.881664 1.967816 
0.229554 0.440806 5.799799 0.864495 1.094216 1.317691 1.566290 1.700602 
1.375256 0.530010 0.811585 5.470037 1.352454 1.634989 1.833750 2.340243 
0.246713 2.734118 0.750113 5.441556 1.307057 1.531348 1.822513 2.294634 
0.266410 0.465914 4.105533 5.479250 1.330044 1.113223 1.832545 2.008078 
0.225054 0.441489 0.636847 7.708818 1.060495 1.314072 1.487416 1.672325 
1.368450 0.557475 0.806807 1.078091 6.704466 1.696749 1.819550 2.254466 
0.275547 2.759419 0.786687 1.022048 6.700169 1.666659 1.972144 2.085789 
0.247748 0.523865 4.008287 1.040077 6.763929 1.766563 1.942468 2.252957 
0.263750 0.527234 0.833902 5.366656 6.792333 1.597003 1.882156 2.110863 
0.236008 0.465124 0.653259 0.887743 9.627864 1.234575 1.521473 1.764902 
1.353967 0.525937 0.745285 1.394293 1.282265 8.082218 1.899990 2.140120 
0.253222 2.739876 0.780110 1.078393 1.264745 7.975089 1.929676 2.148813 
0.273674 0.502953 4.104729 1.032213 1.436494 7.913735 1.927217 2.146964 
0.264732 0.554277 0.813855 5.409357 1.407524 8.181137 1.842141 2.046421 
0.261432 0.535286 0.827504 1.059087 6.711488 8.131486 1.880730 2.058752 
0.226160 0.452426 0.646272 0.868401 1.084532 11.600983 1.466047 1.637420 
1.359764 0.564604 0.802151 1.110889 1.301894 1.645418 9.459997 2.111562 
0.281187 2.717763 0.813362 1.089465 1.234277 1.609056 9.414185 2.206736 
0.281133 0.546339 4.039355 1.104699 1.361824 1.621094 9.437082 2.148899 
0.267276 0.519561 0.817825 5.408956 1.284594 1.578411 9.443567 2.205359 
0.240160 0.473091 0.717865 0.996599 6.797328 1.659701 9.602389 2.239748 
0.279658 0.560355 0.862696 1.083414 1.377545 8.088210 9.404743 2.182479 
0.213455 0.423941 0.664516 0.861699 1.074005 1.223037 13.515693 1.675065 
1.362560 0.464735 0.793351 1.054483 1.279878 1.589218 1.960047 10.901747 
0.249857 2.686008 0.810164 1.050717 1.276235 1.585744 1.926730 10.897424 
0.282879 0.553034 4.018949 1.152294 1.413487 1.700932 1.962237 10.796083 
0.268515 0.513303 0.834584 5.385129 1.303980 1.656276 1.792411 10.770206 
0.288005 0.576055 0.884651 1.143610 6.708651 1.622420 2.051223 10.729291 
0.252803 0.510711 0.786987 1.029661 1.366657 8.063411 2.104853 10.823083 
0.263922 0.541047 0.842878 1.077813 1.249722 1.658544 9.403880 10.782263 
0.214379 0.409493 0.643009 0.798487 0.970265 1.202950 1.443096 15.497283 
